NODE
1 0.0 0.0
2 1e-06 0.0
3 0.0 1e-06
4 -1e-06 0.0
5 0.0 -1e-06
6 9.951847266510796e-07 9.801714054396898e-08
7 9.807852803057503e-07 1.9509032250619455e-07
8 9.56940335505728e-07 2.902846780010698e-07
9 9.238795320883209e-07 3.826834333862198e-07
10 8.819212637105592e-07 4.7139673801922963e-07
11 8.314696113777252e-07 5.555702344036932e-07
12 7.730104520781537e-07 6.343932857289148e-07
13 7.071067795618851e-07 7.071067828112098e-07
14 6.343932825436539e-07 7.730104546922296e-07
15 5.555702315285759e-07 8.314696132988172e-07
16 4.713967354680391e-07 8.81921265074199e-07
17 3.826834311804497e-07 9.238795330019808e-07
18 2.9028467634019066e-07 9.569403360095502e-07
19 1.9509032141203588e-07 9.807852805233918e-07
20 9.801714003395092e-08 9.951847267013118e-07
21 -9.801714054396898e-08 9.951847266510796e-07
22 -1.9509032250619455e-07 9.807852803057503e-07
23 -2.902846780010698e-07 9.56940335505728e-07
24 -3.826834333862198e-07 9.238795320883209e-07
25 -4.7139673801922963e-07 8.819212637105592e-07
26 -5.555702344036932e-07 8.314696113777252e-07
27 -6.343932857289148e-07 7.730104520781537e-07
28 -7.071067828112098e-07 7.071067795618851e-07
29 -7.730104546922296e-07 6.343932825436539e-07
30 -8.314696132988172e-07 5.555702315285759e-07
31 -8.81921265074199e-07 4.713967354680391e-07
32 -9.238795330019808e-07 3.826834311804497e-07
33 -9.569403360095502e-07 2.9028467634019066e-07
34 -9.807852805233918e-07 1.9509032141203588e-07
35 -9.951847267013118e-07 9.801714003395092e-08
36 -9.951847266510796e-07 -9.801714054396898e-08
37 -9.807852803057503e-07 -1.9509032250619455e-07
38 -9.56940335505728e-07 -2.902846780010698e-07
39 -9.238795320883209e-07 -3.826834333862198e-07
40 -8.819212637105592e-07 -4.7139673801922963e-07
41 -8.314696113777252e-07 -5.555702344036932e-07
42 -7.730104520781537e-07 -6.343932857289148e-07
43 -7.071067795618851e-07 -7.071067828112098e-07
44 -6.343932825436539e-07 -7.730104546922296e-07
45 -5.555702315285759e-07 -8.314696132988172e-07
46 -4.713967354680391e-07 -8.81921265074199e-07
47 -3.826834311804497e-07 -9.238795330019808e-07
48 -2.9028467634019066e-07 -9.569403360095502e-07
49 -1.9509032141203588e-07 -9.807852805233918e-07
50 -9.801714003395092e-08 -9.951847267013118e-07
51 9.801714054396898e-08 -9.951847266510796e-07
52 1.9509032250619455e-07 -9.807852803057503e-07
53 2.902846780010698e-07 -9.56940335505728e-07
54 3.826834333862198e-07 -9.238795320883209e-07
55 4.7139673801922963e-07 -8.819212637105592e-07
56 5.555702344036932e-07 -8.314696113777252e-07
57 6.343932857289148e-07 -7.730104520781537e-07
58 7.071067828112098e-07 -7.071067795618851e-07
59 7.730104546922296e-07 -6.343932825436539e-07
60 8.314696132988172e-07 -5.555702315285759e-07
61 8.81921265074199e-07 -4.713967354680391e-07
62 9.238795330019808e-07 -3.826834311804497e-07
63 9.569403360095502e-07 -2.9028467634019066e-07
64 9.807852805233918e-07 -1.9509032141203588e-07
65 9.951847267013118e-07 -9.801714003395092e-08
66 1.3023147174206353e-07 9.089585175546078e-07
67 -1.3065204749754107e-07 -9.040245401818565e-07
68 9.045388721940202e-07 -1.3717390383857982e-07
69 -9.106261529621369e-07 1.269756525926579e-07
70 -7.360752684805818e-07 -5.35290837142404e-07
71 5.443546430640779e-07 -7.339772669237983e-07
72 -5.40550743920401e-07 7.361095535397339e-07
73 7.379606869707809e-07 5.450953069691451e-07
74 -4.6194554719270473e-07 -7.984164461493558e-07
75 7.834089954649111e-07 -4.6627291013519093e-07
76 -7.808780542015015e-07 4.730036691991895e-07
77 4.689013204925921e-07 7.840503657229224e-07
78 -9.063832664680307e-07 -2.2440969628215945e-07
79 2.220371723049753e-07 -8.864220777502904e-07
80 -2.3764104004326418e-07 8.962029790436215e-07
81 8.864220777502904e-07 2.220371723049753e-07
82 -3.0705188243721817e-07 -8.591692769693258e-07
83 8.693760950244737e-07 -3.25767351106423e-07
84 -8.625747748496091e-07 3.119044505936841e-07
85 3.0654706052724093e-07 8.638812417081398e-07
86 3.3107093174189804e-08 -9.260030049685994e-07
87 9.062022417684703e-07 4.103906241873258e-08
88 -9.212604808635471e-07 -3.078339746482785e-08
89 -3.7688035381122806e-08 9.014251411686761e-07
90 4.0486656030612767e-07 -8.308774298782772e-07
91 -8.246681917035575e-07 -4.007988194302974e-07
92 8.31273505756557e-07 3.9313128537767916e-07
93 -3.8849101204574314e-07 8.241975252959943e-07
94 -6.051137043266917e-07 -6.739407483369606e-07
95 6.690734146787831e-07 -6.06099975821203e-07
96 -6.774867504937467e-07 6.176703597619171e-07
97 6.012038894648035e-07 6.836918434259445e-07
98 1.2615192855721812e-07 -9.058972809178153e-07
99 1.5227223128526012e-07 -8.143727933564963e-07
100 2.45237982397006e-07 -7.916306690822257e-07
101 1.7783795054621265e-07 -7.226165448257173e-07
102 2.715785397056675e-07 -6.974373700496943e-07
103 2.0307008088962812e-07 -6.282984183221803e-07
104 1.0864187909656959e-07 -6.542249696290678e-07
105 1.3361104756640932e-07 -5.593600304115716e-07
106 2.2827866808770705e-07 -5.334680766857227e-07
107 1.5856930676357108e-07 -4.644601905039436e-07
108 6.39235610062675e-08 -4.903675458415379e-07
109 8.882881393214473e-08 -3.9544623737593383e-07
110 1.8348541217814775e-07 -3.695421293173654e-07
111 1.1372773071855198e-07 -3.005225596799873e-07
112 1.9073809339864987e-08 -3.2642760695752526e-07
113 4.3967931750980465e-08 -2.3150230098539039e-07
114 1.3862267541194846e-07 -2.0559752697387514e-07
115 6.886146672809837e-08 -1.36576795723737e-07
116 -2.5793042616674782e-08 -1.624816488303096e-07
117 -8.999148890513828e-10 -6.755600656615883e-08
118 9.375466278937945e-08 -4.165117636681621e-08
119 2.399316285397176e-08 2.7369652533096274e-08
120 -7.066139501481828e-08 1.4648156803069416e-09
121 -4.5768351601985044e-08 9.639048629795191e-08
122 4.888621201644902e-08 1.222953212375262e-07
123 -1.404229118779583e-07 7.048565025473932e-08
124 -2.0875312400757536e-08 1.913161583389206e-07
125 7.377925050256604e-08 2.1722099351540609e-07
126 4.01772431878638e-09 2.862418312128538e-07
127 9.867228679841491e-08 3.121466665153864e-07
128 1.6843381348274384e-07 2.4312582865754875e-07
129 2.8910760251527548e-08 3.8116750433722406e-07
130 -6.574380203377957e-08 3.552626689696548e-07
131 1.9332684927887943e-07 3.380515018187898e-07
132 2.630883759225629e-07 2.690306639696771e-07
133 -4.085076633321474e-08 4.5018834217996534e-07
134 -1.3550532863595837e-07 4.2428350680825345e-07
135 2.87981411581699e-07 3.6395633717856814e-07
136 3.5774293825426986e-07 2.94935499322727e-07
137 3.328499026097864e-07 2.0000982608133968e-07
138 4.275044649358857e-07 2.2591466145253903e-07
139 4.0261142929370113e-07 1.3098898821405848e-07
140 -1.6531594719290923e-07 -2.4440023067031828e-08
141 -2.3507747122138227e-07 4.4580813921418564e-08
142 -2.59970507302227e-07 -5.034485913955112e-08
143 -3.29732033575102e-07 1.867597858345106e-08
144 -3.546250692266289e-07 -7.624969460225602e-08
145 -4.2438659577316727e-07 -7.22885677607894e-09
146 -3.9949356013487103e-07 8.769681637801122e-08
147 -4.4927963143245923e-07 -1.0215452995472582e-07
148 -3.7951810481351766e-07 -1.7117536782962653e-07
149 2.1821988494396174e-07 4.329771750108172e-07
150 4.972659916085822e-07 1.568938235781864e-07
151 4.7237295597106347e-07 6.196815035213537e-08
152 -4.941481223508584e-07 6.179198105518805e-08
153 -4.6925508671072313e-07 1.5671765417740634e-07
154 -4.741726670932893e-07 -1.9708020316167247e-07
155 -4.0441114046851585e-07 -2.66101041037727e-07
156 -1.106122929567775e-07 5.192091800372527e-07
157 -2.0526685529599766e-07 4.933043445620849e-07
158 -1.5957730678029234e-08 5.451140153933564e-07
159 -5.439341936764735e-07 -1.2805936527409628e-07
160 3.128744472096825e-07 4.5888201037576407e-07
161 4.5239750053965675e-07 3.208403346864389e-07
162 2.431129205404131e-07 5.279028482224824e-07
163 5.670275182635579e-07 8.787298571973698e-08
164 5.421344826269545e-07 -7.052687491839349e-09
165 4.4747992035719084e-07 -3.295752284151121e-08
166 5.172414469895289e-07 -1.019783606657332e-07
167 -5.639096489266062e-07 1.3081281886278085e-07
168 -5.390166132805157e-07 2.2573849196948833e-07
169 -4.990657027621982e-07 -2.9200587636592856e-07
170 -4.293041761258239e-07 -3.610267142256428e-07
171 -3.346496138478134e-07 -3.351218789017774e-07
172 -3.5954264949762887e-07 -4.30047552069337e-07
173 -4.4436205106400686e-07 2.516433273025721e-07
174 -5.141235776602273e-07 3.206641651013917e-07
175 4.2258688474867347e-07 -1.2788319602542526e-07
176 4.923484113830682e-07 -1.9690403382321307e-07
177 -2.6488808724231154e-07 -4.0414271674038845e-07
178 -2.8978112289917305e-07 -4.990683899045733e-07
179 -2.101844360659413e-07 1.3950648725438398e-07
180 5.9192055392038e-07 1.8279865893353534e-07
181 5.870029736070625e-07 -1.7099919846707688e-07
182 5.621099380067558e-07 -2.6592487159813547e-07
183 4.6745537578331255e-07 -2.9182970697433764e-07
184 -8.571925729927079e-08 6.141348532305379e-07
185 8.935304959538283e-09 6.400396885845014e-07
186 5.372169024177341e-07 -3.608505447460791e-07
187 6.367890448653268e-07 1.8852147847471723e-08
188 -3.8443568513311015e-07 -5.249732252221193e-07
189 -3.1447582569429924e-07 -5.937936017927489e-07
190 -2.1998654086361226e-07 -5.680558175033315e-07
191 3.3776748279170297e-07 5.538076836260683e-07
192 -5.239587384085876e-07 -3.8693154955766377e-07
193 -5.93720265083054e-07 -3.179107116901184e-07
194 4.425623402868678e-07 -3.867553801605951e-07
195 3.5282535810121404e-07 -5.886235821367744e-08
196 -4.1946901543235003e-07 3.4656900045187946e-07
197 -4.892305420375788e-07 4.155898382645327e-07
198 -2.3999505157477975e-07 -3.092170435669378e-07
199 -6.087781398750723e-07 2.9475932976576615e-07
200 2.680059559955681e-07 6.22828521518133e-07
201 5.123238668526737e-07 -4.557762179213106e-07
202 -2.446757344002417e-07 -6.627754610047805e-07
203 -1.5021314658149357e-07 -6.370646602090781e-07
204 6.567645001996222e-07 -2.40020036229641e-07
205 -6.082622164646716e-08 7.090605264045007e-07
206 -1.5548078390343769e-07 6.831556910812861e-07
207 4.1766930469906187e-07 -4.816810533407307e-07
208 -1.253603038850314e-07 -5.421796996525301e-07
209 3.728008136644661e-07 -3.177345426931424e-07
210 6.81657535787922e-07 -1.4509436314297425e-07
211 3.07956866999417e-07 1.0508415284957018e-07
212 -5.888026845604835e-07 3.5887145765618105e-08
213 -6.585642111193262e-07 1.0490798353122052e-07
214 -6.834572467386606e-07 9.98231045504142e-09
215 -1.6039836428405446e-07 3.29357833566901e-07
216 4.075290094527664e-07 4.847868457623994e-07
217 4.324220450337011e-07 5.797125190108175e-07
218 5.021835717073294e-07 5.106916811287984e-07
219 -1.9020898074673587e-07 -1.1936569699273955e-07
220 -1.7023352496118433e-07 -3.7823788142054457e-07
221 3.2793232253483874e-07 -1.5378803146063577e-07
222 -3.945759797680611e-07 4.414946736153005e-07
223 -4.643375063947336e-07 5.105155114645483e-07
224 -3.4970748883752073e-07 2.7754816268123233e-07
225 -3.69682944097238e-07 5.364203468220274e-07
226 3.382834058129097e-08 7.349653617107887e-07
227 4.874308312781946e-07 -5.507018911201316e-07
228 -5.58470731864317e-07 4.827057457306228e-07
229 6.06978429054811e-07 -4.2987138253195057e-07
230 -4.075488216353869e-07 -6.184018736939715e-07
231 -4.787935975088069e-07 -5.506285564377426e-07
232 -1.7510413528138897e-07 -7.319882643973831e-07
233 -8.048135680197691e-08 -7.061155538517027e-07
234 -6.185775432841041e-07 -4.1280024376001135e-07
235 -4.387406061895923e-07 6.028693099585483e-07
236 -3.44672597707406e-07 6.309173743378261e-07
237 3.93182715556679e-07 -5.780179738919674e-07
238 1.0358986713863735e-07 6.659445239374988e-07
239 1.4845835822630697e-07 5.019980129037463e-07
240 2.5817079579553394e-07 -8.476719363896545e-08
241 -1.453404892934691e-07 -2.8331220823258347e-07
242 -7.517627416725754e-07 7.862132267663044e-08
243 -7.258611646314521e-07 1.732825187487298e-07
244 1.2960178805191213e-07 7.56781863824097e-07
245 -6.850652356365556e-07 -3.404704387475795e-07
246 -6.629301930528373e-07 -2.4833235575687944e-07
247 7.493231560470653e-07 -2.1356557644751108e-07
248 7.206193100701502e-07 -3.0749191356310826e-07
249 -1.30587748241173e-07 7.780813642780359e-07
250 -2.2385445603137143e-07 7.471053998503454e-07
251 -7.726030999888213e-07 -1.7367112860589907e-08
252 -7.074321642688724e-07 -8.518412736388205e-08
253 -7.966470966788748e-07 -1.0972677347390845e-07
254 -7.543216717109686e-07 -2.6994064769908325e-07
255 7.680161672126662e-07 -1.1881476414995224e-07
256 -4.3024200812601965e-07 7.101167282166942e-07
257 4.6634232065178034e-07 -6.509662460142554e-07
258 5.571923579688772e-07 -6.197227289263528e-07
259 -5.066299460694296e-07 -6.446857224492568e-07
260 -5.737448095765967e-07 -5.767828958878865e-07
261 5.335944706769277e-07 6.071706438555307e-07
262 5.919575623592895e-07 5.308988405279608e-07
263 5.711316697939326e-07 4.4072123059676124e-07
264 4.655945924766574e-07 6.82442863570066e-07
265 -2.722922184433286e-07 -7.580315379086207e-07
266 6.077200966307623e-08 8.36995046651905e-07
267 -7.234987857613886e-07 -4.317514972244617e-07
268 -1.0665820687747925e-07 -8.030255872007957e-07
269 -1.2877957115074204e-08 -7.735905420931953e-07
270 6.754776826736117e-07 4.804894602753641e-07
271 6.417066250704915e-07 3.7265000534057375e-07
272 4.3409697555502844e-07 -7.438524609796049e-07
273 3.6744955419150313e-07 -6.743107144577109e-07
274 -8.488991970227786e-07 4.2683605633273665e-08
275 8.244166628158878e-08 -7.456305812810946e-07
276 3.9003344376878514e-08 -5.85277553321224e-07
277 2.978657803521082e-07 -6.029986291437396e-07
278 2.532336931509772e-07 -4.385593133974755e-07
279 -5.822489137279627e-09 -4.2135230807803027e-07
280 -3.072196789898356e-08 -5.162735791000927e-07
281 2.781419516894111e-07 -3.436380743979751e-07
282 2.083824695606123e-07 -2.7461781035294037e-07
283 1.9843091019514713e-07 6.911679704042372e-07
284 2.3374890851828283e-07 7.917769109098815e-07
285 2.332772973143479e-07 -1.796927160137589e-07
286 2.953832900314709e-07 7.136842293411232e-07
287 1.7338247393899746e-07 5.968101212950283e-07
288 3.23022990066e-07 -5.078975436877438e-07
289 -2.0306692091472028e-07 -8.268414873721201e-07
290 -3.67704148171606e-07 -7.766249292305465e-07
291 3.6266051825717055e-07 6.487333571476757e-07
292 -6.332604133152647e-07 1.9972593954937007e-07
293 -7.021424418838278e-07 2.685161402881949e-07
294 -6.765211338626717e-07 3.593057045679259e-07
295 -3.59331859894412e-08 8.039861995162587e-07
296 7.051679162909295e-07 -5.010622939064453e-08
297 8.071728392208934e-07 -2.2448662935246154e-08
298 -3.0483899795011875e-07 1.1360165174726289e-07
299 5.380379595395364e-08 4.760931775386257e-07
300 6.308870118304245e-07 -3.346875492946123e-07
301 7.016329912334738e-07 -4.0396654709875986e-07
302 6.790879153478697e-07 -4.980495038850143e-07
303 -7.558010323461412e-08 -3.5233268280955944e-07
304 -5.834617927001094e-07 3.8862177068432476e-07
305 -6.724171123093337e-07 4.5752322483817963e-07
306 -5.190411579986596e-07 -3.31336920790756e-08
307 1.2356532257550736e-07 4.0707233968743163e-07
308 5.853478025302015e-07 -5.267036167009936e-07
309 1.4354077723559317e-07 1.4820015562097536e-07
310 1.1864773144191987e-07 5.327448577773332e-08
311 1.8840925992023127e-07 -1.5746352700436234e-08
312 -1.155298749122765e-07 1.6541132302945933e-07
313 -1.8529140027178705e-07 2.344321604340367e-07
314 -2.1510201598819413e-07 -2.142913703423332e-07
315 1.6351602632658987e-07 -1.1067196023626483e-07
316 6.616820805488498e-07 1.1377782107112313e-07
317 6.86575116232922e-07 2.0870349428680962e-07
318 7.53018269270274e-07 1.387880854694286e-07
319 7.901272566008794e-07 2.3757186949806552e-07
320 -1.204474789307589e-07 -1.883865265229656e-07
321 -9.55544598984914e-08 -9.346084771648306e-08
322 7.094808485477828e-07 3.026919415403425e-07
323 3.8263597385364546e-07 3.898611725484372e-07
324 7.314436071275042e-07 4.475698321896321e-08
325 6.116655666946207e-07 -7.606311521846607e-08
326 -1.0047310036373033e-07 -4.472576469897083e-07
327 5.221590272386407e-07 2.518194967920234e-07
328 -4.541477701091625e-07 -4.559108033742232e-07
329 3.7771839368803006e-07 3.6063314997442114e-08
330 3.976938492181559e-07 -2.2280886926934644e-07
331 7.870201158990074e-08 5.709999232754594e-07
332 -9.063683826397812e-08 2.6033699592530437e-07
333 -2.5505292656468534e-07 3.034529981828567e-07
334 -2.3015989094666206e-07 3.983786713200006e-07
335 -3.0975657817935114e-07 -2.401962057227811e-07
336 -5.068656216411191e-08 -2.574071623897223e-07
337 -2.8486354270944246e-07 -1.452705324382146e-07
338 -5.687352962691048e-07 -2.2289211881712235e-07
339 -1.9512044670250712e-07 -4.731570253685127e-07
340 2.8306382986746806e-07 1.0158480118683161e-08
341 2.3819534015841428e-07 1.741049907662128e-07
342 -5.321467107015007e-07 5.682221961054509e-07
343 -3.746005244831296e-07 1.8262248952238714e-07
344 2.1330230201237629e-07 7.917931836146864e-08
345 -1.8037381958457182e-07 5.882300178141078e-07
346 -2.799459623621971e-07 2.0852732497035992e-07
347 -5.48752375092347e-07 -4.817665433759279e-07
348 -3.2096006609306056e-07 7.2893102991343e-07
349 4.771549646975399e-07 4.1560773911852315e-07
350 -6.383284809363541e-07 -1.5389592172674487e-07
351 -6.134993213632505e-07 -5.906727503718987e-08
352 6.164823723080208e-07 2.7756812781359807e-07
353 -3.24814453237822e-07 3.72473835829573e-07
354 5.468386932747136e-07 3.4653448905798644e-07
355 -7.287310709376145e-07 -1.7625330488209156e-07
356 -2.9992141757966955e-07 4.673995090447477e-07
357 -2.5006168421843754e-07 6.567774492055279e-07
358 -2.7502009666429307e-07 5.622860469960505e-07
359 3.030384515772399e-07 -2.487134446812117e-07
360 3.4790518225946397e-07 -4.1271098461294376e-07
361 1.3520609071772849e-08 -6.793408081029888e-07
362 -5.5708803619805665e-08 -6.110419757062694e-07
363 -6.432917916668241e-07 -5.075452112380403e-07
364 -3.3860457332582255e-07 -6.861455093014502e-07
365 -2.802569241761165e-07 8.173176813465163e-07
366 -3.481840913132241e-08 -8.634763226577885e-07
367 -7.686411009344942e-07 3.306953456266827e-07
368 3.8525336798102755e-07 7.415935906915804e-07
369 8.231925221874015e-07 7.73632248781774e-08
370 7.376192112174148e-07 3.931374920361298e-07
371 -7.947509021678505e-07 2.4238796535222475e-07
372 7.87412796231748e-07 -3.640458281467448e-07
373 9.040170905144715e-07 -4.982097319273589e-08
374 -6.730571342817888e-07 -6.058432935242359e-07
375 6.600445033979217e-07 5.984065947991528e-07
376 -8.934511170102264e-07 -1.2836862801754833e-07
377 9.127070295632826e-07 1.3538729891917415e-07
378 -1.4324133176635707e-07 9.064632454623035e-07
379 3.132658041972847e-07 -8.581998971642847e-07
380 -8.488753447024919e-07 -3.0117759313264833e-07
381 8.68756867987612e-07 3.1084617871230713e-07
382 7.826203269511082e-07 4.7313675284687353e-07
383 -4.772501473030173e-07 7.967629364281414e-07
384 5.026651721159358e-08 9.285126864153001e-07
385 -6.108739013645054e-07 6.841563037670472e-07
386 3.898766618017627e-07 8.303119017605634e-07
387 8.884308325022309e-07 -2.3449900554222119e-07
388 -8.866535927787329e-07 2.1872934983684216e-07
389 2.193319481184613e-07 8.889346929375518e-07
390 -5.403534167859778e-07 -7.395908826625595e-07
391 -7.268145932538715e-07 5.467271166149847e-07
392 5.421039442603399e-07 7.383217483500493e-07
393 -8.18183287573713e-07 1.4671901111821215e-07
394 6.206818517672111e-07 -6.851407857597911e-07
395 -4.3713107553015457e-07 -7.106442272478566e-07
396 -8.264571031516624e-07 3.961432220293042e-07
397 -7.936058730950403e-07 -4.7566905639524314e-07
398 -6.256255745276011e-07 5.422019318183923e-07
399 3.394159027254362e-07 -7.660514236019662e-07
400 7.472100786965221e-07 -5.520771807827276e-07
401 -5.196709225770403e-07 6.541854586924934e-07
402 5.682860939975433e-08 -8.354733116125295e-07
403 -9.351941115099548e-07 4.7378600159010936e-08
404 -2.2664303495136582e-07 -9.0480971757474e-07
405 8.330934310744255e-07 1.6222953021396418e-07
406 8.248719653418162e-07 -1.8043835446298173e-07
407 -8.18923087268438e-07 -1.9844436325480513e-07
408 7.874515380220492e-07 3.274757534329048e-07
409 1.5735862519534432e-07 8.340329808462035e-07
410 -3.9985643219024403e-07 -8.485740794930674e-07
411 -7.449829008919328e-07 4.0333423325225647e-07
412 3.244780551612267e-07 7.865454143645581e-07
413 -1.0095335882996737e-07 8.45343364941247e-07
414 4.842139837038608e-07 -8.078622229797267e-07
415 -7.632075964630572e-07 -3.4968587385765666e-07
416 8.06672359202914e-07 -2.7096800487816496e-07
417 -5.931607719328788e-07 6.132872500290602e-07
418 -1.8793139232917446e-07 8.27982162192605e-07
419 -3.172611123085429e-07 8.870156326078878e-07
420 -8.439262966705672e-07 -4.939847005778511e-08
421 -4.6258045955767295e-08 -9.415210678755104e-07
422 8.526632775297819e-07 -4.0347953602377e-07
423 8.435844485163213e-07 -9.690848415340073e-08
424 5.331488313157036e-07 6.771520818260886e-07
*
TOPO
70 4 380 254 407
71 4 76 305 391
72 4 258 95 308
73 4 97 261 375
74 4 93 256 348
75 4 78 380 407
76 4 261 262 375
77 4 266 89 295
78 4 72 256 383
79 4 95 302 308
80 4 256 72 401
81 4 270 73 375
82 4 89 266 384
83 4 262 270 375
84 4 259 390 395
85 4 297 87 369
86 4 87 297 373
87 4 305 76 411
88 4 391 305 398
89 4 256 93 383
90 4 65 2 373
91 4 257 71 258
92 4 390 74 395
93 4 42 43 374
94 4 12 13 375
95 4 73 270 382
96 4 270 370 382
97 4 71 257 272
98 4 93 348 365
99 4 94 259 260
100 4 265 82 289
101 4 91 267 415
102 4 267 91 397
103 4 77 264 392
104 4 319 81 381
105 4 98 99 402
106 4 371 388 393
107 4 75 301 302
108 4 254 380 415
109 4 253 376 407
110 4 68 65 373
111 4 2 87 373
112 4 284 85 389
113 4 259 94 390
114 4 95 258 394
115 4 392 264 424
116 4 82 265 290
117 4 43 94 374
118 4 70 42 374
119 4 13 97 375
120 4 73 12 375
121 4 401 385 417
122 4 273 237 277
123 4 274 88 420
124 4 88 274 403
125 4 67 268 289
126 4 376 253 420
127 4 72 385 401
128 4 100 379 399
129 4 264 77 368
130 4 86 98 402
131 4 267 70 363
132 4 96 391 398
133 4 258 71 394
134 4 90 272 399
135 4 102 273 277
136 4 272 273 399
137 4 257 237 273
138 4 387 406 416
139 4 302 95 400
140 4 319 381 408
141 4 388 69 393
142 4 369 87 377
143 4 268 67 366
144 4 269 366 402
145 4 85 284 412
146 4 269 268 366
147 4 376 78 407
148 4 289 82 404
149 4 83 387 416
150 4 379 90 399
151 4 272 257 273
152 4 290 265 364
153 4 75 302 400
154 4 275 104 361
155 4 269 275 361
156 4 101 104 275
157 4 106 277 288
158 4 277 237 288
159 4 106 103 277
160 4 280 279 326
161 4 104 276 361
162 4 208 280 326
163 4 108 279 280
164 4 276 108 280
165 4 105 108 276
166 4 361 276 362
167 4 278 106 288
168 4 276 280 362
169 4 107 106 278
170 4 279 112 303
171 4 279 303 326
172 4 109 112 279
173 4 278 288 360
174 4 281 209 359
175 4 281 278 360
176 4 114 111 282
177 4 282 281 359
178 4 114 282 285
179 4 191 217 291
180 4 111 110 282
181 4 285 240 315
182 4 162 200 287
183 4 200 283 287
184 4 217 264 291
185 4 239 162 287
186 4 283 200 286
187 4 200 191 291
188 4 299 239 331
189 4 221 240 285
190 4 5 51 86
191 4 239 287 331
192 4 2 6 87
193 4 4 36 88
194 4 3 21 89
195 4 114 285 315
196 4 187 296 324
197 4 168 199 292
198 4 41 42 70
199 4 56 57 71
200 4 240 311 315
201 4 26 27 72
202 4 11 12 73
203 4 292 199 293
204 4 239 299 307
205 4 296 297 324
206 4 345 357 358
207 4 232 265 289
208 4 52 53 79
209 4 37 38 78
210 4 7 8 81
211 4 22 23 80
212 4 296 187 325
213 4 243 292 293
214 4 209 281 360
215 4 197 228 304
216 4 313 333 346
217 4 186 229 300
218 4 268 232 289
219 4 304 228 305
220 4 300 229 301
221 4 357 236 358
222 4 167 168 292
223 4 187 164 325
224 4 112 113 336
225 4 299 129 307
226 4 303 112 336
227 4 205 185 226
228 4 221 285 359
229 4 341 309 344
230 4 184 158 185
231 4 350 159 351
232 4 226 266 295
233 4 232 202 265
234 4 226 238 244
235 4 242 213 243
236 4 226 185 238
237 4 54 55 90
238 4 39 40 91
239 4 9 10 92
240 4 24 25 93
241 4 233 232 268
242 4 333 224 346
243 4 141 179 298
244 4 163 151 164
245 4 162 191 200
246 4 226 244 266
247 4 286 200 291
248 4 210 204 247
249 4 217 261 264
250 4 311 240 340
251 4 294 304 305
252 4 248 300 301
253 4 158 133 299
254 4 211 341 344
255 4 156 133 158
256 4 310 118 311
257 4 203 202 232
258 4 181 182 204
259 4 158 299 331
260 4 149 160 162
261 4 227 258 308
262 4 178 188 189
263 4 210 247 255
264 4 244 283 284
265 4 214 213 242
266 4 181 204 210
267 4 163 164 187
268 4 152 153 167
269 4 166 176 181
270 4 238 185 331
271 4 162 160 191
272 4 251 242 274
273 4 131 149 307
274 4 212 167 213
275 4 149 239 307
276 4 190 189 202
277 4 145 146 152
278 4 150 151 163
279 4 119 118 310
280 4 150 139 151
281 4 313 312 332
282 4 215 313 332
283 4 181 210 325
284 4 213 167 292
285 4 313 215 333
286 4 177 172 178
287 4 133 129 299
288 4 145 143 146
289 4 247 204 248
290 4 143 141 298
291 4 129 127 307
292 4 182 186 300
293 4 144 143 145
294 4 159 147 306
295 4 293 199 294
296 4 142 141 143
297 4 205 226 295
298 4 120 121 123
299 4 140 123 141
300 4 312 124 332
301 4 189 188 230
302 4 168 174 199
303 4 164 151 165
304 4 244 238 283
305 4 155 170 171
306 4 127 131 307
307 4 155 169 170
308 4 178 172 188
309 4 126 125 127
310 4 174 197 304
311 4 149 162 239
312 4 131 135 149
313 4 181 176 182
314 4 120 140 321
315 4 115 114 315
316 4 163 187 316
317 4 156 158 184
318 4 164 165 166
319 4 326 220 339
320 4 149 135 160
321 4 165 151 329
322 4 171 170 172
323 4 252 350 351
324 4 178 189 190
325 4 184 185 205
326 4 117 119 120
327 4 311 118 315
328 4 320 116 321
329 4 141 123 179
330 4 117 120 321
331 4 140 219 321
332 4 287 238 331
333 4 208 326 339
334 4 186 201 229
335 4 126 127 129
336 4 195 165 329
337 4 210 296 325
338 4 152 146 153
339 4 120 123 140
340 4 127 128 131
341 4 113 116 336
342 4 124 125 126
343 4 219 314 320
344 4 139 137 211
345 4 124 122 125
346 4 152 167 212
347 4 122 119 310
348 4 309 310 344
349 4 201 227 308
350 4 120 119 121
351 4 121 124 312
352 4 148 154 155
353 4 185 158 331
354 4 148 155 335
355 4 118 115 315
356 4 116 117 321
357 4 49 50 67
358 4 167 153 168
359 4 166 175 176
360 4 134 157 334
361 4 188 172 328
362 4 125 122 309
363 4 203 232 233
364 4 148 335 337
365 4 136 161 323
366 4 318 316 324
367 4 127 125 128
368 4 164 166 325
369 4 301 229 302
370 4 197 223 228
371 4 138 137 139
372 4 171 172 177
373 4 64 65 68
374 4 195 329 340
375 4 34 35 69
376 4 139 211 329
377 4 113 115 116
378 4 170 192 328
379 4 121 122 124
380 4 309 122 310
381 4 240 195 340
382 4 191 216 217
383 4 138 139 150
384 4 245 193 246
385 4 19 20 66
386 4 316 187 324
387 4 116 115 117
388 4 131 132 135
389 4 219 320 321
390 4 145 152 306
391 4 215 134 334
392 4 154 147 159
393 4 211 137 341
394 4 140 141 142
395 4 121 119 122
396 4 130 129 133
397 4 229 201 308
398 4 151 139 329
399 4 142 144 337
400 4 317 316 318
401 4 166 165 175
402 4 204 182 300
403 4 190 202 203
404 4 166 181 325
405 4 172 170 328
406 4 243 213 292
407 4 182 183 186
408 4 284 283 286
409 4 311 340 344
410 4 245 246 254
411 4 123 121 312
412 4 178 190 339
413 4 230 231 259
414 4 117 118 119
415 4 198 177 220
416 4 146 143 298
417 4 231 188 328
418 4 209 183 330
419 4 182 176 183
420 4 183 176 330
421 4 198 241 314
422 4 117 115 118
423 4 113 114 115
424 4 113 111 114
425 4 219 142 337
426 4 212 213 214
427 4 144 148 337
428 4 170 169 192
429 4 142 143 144
430 4 155 154 169
431 4 130 134 215
432 4 199 174 304
433 4 136 137 138
434 4 333 215 334
435 4 152 212 306
436 4 314 241 320
437 4 180 163 316
438 4 237 207 288
439 4 227 257 258
440 4 217 218 261
441 4 155 171 335
442 4 130 215 332
443 4 128 125 309
444 4 314 219 337
445 4 335 314 337
446 4 126 129 130
447 4 144 145 147
448 4 150 163 180
449 4 131 128 132
450 4 134 133 156
451 4 179 312 313
452 4 191 160 216
453 4 140 142 219
454 4 198 220 241
455 4 171 177 198
456 4 194 183 209
457 4 175 195 221
458 4 186 194 201
459 4 228 223 342
460 4 176 175 330
461 4 241 220 303
462 4 147 145 306
463 4 210 255 296
464 4 148 147 154
465 4 179 123 312
466 4 246 193 338
467 4 136 138 161
468 4 186 183 194
469 4 124 126 332
470 4 138 150 327
471 4 263 349 354
472 4 168 173 174
473 4 303 220 326
474 4 116 320 336
475 4 135 136 323
476 4 175 165 195
477 4 136 132 137
478 4 329 211 340
479 4 174 196 197
480 4 110 281 282
481 4 171 198 335
482 4 201 194 207
483 4 130 133 134
484 4 154 159 338
485 4 221 195 240
486 4 179 313 346
487 4 160 135 323
488 4 126 130 332
489 4 175 221 330
490 4 230 188 231
491 4 190 208 339
492 4 270 263 271
493 4 161 138 327
494 4 159 306 351
495 4 248 204 300
496 4 214 242 251
497 4 144 147 148
498 4 135 132 136
499 4 198 314 335
500 4 196 173 224
501 4 112 111 113
502 4 134 156 157
503 4 298 179 346
504 4 296 255 297
505 4 320 241 336
506 4 177 178 339
507 4 180 316 317
508 4 150 180 327
509 4 235 225 236
510 4 317 318 319
511 4 156 184 345
512 4 343 298 346
513 4 168 153 173
514 4 206 205 249
515 4 249 205 295
516 4 333 334 353
517 4 197 196 222
518 4 220 177 339
519 4 174 173 196
520 4 224 343 346
521 4 283 238 287
522 4 241 303 336
523 4 349 161 354
524 4 294 199 304
525 4 310 311 344
526 4 317 319 322
527 4 235 236 256
528 4 231 328 347
529 4 233 268 269
530 4 47 48 82
531 4 234 245 267
532 4 234 193 245
533 4 192 193 234
534 4 128 309 341
535 4 334 157 356
536 4 62 63 83
537 4 32 33 84
538 4 197 222 223
539 4 137 132 341
540 4 223 222 225
541 4 17 18 85
542 4 201 207 227
543 4 190 203 208
544 4 227 207 237
545 4 184 206 345
546 4 192 169 193
547 4 169 154 338
548 4 217 216 218
549 4 216 160 323
550 4 302 229 308
551 4 153 146 343
552 4 223 225 235
553 4 132 128 341
554 4 259 231 260
555 4 224 173 343
556 4 262 263 270
557 4 254 246 355
558 4 192 234 347
559 4 146 298 343
560 4 206 249 250
561 4 45 46 74
562 4 184 205 206
563 4 340 211 344
564 4 60 61 75
565 4 193 169 338
566 4 30 31 76
567 4 173 153 343
568 4 323 161 349
569 4 15 16 77
570 4 261 218 262
571 4 262 218 263
572 4 227 237 257
573 4 157 156 345
574 4 252 251 253
575 4 110 278 281
576 4 223 235 342
577 4 317 322 352
578 4 260 231 347
579 4 328 192 347
580 4 322 271 352
581 4 214 251 252
582 4 285 282 359
583 4 327 180 352
584 4 224 333 353
585 4 43 44 94
586 4 58 59 95
587 4 28 29 96
588 4 13 14 97
589 4 327 352 354
590 4 356 157 358
591 4 353 334 356
592 4 256 236 348
593 4 306 212 351
594 4 338 159 350
595 4 252 253 355
596 4 350 252 355
597 4 196 224 353
598 4 246 338 350
599 4 157 345 358
600 4 180 317 352
601 4 216 323 349
602 4 109 111 112
603 4 263 218 349
604 4 348 236 357
605 4 212 214 351
606 4 271 263 354
607 4 218 216 349
608 4 352 271 354
609 4 214 252 351
610 4 222 196 353
611 4 161 327 354
612 4 206 250 357
613 4 222 353 356
614 4 330 221 359
615 4 225 222 356
616 4 250 348 357
617 4 246 350 355
618 4 225 356 358
619 4 345 206 357
620 4 236 225 358
621 4 209 330 359
622 4 288 207 360
623 4 194 209 360
624 4 110 107 278
625 4 109 110 111
626 4 207 194 360
627 4 109 107 110
628 4 108 109 279
629 4 108 107 109
630 4 105 107 108
631 4 105 106 107
632 4 280 208 362
633 4 208 203 362
634 4 104 105 276
635 4 105 103 106
636 4 233 269 361
637 4 233 361 362
638 4 203 233 362
639 4 104 103 105
640 4 101 103 104
641 4 103 102 277
642 4 101 102 103
643 4 99 101 275
644 4 101 100 102
645 4 234 267 363
646 4 260 347 363
647 4 347 234 363
648 4 301 75 372
649 4 99 100 101
650 4 94 260 374
651 4 380 91 415
652 4 413 378 418
653 4 265 202 364
654 4 189 230 364
655 4 366 86 402
656 4 261 97 424
657 4 99 79 100
658 4 202 189 364
659 4 291 264 368
660 4 266 66 384
661 4 70 267 397
662 4 348 250 365
663 4 324 297 369
664 4 369 377 405
665 4 271 322 370
666 4 66 266 409
667 4 88 376 420
668 4 371 84 388
669 4 293 294 367
670 4 286 291 368
671 4 69 274 393
672 4 378 80 418
673 4 230 259 395
674 4 274 242 393
675 4 100 79 379
676 4 367 84 371
677 4 293 367 371
678 4 318 324 369
679 4 270 271 370
680 4 243 293 371
681 4 228 342 398
682 4 284 389 409
683 4 81 319 405
684 4 248 301 372
685 4 99 275 402
686 4 295 89 413
687 4 235 256 401
688 4 260 363 374
689 4 98 79 99
690 4 74 290 395
691 4 363 70 374
692 4 243 371 393
693 4 254 355 407
694 4 266 244 409
695 4 267 245 415
696 4 251 274 420
697 4 80 365 418
698 4 370 92 382
699 4 294 305 411
700 4 284 286 412
701 4 52 79 98
702 4 37 78 376
703 4 7 81 377
704 4 22 80 378
705 4 79 53 379
706 4 78 38 380
707 4 81 8 381
708 4 3 89 384
709 4 20 3 384
710 4 86 51 98
711 4 87 6 377
712 4 88 36 376
713 4 89 21 378
714 4 66 20 384
715 4 92 10 382
716 4 93 25 383
717 4 51 52 98
718 4 54 90 379
719 4 39 91 380
720 4 36 37 376
721 4 6 7 377
722 4 9 92 381
723 4 21 22 378
724 4 27 28 385
725 4 26 72 383
726 4 11 73 382
727 4 53 54 379
728 4 38 39 380
729 4 8 9 381
730 4 72 27 385
731 4 10 11 382
732 4 25 26 383
733 4 63 64 387
734 4 64 68 387
735 4 33 34 388
736 4 34 69 388
737 4 18 19 389
738 4 16 17 386
739 4 19 66 389
740 4 83 63 387
741 4 84 33 388
742 4 85 18 389
743 4 28 96 385
744 4 44 45 390
745 4 29 30 391
746 4 14 15 392
747 4 17 85 386
748 4 77 16 386
749 4 45 74 390
750 4 30 76 391
751 4 15 77 392
752 4 94 44 390
753 4 96 29 391
754 4 97 14 392
755 4 242 243 393
756 4 71 57 394
757 4 58 95 394
758 4 370 322 408
759 4 368 77 386
760 4 67 289 404
761 4 57 58 394
762 4 102 100 399
763 4 342 401 417
764 4 372 83 416
765 4 32 84 396
766 4 76 31 396
767 4 41 70 397
768 4 91 40 397
769 4 365 250 418
770 4 290 364 395
771 4 290 74 410
772 4 60 75 400
773 4 95 59 400
774 4 82 290 410
775 4 364 230 395
776 4 31 32 396
777 4 40 41 397
778 4 274 69 403
779 4 305 228 398
780 4 4 88 403
781 4 69 35 403
782 4 92 370 408
783 4 84 367 396
784 4 49 67 404
785 4 82 48 404
786 4 273 102 399
787 4 319 318 405
788 4 248 372 416
789 4 71 272 414
790 4 272 90 414
791 4 365 80 419
792 4 47 82 410
793 4 74 46 410
794 4 59 60 400
795 4 56 71 414
796 4 90 55 414
797 4 80 23 419
798 4 24 93 419
799 4 62 83 422
800 4 75 61 422
801 4 5 86 421
802 4 67 50 421
803 4 83 372 422
804 4 93 365 419
805 4 86 366 421
806 4 366 67 421
807 4 342 235 401
808 4 275 269 402
809 4 35 4 403
810 4 372 75 422
811 4 322 319 408
812 4 76 396 411
813 4 48 49 404
814 4 318 369 405
815 4 387 68 406
816 4 396 367 411
817 4 255 247 406
818 4 355 253 407
819 4 406 247 416
820 4 297 255 423
821 4 389 66 409
822 4 244 284 409
823 4 46 47 410
824 4 398 342 417
825 4 249 295 413
826 4 55 56 414
827 4 245 254 415
828 4 249 413 418
829 4 247 248 416
830 4 250 249 418
831 4 368 386 412
832 4 23 24 419
833 4 253 251 420
834 4 50 5 421
835 4 61 62 422
836 4 264 261 424
837 4 406 68 423
838 4 377 81 405
839 4 89 378 413
840 4 367 294 411
841 4 386 85 412
842 4 286 368 412
843 4 381 92 408
844 4 97 392 424
845 4 373 297 423
846 4 385 96 417
847 4 255 406 423
848 4 96 398 417
849 4 68 373 423
*
ATTR
70 849 1
*
MATERIAL
1 0 1.128e6 0.3 8.96e3 0 3 1.0 0 0 1000 0 0 0 0
*
ITEMPERATURES
1 300
2 300
3 300
4 300
5 300
6 300
7 300
8 300
9 300
10 300
11 300
12 300
13 300
14 300
15 300
16 300
17 300
18 300
19 300
20 300
21 300
22 300
23 300
24 300
25 300
26 300
27 300
28 300
29 300
30 300
31 300
32 300
33 300
34 300
35 300
36 300
37 300
38 300
39 300
40 300
41 300
42 300
43 300
44 300
45 300
46 300
47 300
48 300
49 300
50 300
51 300
52 300
53 300
54 300
55 300
56 300
57 300
58 300
59 300
60 300
61 300
62 300
63 300
64 300
65 300
66 300
67 300
68 300
69 300
70 300
71 300
72 300
73 300
74 300
75 300
76 300
77 300
78 300
79 300
80 300
81 300
82 300
83 300
84 300
85 300
86 300
87 300
88 300
89 300
90 300
91 300
92 300
93 300
94 300
95 300
96 300
97 300
98 300
99 300
100 300
101 300
102 300
103 300
104 300
105 300
106 300
107 300
108 300
109 300
110 300
111 300
112 300
113 300
114 300
115 300
116 300
117 300
118 300
119 300
120 300
121 300
122 300
123 300
124 300
125 300
126 300
127 300
128 300
129 300
130 300
131 300
132 300
133 300
134 300
135 300
136 300
137 300
138 300
139 300
140 300
141 300
142 300
143 300
144 300
145 300
146 300
147 300
148 300
149 300
150 300
151 300
152 300
153 300
154 300
155 300
156 300
157 300
158 300
159 300
160 300
161 300
162 300
163 300
164 300
165 300
166 300
167 300
168 300
169 300
170 300
171 300
172 300
173 300
174 300
175 300
176 300
177 300
178 300
179 300
180 300
181 300
182 300
183 300
184 300
185 300
186 300
187 300
188 300
189 300
190 300
191 300
192 300
193 300
194 300
195 300
196 300
197 300
198 300
199 300
200 300
201 300
202 300
203 300
204 300
205 300
206 300
207 300
208 300
209 300
210 300
211 300
212 300
213 300
214 300
215 300
216 300
217 300
218 300
219 300
220 300
221 300
222 300
223 300
224 300
225 300
226 300
227 300
228 300
229 300
230 300
231 300
232 300
233 300
234 300
235 300
236 300
237 300
238 300
239 300
240 300
241 300
242 300
243 300
244 300
245 300
246 300
247 300
248 300
249 300
250 300
251 300
252 300
253 300
254 300
255 300
256 300
257 300
258 300
259 300
260 300
261 300
262 300
263 300
264 300
265 300
266 300
267 300
268 300
269 300
270 300
271 300
272 300
273 300
274 300
275 300
276 300
277 300
278 300
279 300
280 300
281 300
282 300
283 300
284 300
285 300
286 300
287 300
288 300
289 300
290 300
291 300
292 300
293 300
294 300
295 300
296 300
297 300
298 300
299 300
300 300
301 300
302 300
303 300
304 300
305 300
306 300
307 300
308 300
309 300
310 300
311 300
312 300
313 300
314 300
315 300
316 300
317 300
318 300
319 300
320 300
321 300
322 300
323 300
324 300
325 300
326 300
327 300
328 300
329 300
330 300
331 300
332 300
333 300
334 300
335 300
336 300
337 300
338 300
339 300
340 300
341 300
342 300
343 300
344 300
345 300
346 300
347 300
348 300
349 300
350 300
351 300
352 300
353 300
354 300
355 300
356 300
357 300
358 300
359 300
360 300
361 300
362 300
363 300
364 300
365 300
366 300
367 300
368 300
369 300
370 300
371 300
372 300
373 300
374 300
375 300
376 300
377 300
378 300
379 300
380 300
381 300
382 300
383 300
384 300
385 300
386 300
387 300
388 300
389 300
390 300
391 300
392 300
393 300
394 300
395 300
396 300
397 300
398 300
399 300
400 300
401 300
402 300
403 300
404 300
405 300
406 300
407 300
408 300
409 300
410 300
411 300
412 300
413 300
414 300
415 300
416 300
417 300
418 300
419 300
420 300
421 300
422 300
423 300
424 300
*
DISP
1 1 0
1 2 0
2 1 0
2 2 0
4 1 0
4 2 0
120 1 0
120 2 0
145 1 0
145 2 0
164 1 0
164 2 0
214 1 0
214 2 0
