shape_5

184 points
184 lines

Points

1 -3.983286362560323e-03 -2.988536199061041e-03
2 -3.888152358173286e-03 -3.015669836370964e-03
3 -3.791864848973397e-03 -3.037590975857265e-03
4 -3.694463018002016e-03 -3.054406319140883e-03
5 -3.595986048300494e-03 -3.066222567842752e-03
6 -3.496473122910188e-03 -3.073146423583811e-03
7 -3.395963424872455e-03 -3.075284587984993e-03
8 -3.294496137228650e-03 -3.072743762667236e-03
9 -3.192110443020129e-03 -3.065630649251478e-03
10 -3.088845525288246e-03 -3.054051949358652e-03
11 -2.984740567074357e-03 -3.038114364609698e-03
12 -2.879834751419820e-03 -3.017924596625551e-03
13 -2.774167261365987e-03 -2.993589347027145e-03
14 -2.667777279954217e-03 -2.965215317435420e-03
15 -2.560703990225863e-03 -2.932909209471311e-03
16 -2.452986575222282e-03 -2.896777724755752e-03
17 -2.344664217984830e-03 -2.856927564909685e-03
18 -2.235776101554861e-03 -2.813465431554039e-03
19 -2.126361408973732e-03 -2.766498026309757e-03
20 -2.016459323282798e-03 -2.716132050797771e-03
21 -1.906109027523415e-03 -2.662474206639021e-03
22 -1.795349704736939e-03 -2.605631195454440e-03
23 -1.684220537964724e-03 -2.545709718864966e-03
24 -1.572760710248126e-03 -2.482816478491535e-03
25 -1.461009404628503e-03 -2.417058175955084e-03
26 -1.349005804147209e-03 -2.348541512876549e-03
27 -1.236789091845599e-03 -2.277373190876866e-03
28 -1.124398450765029e-03 -2.203659911576973e-03
29 -1.011873063946854e-03 -2.127508376597803e-03
30 -8.992521144324318e-04 -2.049025287560296e-03
31 -7.865747852631162e-04 -1.968317346085387e-03
32 -6.738802594802636e-04 -1.885491253794012e-03
33 -5.612077201252282e-04 -1.800653712307106e-03
34 -4.485963502393663e-04 -1.713911423245608e-03
35 -3.360853328640353e-04 -1.625371088230455e-03
36 -2.237138510405893e-04 -1.535139408882580e-03
37 -1.115210878103841e-04 -1.443323086822922e-03
38 4.537737852262607e-07 -1.350028823672416e-03
39 1.121715507048841e-04 -1.255363321051998e-03
40 2.235930599072337e-04 -1.159433280582607e-03
41 3.346791183509197e-04 -1.062345403885177e-03
42 4.453905429945882e-04 -9.642063925806439e-04
43 5.556881507968812e-04 -8.651229482899470e-04
44 6.655327587164442e-04 -7.652017726340198e-04
45 7.748851837119223e-04 -6.645495672337994e-04
46 8.837062427419580e-04 -5.632730337102238e-04
47 9.919567527651976e-04 -4.614788736842268e-04
48 1.099597530740284e-03 -3.592737887767472e-04
49 1.206589393625864e-03 -2.567644806087191e-04
50 1.312893158380578e-03 -1.540576508010812e-04
51 1.418469641963073e-03 -5.126000097476865e-05
52 1.523279661331994e-03 5.152176724928313e-05
53 1.627284033445983e-03 1.541809522501353e-04
54 1.730443575263688e-03 2.566108524068541e-04
55 1.832719103743749e-03 3.587047660985011e-04
56 1.934071435844812e-03 4.603559917041410e-04
57 2.034461388525524e-03 5.614578276028378e-04
58 2.133849778744526e-03 6.619035721736535e-04
59 2.232197423460464e-03 7.615865237956540e-04
60 2.329465139631982e-03 8.603999808479005e-04
61 2.425613744217724e-03 9.582372417094578e-04
62 2.520604054176335e-03 1.054991604759390e-03
63 2.614396886466459e-03 1.150556368376760e-03
64 2.706953058046741e-03 1.244824830940633e-03
65 2.798233385875825e-03 1.337690290830069e-03
66 2.888198686912354e-03 1.429046046424135e-03
67 2.976809778114976e-03 1.518785396101894e-03
68 3.064027476442331e-03 1.606801638242408e-03
69 3.149812598853066e-03 1.692988071224742e-03
70 3.234125962305825e-03 1.777237993427960e-03
71 3.316928383759252e-03 1.859444703231124e-03
72 3.398180680171991e-03 1.939501499013300e-03
73 3.477843668502688e-03 2.017301679153549e-03
74 3.555878165709987e-03 2.092738542030936e-03
75 3.632244988752530e-03 2.165705386024525e-03
76 3.706904954588963e-03 2.236095509513379e-03
77 3.779818880177933e-03 2.303802210876562e-03
78 3.850947582478079e-03 2.368718788493136e-03
79 3.920251878448050e-03 2.430738540742168e-03
80 3.987692585046487e-03 2.489754766002717e-03
81 4.053230519232037e-03 2.545660762653851e-03
82 4.070018317518542e-03 2.564573816853984e-03
83 4.077215449157736e-03 2.584525524693971e-03
84 4.075455379217738e-03 2.605330814774709e-03
85 4.065371572766669e-03 2.626804615697094e-03
86 4.047597494872648e-03 2.648761856062022e-03
87 4.022766610603791e-03 2.671017464470391e-03
88 3.991512385028219e-03 2.693386369523096e-03
89 3.954468283214053e-03 2.715683499821036e-03
90 3.912267770229409e-03 2.737723783965106e-03
91 3.865544311142406e-03 2.759322150556202e-03
92 3.814931371021163e-03 2.780293528195221e-03
93 3.761062414933802e-03 2.800452845483061e-03
94 3.704570907948439e-03 2.819615031020617e-03
95 3.646090315133194e-03 2.837595013408785e-03
96 3.586254101556186e-03 2.854207721248464e-03
97 3.525695732285534e-03 2.869268083140548e-03
98 3.465048672389356e-03 2.882591027685935e-03
99 3.404946386935773e-03 2.893991483485523e-03
100 3.346022340992902e-03 2.903284379140205e-03
101 3.288909999628862e-03 2.910284643250880e-03
102 3.234242827911774e-03 2.914807204418445e-03
103 3.182654290909756e-03 2.916666991243795e-03
104 3.134777853690927e-03 2.915678932327827e-03
105 3.091246981323405e-03 2.911657956271438e-03
106 3.052695138875310e-03 2.904418991675524e-03
107 3.019755791414761e-03 2.893776967140983e-03
108 2.993062404009877e-03 2.879546811268710e-03
109 2.922941450328273e-03 2.831906170164737e-03
110 2.847075058930228e-03 2.781559234863326e-03
111 2.765671488399819e-03 2.728584185312206e-03
112 2.678938997321122e-03 2.673059201459107e-03
113 2.587085844278214e-03 2.615062463251757e-03
114 2.490320287855173e-03 2.554672150637886e-03
115 2.388850586636075e-03 2.491966443565222e-03
116 2.282884999204997e-03 2.427023521981495e-03
117 2.172631784146015e-03 2.359921565834433e-03
118 2.058299200043207e-03 2.290738755071765e-03
119 1.940095505480649e-03 2.219553269641222e-03
120 1.818228959042419e-03 2.146443289490531e-03
121 1.692907819312593e-03 2.071486994567422e-03
122 1.564340344875247e-03 1.994762564819622e-03
123 1.432734794314459e-03 1.916348180194864e-03
124 1.298299426214305e-03 1.836322020640873e-03
125 1.161242499158863e-03 1.754762266105381e-03
126 1.021772271732208e-03 1.671747096536115e-03
127 8.800970025184190e-04 1.587354691880806e-03
128 7.364249501015717e-04 1.501663232087181e-03
129 5.909643730657430e-04 1.414750897102970e-03
130 4.439235299950093e-04 1.326695866875902e-03
131 2.955106794734486e-04 1.237576321353707e-03
132 1.459340800851372e-04 1.147470440484112e-03
133 -4.598009585848793e-06 1.056456404214847e-03
134 -1.558773309554321e-04 9.646123924936422e-04
135 -3.076956254395358e-04 8.720165852682247e-04
136 -4.598446344540832e-04 7.787471624863245e-04
137 -6.121160994149970e-04 6.848823040956708e-04
138 -7.643017617382008e-04 5.905001900439919e-04
139 -9.161933628396179e-04 4.956790002790178e-04
140 -1.067582644135171e-03 4.004969147484767e-04
141 -1.218261347040785e-03 3.050321134000980e-04
142 -1.368021212972379e-03 2.093627761816109e-04
143 -1.516653983345880e-03 1.135670830407441e-04
144 -1.663951399577211e-03 1.772321392522679e-05
145 -1.809705203082293e-03 -7.809065121721179e-05
146 -1.953707135277050e-03 -1.737963324388427e-04
147 -2.095748937577406e-03 -2.693156497919375e-04
148 -2.235622351399283e-03 -3.645704233287665e-04
149 -2.373119118158606e-03 -4.594824731016008e-04
150 -2.508030979271296e-03 -5.539736191627109e-04
151 -2.640149676153277e-03 -6.479656815643691e-04
152 -2.769266950220472e-03 -7.413804803588449e-04
153 -2.895174542888805e-03 -8.341398355984098e-04
154 -3.017664195574200e-03 -9.261655673353358e-04
155 -3.136527649692577e-03 -1.017379495621892e-03
156 -3.251556646659862e-03 -1.107703440510350e-03
157 -3.362542927891976e-03 -1.197059222052982e-03
158 -3.469278234804845e-03 -1.285368660302058e-03
159 -3.571554308814390e-03 -1.372553575309848e-03
160 -3.669162891336534e-03 -1.458535787128624e-03
161 -3.761895723787201e-03 -1.543237115810658e-03
162 -3.849544547582315e-03 -1.626579381408219e-03
163 -3.931901104137797e-03 -1.708484403973579e-03
164 -4.008757134869572e-03 -1.788874003559009e-03
165 -4.079904381193562e-03 -1.867670000216780e-03
166 -4.145134584525692e-03 -1.944794213999163e-03
167 -4.204239486281884e-03 -2.020168464958428e-03
168 -4.257010827878059e-03 -2.093714573146847e-03
169 -4.303240350730144e-03 -2.165354358616691e-03
170 -4.342719796254058e-03 -2.235009641420229e-03
171 -4.375240905865730e-03 -2.302602241609735e-03
172 -4.400595420981077e-03 -2.368053979237478e-03
173 -4.418575083016027e-03 -2.431286674355730e-03
174 -4.428971633386500e-03 -2.492222147016760e-03
175 -4.431576813508421e-03 -2.550782217272842e-03
176 -4.426182364797710e-03 -2.606888705176245e-03
177 -4.412580028670295e-03 -2.660463430779240e-03
178 -4.390561546542097e-03 -2.711428214134099e-03
179 -4.359918659829039e-03 -2.759704875293091e-03
180 -4.320443109947043e-03 -2.805215234308489e-03
181 -4.271926638312033e-03 -2.847881111232563e-03
182 -4.214160986339933e-03 -2.887624326117584e-03
183 -4.146937895446666e-03 -2.924366699015824e-03
184 -4.070049107048154e-03 -2.958030049979553e-03

Lines

1 1 2
2 2 3
3 3 4
4 4 5
5 5 6
6 6 7
7 7 8
8 8 9
9 9 10
10 10 11
11 11 12
12 12 13
13 13 14
14 14 15
15 15 16
16 16 17
17 17 18
18 18 19
19 19 20
20 20 21
21 21 22
22 22 23
23 23 24
24 24 25
25 25 26
26 26 27
27 27 28
28 28 29
29 29 30
30 30 31
31 31 32
32 32 33
33 33 34
34 34 35
35 35 36
36 36 37
37 37 38
38 38 39
39 39 40
40 40 41
41 41 42
42 42 43
43 43 44
44 44 45
45 45 46
46 46 47
47 47 48
48 48 49
49 49 50
50 50 51
51 51 52
52 52 53
53 53 54
54 54 55
55 55 56
56 56 57
57 57 58
58 58 59
59 59 60
60 60 61
61 61 62
62 62 63
63 63 64
64 64 65
65 65 66
66 66 67
67 67 68
68 68 69
69 69 70
70 70 71
71 71 72
72 72 73
73 73 74
74 74 75
75 75 76
76 76 77
77 77 78
78 78 79
79 79 80
80 80 81
81 81 82
82 82 83
83 83 84
84 84 85
85 85 86
86 86 87
87 87 88
88 88 89
89 89 90
90 90 91
91 91 92
92 92 93
93 93 94
94 94 95
95 95 96
96 96 97
97 97 98
98 98 99
99 99 100
100 100 101
101 101 102
102 102 103
103 103 104
104 104 105
105 105 106
106 106 107
107 107 108
108 108 109
109 109 110
110 110 111
111 111 112
112 112 113
113 113 114
114 114 115
115 115 116
116 116 117
117 117 118
118 118 119
119 119 120
120 120 121
121 121 122
122 122 123
123 123 124
124 124 125
125 125 126
126 126 127
127 127 128
128 128 129
129 129 130
130 130 131
131 131 132
132 132 133
133 133 134
134 134 135
135 135 136
136 136 137
137 137 138
138 138 139
139 139 140
140 140 141
141 141 142
142 142 143
143 143 144
144 144 145
145 145 146
146 146 147
147 147 148
148 148 149
149 149 150
150 150 151
151 151 152
152 152 153
153 153 154
154 154 155
155 155 156
156 156 157
157 157 158
158 158 159
159 159 160
160 160 161
161 161 162
162 162 163
163 163 164
164 164 165
165 165 166
166 166 167
167 167 168
168 168 169
169 169 170
170 170 171
171 171 172
172 172 173
173 173 174
174 174 175
175 175 176
176 176 177
177 177 178
178 178 179
179 179 180
180 180 181
181 181 182
182 182 183
183 183 184
184 184 1
