shape_46

171 points
171 lines

Points

1 -3.964841854353069e-03 -3.025584436747409e-03
2 -3.930573475969625e-03 -3.121471936645457e-03
3 -3.885339789714544e-03 -3.212378416982143e-03
4 -3.829555646862826e-03 -3.298365862558420e-03
5 -3.763635898689474e-03 -3.379496258175242e-03
6 -3.687995396469493e-03 -3.455831588633562e-03
7 -3.603048991477883e-03 -3.527433838734337e-03
8 -3.509211534989649e-03 -3.594364993278517e-03
9 -3.406897878279792e-03 -3.656687037067057e-03
10 -3.296522872623316e-03 -3.714461954900913e-03
11 -3.178501369295223e-03 -3.767751731581036e-03
12 -3.053248219570517e-03 -3.816618351908380e-03
13 -2.921178274724200e-03 -3.861123800683902e-03
14 -2.782706386031274e-03 -3.901330062708552e-03
15 -2.638247404766743e-03 -3.937299122783286e-03
16 -2.488216182205610e-03 -3.969092965709058e-03
17 -2.333027569622876e-03 -3.996773576286821e-03
18 -2.173096418293545e-03 -4.020402939317528e-03
19 -2.008837579492620e-03 -4.040043039602134e-03
20 -1.840665904495104e-03 -4.055755861941594e-03
21 -1.668996244575999e-03 -4.067603391136859e-03
22 -1.494243451010308e-03 -4.075647611988886e-03
23 -1.316822375073034e-03 -4.079950509298626e-03
24 -1.137147868039180e-03 -4.080574067867035e-03
25 -9.556347811837464e-04 -4.077580272495064e-03
26 -7.726979657817399e-04 -4.071031107983668e-03
27 -5.887522731081614e-04 -4.060988559133806e-03
28 -4.042125544380129e-04 -4.047514610746424e-03
29 -2.194936610462987e-04 -4.030671247622479e-03
30 -3.501044420802039e-05 -4.010520454562927e-03
31 1.488222448018181e-04 -3.987124216368720e-03
32 3.315895547082155e-04 -3.960544517840811e-03
33 5.128766342361677e-04 -3.930843343780154e-03
34 6.922686321106726e-04 -3.898082678987705e-03
35 8.693506970567266e-04 -3.862324508264416e-03
36 1.043707977799329e-03 -3.823630816411240e-03
37 1.214925623063474e-03 -3.782063588229133e-03
38 1.382588781574161e-03 -3.737684808519048e-03
39 1.546282602056386e-03 -3.690556462081938e-03
40 1.705592233235148e-03 -3.640740533718758e-03
41 1.860102823835442e-03 -3.588299008230460e-03
42 2.009399522582266e-03 -3.533293870418001e-03
43 2.153067478200618e-03 -3.475787105082332e-03
44 2.290691839415495e-03 -3.415840697024408e-03
45 2.421857754951893e-03 -3.353516631045183e-03
46 2.546150373534811e-03 -3.288876891945611e-03
47 2.663154843889245e-03 -3.221983464526644e-03
48 2.772456314740192e-03 -3.152898333589239e-03
49 2.873639934812651e-03 -3.081683483934347e-03
50 2.966290852831616e-03 -3.008400900362922e-03
51 3.049994217522087e-03 -2.933112567675920e-03
52 3.124335177609061e-03 -2.855880470674294e-03
53 3.188898881817534e-03 -2.776766594158997e-03
54 3.243270478872504e-03 -2.695832922930983e-03
55 3.293199726760039e-03 -2.605235902288723e-03
56 3.339315220812236e-03 -2.506354794635003e-03
57 3.381649494785742e-03 -2.399549260549362e-03
58 3.420235082437210e-03 -2.285178960611339e-03
59 3.455104517523291e-03 -2.163603555400477e-03
60 3.486290333800636e-03 -2.035182705496317e-03
61 3.513825065025896e-03 -1.900276071478396e-03
62 3.537741244955721e-03 -1.759243313926256e-03
63 3.558071407346762e-03 -1.612444093419438e-03
64 3.574848085955671e-03 -1.460238070537482e-03
65 3.588103814539099e-03 -1.302984905859929e-03
66 3.597871126853695e-03 -1.141044259966319e-03
67 3.604182556656111e-03 -9.747757934361926e-04
68 3.607070637702999e-03 -8.045391668490899e-04
69 3.606567903751010e-03 -6.306940407845517e-04
70 3.602706888556792e-03 -4.536000758221175e-04
71 3.595520125876998e-03 -2.736169325413287e-04
72 3.585040149468280e-03 -9.110427152172580e-05
73 3.571299493087288e-03 9.357824665715102e-05
74 3.554330690490671e-03 2.800709614157614e-04
75 3.534166275435082e-03 4.680142121745652e-04
76 3.510838781677173e-03 6.570483383540217e-04
77 3.484380742973592e-03 8.468136793745898e-04
78 3.454824693080992e-03 1.036950574656730e-03
79 3.422203165756023e-03 1.227099363620902e-03
80 3.386548694755337e-03 1.416900385687565e-03
81 3.347893813835584e-03 1.605993980277178e-03
82 3.306271056753414e-03 1.794020486810201e-03
83 3.261712957265480e-03 1.980620244707095e-03
84 3.214252049128433e-03 2.165433593388316e-03
85 3.163920866098922e-03 2.348100872274327e-03
86 3.110751941933597e-03 2.528262420785586e-03
87 3.054777810389112e-03 2.705558578342554e-03
88 2.996031005222117e-03 2.879629684365688e-03
89 2.934544060189263e-03 3.050116078275449e-03
90 2.870349509047200e-03 3.216658099492297e-03
91 2.803479885552579e-03 3.378896087436693e-03
92 2.733967723462052e-03 3.536470381529092e-03
93 2.661845556532270e-03 3.689021321189958e-03
94 2.587145918519882e-03 3.836189245839748e-03
95 2.509901343181541e-03 3.977614494898924e-03
96 2.430144364273897e-03 4.112937407787941e-03
97 2.347907515553601e-03 4.241798323927264e-03
98 2.263223330777303e-03 4.363837582737349e-03
99 2.176124343701656e-03 4.478695523638658e-03
100 2.086643088083309e-03 4.586012486051647e-03
101 1.994812097678915e-03 4.685428809396779e-03
102 1.900663906245122e-03 4.776584833094514e-03
103 1.804231047538584e-03 4.859120896565308e-03
104 1.705546055315950e-03 4.932677339229623e-03
105 1.604641463333872e-03 4.996894500507918e-03
106 1.501549805349000e-03 5.051412719820654e-03
107 1.396303615117985e-03 5.095872336588287e-03
108 1.288935426397478e-03 5.129913690231280e-03
109 1.179477772944131e-03 5.153177120170091e-03
110 1.067963188514594e-03 5.165302965825180e-03
111 9.544242068655171e-04 5.165931566617007e-03
112 8.291343618963970e-04 5.155697079211804e-03
113 7.031334779045702e-04 5.136581885371871e-03
114 5.765333808387298e-04 5.108827287695263e-03
115 4.494458966475683e-04 5.072674588780035e-03
116 3.219828512797780e-04 5.028365091224232e-03
117 1.942560706840520e-04 4.976140097625913e-03
118 6.637738080908315e-05 4.916240910583125e-03
119 -6.154139239643608e-05 4.848908832693925e-03
120 -1.893884229838128e-04 4.774385166556366e-03
121 -3.170518850043547e-04 4.692911214768495e-03
122 -4.444199525093686e-04 4.604728279928368e-03
123 -5.713807995501618e-04 4.510077664634035e-03
124 -6.978226001780419e-04 4.409200671483553e-03
125 -8.236335284443158e-04 4.302338603074969e-03
126 -9.487017584002913e-04 4.189732762006341e-03
127 -1.072915464097275e-03 4.071624450875715e-03
128 -1.196162819586575e-03 3.948254972281150e-03
129 -1.318331998919498e-03 3.819865628820695e-03
130 -1.439311176147351e-03 3.686697723092401e-03
131 -1.558988525321442e-03 3.548992557694322e-03
132 -1.677252220493079e-03 3.406991435224511e-03
133 -1.793990435713568e-03 3.260935658281018e-03
134 -1.909091345034216e-03 3.111066529461899e-03
135 -2.022443122506330e-03 2.957625351365203e-03
136 -2.133933942181220e-03 2.800853426588984e-03
137 -2.243451978110190e-03 2.640992057731294e-03
138 -2.350885404344550e-03 2.478282547390186e-03
139 -2.456122394935604e-03 2.312966198163713e-03
140 -2.559051123934663e-03 2.145284312649925e-03
141 -2.659559765393032e-03 1.975478193446875e-03
142 -2.757536493362019e-03 1.803789143152619e-03
143 -2.852869481892931e-03 1.630458464365204e-03
144 -2.945446905037075e-03 1.455727459682686e-03
145 -3.035156936845760e-03 1.279837431703116e-03
146 -3.121887751370291e-03 1.103029683024547e-03
147 -3.205527522661976e-03 9.255455162450313e-04
148 -3.285964424772123e-03 7.476262339626199e-04
149 -3.363086631752040e-03 5.695131387753665e-04
150 -3.436782317653033e-03 3.914475332813235e-04
151 -3.506939656526408e-03 2.136707200785430e-04
152 -3.573446822423474e-03 3.642400176507757e-05
153 -3.636191989395538e-03 -1.400513190610192e-04
154 -3.695063331493908e-03 -3.155139398016978e-04
155 -3.749949022769890e-03 -4.897225578589039e-04
156 -3.800737237274792e-03 -6.624358706345858e-04
157 -3.847316149059921e-03 -8.334125755306904e-04
158 -3.889573932176585e-03 -1.002411369949166e-03
159 -3.927398760676090e-03 -1.169190951291958e-03
160 -3.960678808609744e-03 -1.333510016961018e-03
161 -3.989302250028855e-03 -1.495127264358292e-03
162 -4.013157258984728e-03 -1.653801390885726e-03
163 -4.032132009528674e-03 -1.809291093945270e-03
164 -4.046114675711997e-03 -1.961355070938869e-03
165 -4.054993431586005e-03 -2.109752019268473e-03
166 -4.058656451202007e-03 -2.254240636336028e-03
167 -4.056991908611308e-03 -2.394579619543482e-03
168 -4.049887977865217e-03 -2.530527666292783e-03
169 -4.037232833015040e-03 -2.661843473985879e-03
170 -4.018914648112085e-03 -2.788285740024717e-03
171 -3.994821597207659e-03 -2.909613161811245e-03

Lines

1 1 2
2 2 3
3 3 4
4 4 5
5 5 6
6 6 7
7 7 8
8 8 9
9 9 10
10 10 11
11 11 12
12 12 13
13 13 14
14 14 15
15 15 16
16 16 17
17 17 18
18 18 19
19 19 20
20 20 21
21 21 22
22 22 23
23 23 24
24 24 25
25 25 26
26 26 27
27 27 28
28 28 29
29 29 30
30 30 31
31 31 32
32 32 33
33 33 34
34 34 35
35 35 36
36 36 37
37 37 38
38 38 39
39 39 40
40 40 41
41 41 42
42 42 43
43 43 44
44 44 45
45 45 46
46 46 47
47 47 48
48 48 49
49 49 50
50 50 51
51 51 52
52 52 53
53 53 54
54 54 55
55 55 56
56 56 57
57 57 58
58 58 59
59 59 60
60 60 61
61 61 62
62 62 63
63 63 64
64 64 65
65 65 66
66 66 67
67 67 68
68 68 69
69 69 70
70 70 71
71 71 72
72 72 73
73 73 74
74 74 75
75 75 76
76 76 77
77 77 78
78 78 79
79 79 80
80 80 81
81 81 82
82 82 83
83 83 84
84 84 85
85 85 86
86 86 87
87 87 88
88 88 89
89 89 90
90 90 91
91 91 92
92 92 93
93 93 94
94 94 95
95 95 96
96 96 97
97 97 98
98 98 99
99 99 100
100 100 101
101 101 102
102 102 103
103 103 104
104 104 105
105 105 106
106 106 107
107 107 108
108 108 109
109 109 110
110 110 111
111 111 112
112 112 113
113 113 114
114 114 115
115 115 116
116 116 117
117 117 118
118 118 119
119 119 120
120 120 121
121 121 122
122 122 123
123 123 124
124 124 125
125 125 126
126 126 127
127 127 128
128 128 129
129 129 130
130 130 131
131 131 132
132 132 133
133 133 134
134 134 135
135 135 136
136 136 137
137 137 138
138 138 139
139 139 140
140 140 141
141 141 142
142 142 143
143 143 144
144 144 145
145 145 146
146 146 147
147 147 148
148 148 149
149 149 150
150 150 151
151 151 152
152 152 153
153 153 154
154 154 155
155 155 156
156 156 157
157 157 158
158 158 159
159 159 160
160 160 161
161 161 162
162 162 163
163 163 164
164 164 165
165 165 166
166 166 167
167 167 168
168 168 169
169 169 170
170 170 171
171 171 1
