shape_43

163 points
163 lines

Points

1 -4.360710682983699e-03 -2.854121882528026e-03
2 -4.294331112535276e-03 -2.929902737342556e-03
3 -4.222999785626887e-03 -2.997035554557866e-03
4 -4.146859816859141e-03 -3.055718472849540e-03
5 -4.066054320832643e-03 -3.106149630893159e-03
6 -3.980726412148003e-03 -3.148527167364305e-03
7 -3.891019205405826e-03 -3.183049220938560e-03
8 -3.797075815206721e-03 -3.209913930291508e-03
9 -3.699039356151295e-03 -3.229319434098727e-03
10 -3.597052942840158e-03 -3.241463871035803e-03
11 -3.491259689873910e-03 -3.246545379778315e-03
12 -3.381802711853167e-03 -3.244762099001848e-03
13 -3.268825123378529e-03 -3.236312167381981e-03
14 -3.152470039050610e-03 -3.221393723594301e-03
15 -3.032880573470014e-03 -3.200204906314383e-03
16 -2.910199841237344e-03 -3.172943854217813e-03
17 -2.784570956953214e-03 -3.139808705980173e-03
18 -2.656137035218230e-03 -3.100997600277047e-03
19 -2.525041190632999e-03 -3.056708675784013e-03
20 -2.391426537798125e-03 -3.007140071176654e-03
21 -2.255436191314218e-03 -2.952489925130553e-03
22 -2.117213265781888e-03 -2.892956376321293e-03
23 -1.976900875801739e-03 -2.828737563424456e-03
24 -1.834642135974377e-03 -2.760031625115620e-03
25 -1.690580160900413e-03 -2.687036700070371e-03
26 -1.544858065180452e-03 -2.609950926964291e-03
27 -1.397618963415102e-03 -2.528972444472961e-03
28 -1.249005970204973e-03 -2.444299391271964e-03
29 -1.099162200150666e-03 -2.356129906036879e-03
30 -9.482307678527931e-04 -2.264662127443290e-03
31 -7.963547879119618e-04 -2.170094194166782e-03
32 -6.436773749287783e-04 -2.072624244882934e-03
33 -4.903416435038476e-04 -1.972450418267326e-03
34 -3.364907082377805e-04 -1.869770852995543e-03
35 -1.822676837311838e-04 -1.764783687743168e-03
36 -2.781568458466449e-05 -1.657687061185781e-03
37 1.267221746011722e-04 -1.548679111998964e-03
38 2.812027792257153e-04 -1.437957978858300e-03
39 4.354830146883605e-04 -1.325721800439370e-03
40 5.894197663884987e-04 -1.212168715417758e-03
41 7.428699197255243e-04 -1.097496862469043e-03
42 8.956903600988273e-04 -9.819043802688095e-04
43 1.047737972907803e-03 -8.655894074926392e-04
44 1.198869643551841e-03 -7.487500828161133e-04
45 1.348942257430338e-03 -6.315845449148141e-04
46 1.497812699942684e-03 -5.142909324643247e-04
47 1.645337856488272e-03 -3.970673841402252e-04
48 1.791374612466494e-03 -2.801120386180992e-04
49 1.935779853276745e-03 -1.636230345735289e-04
50 2.078410464318415e-03 -4.779851068209465e-05
51 2.219123330990898e-03 6.716339438061967e-05
52 2.357775338693588e-03 1.810645419390335e-04
53 2.494223372825875e-03 2.937067933175632e-04
54 2.628324318787153e-03 4.048920098406288e-04
55 2.759935061976814e-03 5.144220528326461e-04
56 2.888912487794252e-03 6.220987836180348e-04
57 3.015113481638858e-03 7.277240635212112e-04
58 3.138394928910027e-03 8.310997538665953e-04
59 3.258613715007149e-03 9.320277159786029e-04
60 3.375626725329617e-03 1.030309811181654e-03
61 3.489290845276825e-03 1.125747900800164e-03
62 3.599462960248166e-03 1.218143846158554e-03
63 3.705999955643031e-03 1.307299508581239e-03
64 3.808758716860814e-03 1.393016749392639e-03
65 3.907596129300908e-03 1.475097429917172e-03
66 4.002369078362703e-03 1.553343411479253e-03
67 4.092934449445595e-03 1.627556555403304e-03
68 4.179149127948973e-03 1.697538723013741e-03
69 4.260869999272234e-03 1.763091775634982e-03
70 4.290495979904613e-03 1.794725584551731e-03
71 4.310291357198713e-03 1.833829782786677e-03
72 4.320802398689296e-03 1.879692392161026e-03
73 4.322575371911122e-03 1.931601434495985e-03
74 4.316156544398949e-03 1.988844931612759e-03
75 4.302092183687541e-03 2.050710905332555e-03
76 4.280928557311657e-03 2.116487377476579e-03
77 4.253211932806054e-03 2.185462369866038e-03
78 4.219488577705498e-03 2.256923904322136e-03
79 4.180304759544745e-03 2.330160002666081e-03
80 4.136206745858558e-03 2.404458686719080e-03
81 4.087740804181694e-03 2.479107978302335e-03
82 4.035453202048917e-03 2.553395899237057e-03
83 3.979890206994983e-03 2.626610471344449e-03
84 3.921598086554657e-03 2.698039716445719e-03
85 3.861123108262696e-03 2.766971656362072e-03
86 3.799011539653862e-03 2.832694312914715e-03
87 3.735809648262914e-03 2.894495707924853e-03
88 3.672063701624614e-03 2.951663863213693e-03
89 3.608319967273720e-03 3.003486800602442e-03
90 3.545124712744995e-03 3.049252541912305e-03
91 3.483024205573198e-03 3.088249108964488e-03
92 3.422564713293088e-03 3.119764523580197e-03
93 3.364292503439427e-03 3.143086807580639e-03
94 3.308753843546974e-03 3.157503982787020e-03
95 3.256495001150492e-03 3.162304071020547e-03
96 3.208062243784737e-03 3.156775094102424e-03
97 3.164001838984474e-03 3.140205073853858e-03
98 3.065696550035665e-03 3.087937440248106e-03
99 2.961373069019248e-03 3.033155170407841e-03
100 2.851289572837403e-03 2.975922296588767e-03
101 2.735704238392317e-03 2.916302851046597e-03
102 2.614875242586171e-03 2.854360866037037e-03
103 2.489060762321148e-03 2.790160373815795e-03
104 2.358518974499432e-03 2.723765406638583e-03
105 2.223508056023205e-03 2.655239996761105e-03
106 2.084286183794652e-03 2.584648176439073e-03
107 1.941111534715955e-03 2.512053977928193e-03
108 1.794242285689297e-03 2.437521433484175e-03
109 1.643936613616862e-03 2.361114575362728e-03
110 1.490452695400833e-03 2.282897435819560e-03
111 1.334048707943393e-03 2.202934047110378e-03
112 1.174982828146724e-03 2.121288441490892e-03
113 1.013513232913012e-03 2.038024651216810e-03
114 8.498980991444383e-04 1.953206708543841e-03
115 6.843956037431865e-04 1.866898645727693e-03
116 5.172639236114396e-04 1.779164495024076e-03
117 3.487612356513811e-04 1.690068288688695e-03
118 1.791457167651936e-04 1.599674058977262e-03
119 8.675543855061235e-06 1.508045838145484e-03
120 -1.623911061768332e-04 1.415247658449070e-03
121 -3.337960564283066e-04 1.321343552143728e-03
122 -5.052811299971759e-04 1.226397551485166e-03
123 -6.765881499812579e-04 1.130473688729093e-03
124 -8.474589394783689e-04 1.033635996131219e-03
125 -1.017635321586326e-03 9.359485059472508e-04
126 -1.186859119402946e-03 8.374752504328971e-04
127 -1.354872156026046e-03 7.382802618438668e-04
128 -1.521416254553442e-03 6.384275724358681e-04
129 -1.686233238082952e-03 5.379812144646094e-04
130 -1.849064929712392e-03 4.370052201857998e-04
131 -2.009653152539579e-03 3.355636218551470e-04
132 -2.167739729662328e-03 2.337204517283608e-04
133 -2.323066484178460e-03 1.315397420611480e-04
134 -2.475375239185789e-03 2.908552510921762e-05
135 -2.624407817782130e-03 -7.357816687172014e-05
136 -2.769906043065304e-03 -1.763873016259595e-04
137 -2.911611738133125e-03 -2.792778468977896e-04
138 -3.049266726083411e-03 -3.821857704315033e-04
139 -3.182612830013977e-03 -4.850470399713921e-04
140 -3.311391873022641e-03 -5.877976232617466e-04
141 -3.435345678207222e-03 -6.903734880468593e-04
142 -3.554216068665533e-03 -7.927106020710206e-04
143 -3.667744867495392e-03 -8.947449330785236e-04
144 -3.775673897794617e-03 -9.964124488136585e-04
145 -3.877744982661025e-03 -1.097649117020716e-03
146 -3.973699945192431e-03 -1.198390905443990e-03
147 -4.063280608486652e-03 -1.298573781827770e-03
148 -4.146228795641508e-03 -1.398133713916349e-03
149 -4.222286329754811e-03 -1.497006669454018e-03
150 -4.291195033924381e-03 -1.595128616185067e-03
151 -4.352696731248033e-03 -1.692435521853790e-03
152 -4.406533244823586e-03 -1.788863354204476e-03
153 -4.452446397748853e-03 -1.884348080981418e-03
154 -4.490178013121656e-03 -1.978825669928907e-03
155 -4.519469914039807e-03 -2.072232088791235e-03
156 -4.540063923601127e-03 -2.164503305312693e-03
157 -4.551701864903429e-03 -2.255575287237574e-03
158 -4.554125561044532e-03 -2.345384002310167e-03
159 -4.547076835122252e-03 -2.433865418274764e-03
160 -4.530297510234407e-03 -2.520955502875658e-03
161 -4.503529409478811e-03 -2.606590223857140e-03
162 -4.466514355953285e-03 -2.690705548963501e-03
163 -4.418994172755642e-03 -2.773237445939032e-03

Lines

1 1 2
2 2 3
3 3 4
4 4 5
5 5 6
6 6 7
7 7 8
8 8 9
9 9 10
10 10 11
11 11 12
12 12 13
13 13 14
14 14 15
15 15 16
16 16 17
17 17 18
18 18 19
19 19 20
20 20 21
21 21 22
22 22 23
23 23 24
24 24 25
25 25 26
26 26 27
27 27 28
28 28 29
29 29 30
30 30 31
31 31 32
32 32 33
33 33 34
34 34 35
35 35 36
36 36 37
37 37 38
38 38 39
39 39 40
40 40 41
41 41 42
42 42 43
43 43 44
44 44 45
45 45 46
46 46 47
47 47 48
48 48 49
49 49 50
50 50 51
51 51 52
52 52 53
53 53 54
54 54 55
55 55 56
56 56 57
57 57 58
58 58 59
59 59 60
60 60 61
61 61 62
62 62 63
63 63 64
64 64 65
65 65 66
66 66 67
67 67 68
68 68 69
69 69 70
70 70 71
71 71 72
72 72 73
73 73 74
74 74 75
75 75 76
76 76 77
77 77 78
78 78 79
79 79 80
80 80 81
81 81 82
82 82 83
83 83 84
84 84 85
85 85 86
86 86 87
87 87 88
88 88 89
89 89 90
90 90 91
91 91 92
92 92 93
93 93 94
94 94 95
95 95 96
96 96 97
97 97 98
98 98 99
99 99 100
100 100 101
101 101 102
102 102 103
103 103 104
104 104 105
105 105 106
106 106 107
107 107 108
108 108 109
109 109 110
110 110 111
111 111 112
112 112 113
113 113 114
114 114 115
115 115 116
116 116 117
117 117 118
118 118 119
119 119 120
120 120 121
121 121 122
122 122 123
123 123 124
124 124 125
125 125 126
126 126 127
127 127 128
128 128 129
129 129 130
130 130 131
131 131 132
132 132 133
133 133 134
134 134 135
135 135 136
136 136 137
137 137 138
138 138 139
139 139 140
140 140 141
141 141 142
142 142 143
143 143 144
144 144 145
145 145 146
146 146 147
147 147 148
148 148 149
149 149 150
150 150 151
151 151 152
152 152 153
153 153 154
154 154 155
155 155 156
156 156 157
157 157 158
158 158 159
159 159 160
160 160 161
161 161 162
162 162 163
163 163 1
