shape_15

165 points
165 lines

Points

1 -4.348765910397008e-03 -1.988745754900235e-03
2 -4.363846880506304e-03 -2.076570599630035e-03
3 -4.365909584333219e-03 -2.162342423833592e-03
4 -4.355439902833110e-03 -2.246019363432089e-03
5 -4.332923716961327e-03 -2.327559554346708e-03
6 -4.298846907673235e-03 -2.406921132498633e-03
7 -4.253695355924184e-03 -2.484062233809046e-03
8 -4.197954942669532e-03 -2.558940994199132e-03
9 -4.132111548864634e-03 -2.631515549590071e-03
10 -4.056651055464846e-03 -2.701744035903047e-03
11 -3.972059343425526e-03 -2.769584589059245e-03
12 -3.878822293702026e-03 -2.834995344979845e-03
13 -3.777425787249706e-03 -2.897934439586033e-03
14 -3.668355705023921e-03 -2.958360008798989e-03
15 -3.552097927980025e-03 -3.016230188539898e-03
16 -3.429138337073377e-03 -3.071503114729943e-03
17 -3.299962813259331e-03 -3.124136923290305e-03
18 -3.165057237493242e-03 -3.174089750142169e-03
19 -3.024907490730468e-03 -3.221319731206717e-03
20 -2.879999453926366e-03 -3.265785002405133e-03
21 -2.730819008036289e-03 -3.307443699658599e-03
22 -2.577852034015594e-03 -3.346253958888297e-03
23 -2.421584412819639e-03 -3.382173916015412e-03
24 -2.262502025403777e-03 -3.415161706961127e-03
25 -2.101090752723366e-03 -3.445175467646623e-03
26 -1.937836475733761e-03 -3.472173333993084e-03
27 -1.773225075390319e-03 -3.496113441921694e-03
28 -1.607742432648393e-03 -3.516953927353635e-03
29 -1.441874428463344e-03 -3.534652926210089e-03
30 -1.276106943790525e-03 -3.549168574412240e-03
31 -1.110925859585291e-03 -3.560459007881272e-03
32 -9.468170568030004e-04 -3.568482362538367e-03
33 -7.842664163990075e-04 -3.573196774304707e-03
34 -6.237598193286687e-04 -3.574560379101476e-03
35 -4.657831465473410e-04 -3.572531312849858e-03
36 -3.108222790103789e-04 -3.567067711471033e-03
37 -1.593630976731389e-04 -3.558127710886187e-03
38 -1.189148349097812e-05 -3.545669447016503e-03
39 1.311066825807495e-04 -3.529651055783161e-03
40 2.691455195866868e-04 -3.510030673107347e-03
41 4.017391465714768e-04 -3.486766434910242e-03
42 5.284016825797657e-04 -3.459816477113029e-03
43 6.486472466561963e-04 -3.429138935636893e-03
44 7.619899578454118e-04 -3.394691946403015e-03
45 8.679439351920581e-04 -3.356433645332579e-03
46 9.660232977407779e-04 -3.314322168346767e-03
47 1.055742164536215e-03 -3.268315651366764e-03
48 1.136614654623015e-03 -3.218372230313750e-03
49 1.208154887045820e-03 -3.164450041108910e-03
50 1.286322378193038e-03 -3.095019318147366e-03
51 1.365772006152721e-03 -3.016855844130719e-03
52 1.446335837501541e-03 -2.930319667423463e-03
53 1.527845938816171e-03 -2.835770836390089e-03
54 1.610134376673282e-03 -2.733569399395092e-03
55 1.693033217649548e-03 -2.624075404802963e-03
56 1.776374528321640e-03 -2.507648900978196e-03
57 1.859990375266231e-03 -2.384649936285281e-03
58 1.943712825059993e-03 -2.255438559088715e-03
59 2.027373944279598e-03 -2.120374817752987e-03
60 2.110805799501720e-03 -1.979818760642593e-03
61 2.193840457303029e-03 -1.834130436122021e-03
62 2.276309984260198e-03 -1.683669892555768e-03
63 2.358046446949900e-03 -1.528797178308325e-03
64 2.438881911948807e-03 -1.369872341744184e-03
65 2.518648445833591e-03 -1.207255431227840e-03
66 2.597178115180925e-03 -1.041306495123783e-03
67 2.674302986567480e-03 -8.723855817965083e-04
68 2.749855126569929e-03 -7.008527396105064e-04
69 2.823666601764944e-03 -5.270680169302714e-04
70 2.895569478729198e-03 -3.513914621202959e-04
71 2.965395824039364e-03 -1.741831235450725e-04
72 3.032977704272112e-03 4.196950430907551e-06
73 3.098147186004117e-03 1.833887114431493e-04
74 3.160736335812048e-03 3.630321111271619e-04
75 3.220577220272580e-03 5.427671011184508e-04
76 3.277501905962384e-03 7.222336330525251e-04
77 3.331342459458134e-03 9.010716585648902e-04
78 3.381930947336500e-03 1.078921129291056e-03
79 3.429099436174156e-03 1.255421996866526e-03
80 3.472679992547773e-03 1.430214212926812e-03
81 3.512504683034025e-03 1.602937729107417e-03
82 3.548405574209582e-03 1.773232497043852e-03
83 3.580214732651118e-03 1.940738468371623e-03
84 3.607764224935305e-03 2.105095594726235e-03
85 3.630886117638815e-03 2.265943827743198e-03
86 3.649412477338321e-03 2.422923119058019e-03
87 3.663175370610494e-03 2.575673420306204e-03
88 3.672006864032007e-03 2.723834683123261e-03
89 3.675739024179533e-03 2.867046859144697e-03
90 3.674203917629743e-03 3.004949900006020e-03
91 3.667233610959311e-03 3.137183757342737e-03
92 3.654660170744907e-03 3.263388382790354e-03
93 3.636315663563205e-03 3.383203727984382e-03
94 3.612032155990876e-03 3.496269744560325e-03
95 3.581641714604595e-03 3.602226384153690e-03
96 3.544976405981031e-03 3.700713598399986e-03
97 3.501868296696858e-03 3.791371338934720e-03
98 3.452149453328748e-03 3.873839557393398e-03
99 3.395651942453373e-03 3.947758205411529e-03
100 3.332207830647407e-03 4.012767234624619e-03
101 3.261649184487520e-03 4.068506596668176e-03
102 3.183808070550384e-03 4.114616243177706e-03
103 3.098516555412675e-03 4.150736125788719e-03
104 3.005606705651061e-03 4.176506196136720e-03
105 2.894859631819634e-03 4.195915903508018e-03
106 2.780739710149073e-03 4.208128055357278e-03
107 2.663402678376696e-03 4.213307694616393e-03
108 2.543004274239818e-03 4.211619864217252e-03
109 2.419700235475754e-03 4.203229607091747e-03
110 2.293646299821824e-03 4.188301966171770e-03
111 2.164998205015342e-03 4.167001984389210e-03
112 2.033911688793623e-03 4.139494704675960e-03
113 1.900542488893987e-03 4.105945169963907e-03
114 1.765046343053747e-03 4.066518423184947e-03
115 1.627578989010219e-03 4.021379507270968e-03
116 1.488296164500721e-03 3.970693465153860e-03
117 1.347353607262569e-03 3.914625339765517e-03
118 1.204907055033080e-03 3.853340174037827e-03
119 1.061112245549568e-03 3.787003010902683e-03
120 9.161249165493519e-04 3.715778893291975e-03
121 7.701008057697459e-04 3.639832864137594e-03
122 6.231956509480670e-04 3.559329966371429e-03
123 4.755651898216316e-04 3.474435242925375e-03
124 3.273651601277559e-04 3.385313736731319e-03
125 1.787512996037560e-04 3.292130490721154e-03
126 2.987934598694747e-05 3.195050547826769e-03
127 -1.190949629853516e-04 3.094238950980057e-03
128 -2.680158895758258e-04 2.989860743112910e-03
129 -4.167276960471593e-04 2.882080967157216e-03
130 -5.650746446620356e-04 2.771064666044866e-03
131 -7.129009976831384e-04 2.656976882707753e-03
132 -8.600510173731516e-04 2.539982660077766e-03
133 -1.006368965994758e-03 2.420247041086798e-03
134 -1.151699105810643e-03 2.297935068666739e-03
135 -1.295885699083489e-03 2.173211785749478e-03
136 -1.438773008075980e-03 2.046242235266908e-03
137 -1.580205295050800e-03 1.917191460150920e-03
138 -1.720026822270632e-03 1.786224503333404e-03
139 -1.858081851998161e-03 1.653506407746251e-03
140 -1.994214646496070e-03 1.519202216321351e-03
141 -2.128269468027043e-03 1.383476971990597e-03
142 -2.260090578853763e-03 1.246495717685879e-03
143 -2.389522241238915e-03 1.108423496339088e-03
144 -2.516408717445181e-03 9.694253508821139e-04
145 -2.640594269735246e-03 8.296663242468493e-04
146 -2.761923160371794e-03 6.893114593651838e-04
147 -2.880239651617507e-03 5.485257991690089e-04
148 -2.995388005735072e-03 4.074743865902142e-04
149 -3.107212484987169e-03 2.663222645606926e-04
150 -3.215557351636484e-03 1.252344760123340e-04
151 -3.320266867945700e-03 -1.562393612296991e-05
152 -3.421185296177500e-03 -1.560879289133294e-04
153 -3.518156898594569e-03 -2.959924594268528e-04
154 -3.611025937459590e-03 -4.351724847316496e-04
155 -3.699636675035249e-03 -5.734629618958287e-04
156 -3.783833373584226e-03 -7.106988479874990e-04
157 -3.863460295369207e-03 -8.467151000747708e-04
158 -3.938361702652875e-03 -9.813466752257517e-04
159 -4.008381857697915e-03 -1.114428530508551e-03
160 -4.073365022767008e-03 -1.245795622991278e-03
161 -4.133155460122839e-03 -1.375282909742042e-03
162 -4.187597432028094e-03 -1.502725347828952e-03
163 -4.236535200745455e-03 -1.627957894320117e-03
164 -4.279813028537605e-03 -1.750815506283647e-03
165 -4.317275177667228e-03 -1.871133140787650e-03

Lines

1 1 2
2 2 3
3 3 4
4 4 5
5 5 6
6 6 7
7 7 8
8 8 9
9 9 10
10 10 11
11 11 12
12 12 13
13 13 14
14 14 15
15 15 16
16 16 17
17 17 18
18 18 19
19 19 20
20 20 21
21 21 22
22 22 23
23 23 24
24 24 25
25 25 26
26 26 27
27 27 28
28 28 29
29 29 30
30 30 31
31 31 32
32 32 33
33 33 34
34 34 35
35 35 36
36 36 37
37 37 38
38 38 39
39 39 40
40 40 41
41 41 42
42 42 43
43 43 44
44 44 45
45 45 46
46 46 47
47 47 48
48 48 49
49 49 50
50 50 51
51 51 52
52 52 53
53 53 54
54 54 55
55 55 56
56 56 57
57 57 58
58 58 59
59 59 60
60 60 61
61 61 62
62 62 63
63 63 64
64 64 65
65 65 66
66 66 67
67 67 68
68 68 69
69 69 70
70 70 71
71 71 72
72 72 73
73 73 74
74 74 75
75 75 76
76 76 77
77 77 78
78 78 79
79 79 80
80 80 81
81 81 82
82 82 83
83 83 84
84 84 85
85 85 86
86 86 87
87 87 88
88 88 89
89 89 90
90 90 91
91 91 92
92 92 93
93 93 94
94 94 95
95 95 96
96 96 97
97 97 98
98 98 99
99 99 100
100 100 101
101 101 102
102 102 103
103 103 104
104 104 105
105 105 106
106 106 107
107 107 108
108 108 109
109 109 110
110 110 111
111 111 112
112 112 113
113 113 114
114 114 115
115 115 116
116 116 117
117 117 118
118 118 119
119 119 120
120 120 121
121 121 122
122 122 123
123 123 124
124 124 125
125 125 126
126 126 127
127 127 128
128 128 129
129 129 130
130 130 131
131 131 132
132 132 133
133 133 134
134 134 135
135 135 136
136 136 137
137 137 138
138 138 139
139 139 140
140 140 141
141 141 142
142 142 143
143 143 144
144 144 145
145 145 146
146 146 147
147 147 148
148 148 149
149 149 150
150 150 151
151 151 152
152 152 153
153 153 154
154 154 155
155 155 156
156 156 157
157 157 158
158 158 159
159 159 160
160 160 161
161 161 162
162 162 163
163 163 164
164 164 165
165 165 1
