shape_7

138 points
138 lines

Points

1 -4.783738531412554e-03 -5.244161215353076e-04
2 -4.874162391147839e-03 -5.419195452248043e-04
3 -4.943553011032038e-03 -5.569475457807391e-04
4 -4.992666115752487e-03 -5.695820818335067e-04
5 -5.022257429996530e-03 -5.799051120135016e-04
6 -5.033082678451505e-03 -5.879985949511184e-04
7 -5.025897585804752e-03 -5.939444892767512e-04
8 -5.001457876743612e-03 -5.978247536207951e-04
9 -4.960519275955423e-03 -5.997213466136438e-04
10 -4.903837508127526e-03 -5.997162268856922e-04
11 -4.832168297947260e-03 -5.978913530673351e-04
12 -4.746267370101967e-03 -5.943286837889665e-04
13 -4.646890449278983e-03 -5.891101776809804e-04
14 -4.534793260165653e-03 -5.823177933737726e-04
15 -4.410731527449310e-03 -5.740334894977366e-04
16 -4.275460975817301e-03 -5.643392246832671e-04
17 -4.129737329956962e-03 -5.533169575607586e-04
18 -3.974316314555634e-03 -5.410486467606057e-04
19 -3.809953654300658e-03 -5.276162509132027e-04
20 -3.637405073879369e-03 -5.131017286489440e-04
21 -3.457426297979114e-03 -4.975870385982245e-04
22 -3.270773051287226e-03 -4.811541393914380e-04
23 -3.078201058491050e-03 -4.638849896589797e-04
24 -2.880466044277923e-03 -4.458615480312437e-04
25 -2.678323733335185e-03 -4.271657731386245e-04
26 -2.472529850350178e-03 -4.078796236115165e-04
27 -2.263840120010240e-03 -3.880850580803144e-04
28 -2.053010267002712e-03 -3.678640351754125e-04
29 -1.840796016014932e-03 -3.472985135272053e-04
30 -1.627953091734241e-03 -3.264704517660874e-04
31 -1.415237218847980e-03 -3.054618085224532e-04
32 -1.203404122043488e-03 -2.843545424266972e-04
33 -9.932095260081041e-04 -2.632306121092137e-04
34 -7.854091554291685e-04 -2.421719762003974e-04
35 -5.807587349940219e-04 -2.212605933306427e-04
36 -3.800139893900032e-04 -2.005784221303441e-04
37 -1.839306433044527e-04 -1.802074212298960e-04
38 6.735578575290686e-06 -1.602295492596928e-04
39 1.912289515618854e-04 -1.407267648501293e-04
40 3.687937509679921e-04 -1.217810266315997e-04
41 5.386742521062714e-04 -1.034742932344986e-04
42 7.001147302893832e-04 -8.588852328922042e-05
43 8.523594608299876e-04 -6.910567542615966e-05
44 9.946527190407449e-04 -5.320770827571079e-05
45 1.126238780234315e-03 -3.827658046826821e-05
46 1.246361919723359e-03 -2.439425063422656e-05
47 1.354266412820535e-03 -1.164267740398023e-05
48 1.437460897001615e-03 -1.200857518049242e-06
49 1.532971142429175e-03 1.164085837928737e-05
50 1.639734745418803e-03 2.670292425487593e-05
51 1.756689302286086e-03 4.380579407556276e-05
52 1.882772409346613e-03 6.276992180819422e-05
53 2.016921662915970e-03 8.341576141961657e-05
54 2.158074659309746e-03 1.055637668766762e-04
55 2.305168994843526e-03 1.290343921462194e-04
56 2.457142265832900e-03 1.536480911950926e-04
57 2.612932068593454e-03 1.792253179901420e-04
58 2.771475999440778e-03 2.055865264982139e-04
59 2.931711654690455e-03 2.325521706861547e-04
60 3.092576630658076e-03 2.599427045208107e-04
61 3.253008523659229e-03 2.875785819690284e-04
62 3.411944930009500e-03 3.152802569976538e-04
63 3.568323446024477e-03 3.428681835735335e-04
64 3.721081668019747e-03 3.701628156635137e-04
65 3.869157192310898e-03 3.969846072344408e-04
66 4.011487615213517e-03 4.231540122531610e-04
67 4.147010533043194e-03 4.484914846865208e-04
68 4.274663542115514e-03 4.728174785013663e-04
69 4.393384238746064e-03 4.959524476645441e-04
70 4.502110219250434e-03 5.177168461429003e-04
71 4.599779079944208e-03 5.379311279032813e-04
72 4.685328417142978e-03 5.564157469125334e-04
73 4.757695827162328e-03 5.729911571375031e-04
74 4.815818906317848e-03 5.874778125450368e-04
75 4.858635250925124e-03 5.996961671019803e-04
76 4.885082457299744e-03 6.094666747751804e-04
77 4.894098121757296e-03 6.166097895314831e-04
78 4.884619840613366e-03 6.209459653377352e-04
79 4.855585210183542e-03 6.222956561607825e-04
80 4.805931826783414e-03 6.204793159674716e-04
81 4.734597286728566e-03 6.153173987246489e-04
82 4.598035821253842e-03 6.038209404403834e-04
83 4.458230107395686e-03 5.918764175659375e-04
84 4.315302162646877e-03 5.794925062689216e-04
85 4.169374004500194e-03 5.666778827169465e-04
86 4.020567650448417e-03 5.534412230776230e-04
87 3.869005117984327e-03 5.397912035185619e-04
88 3.714808424600701e-03 5.257365002073736e-04
89 3.558099587790321e-03 5.112857893116690e-04
90 3.399000625045965e-03 4.964477469990590e-04
91 3.237633553860414e-03 4.812310494371538e-04
92 3.074120391726445e-03 4.656443727935643e-04
93 2.908583156136841e-03 4.496963932359015e-04
94 2.741143864584379e-03 4.333957869317759e-04
95 2.571924534561839e-03 4.167512300487980e-04
96 2.401047183562002e-03 3.997713987545788e-04
97 2.228633829077647e-03 3.824649692167290e-04
98 2.054806488601552e-03 3.648406176028591e-04
99 1.879687179626498e-03 3.469070200805799e-04
100 1.703397919645265e-03 3.286728528175021e-04
101 1.526060726150631e-03 3.101467919812365e-04
102 1.347797616635379e-03 2.913375137393938e-04
103 1.168730608592284e-03 2.722536942595844e-04
104 9.889817195141276e-04 2.529040097094193e-04
105 8.086729668936906e-04 2.332971362565094e-04
106 6.279263682237511e-04 2.134417500684649e-04
107 4.468639409970878e-04 1.933465273128968e-04
108 2.656077027064833e-04 1.730201441574158e-04
109 8.427967084471524e-05 1.524712767696325e-04
110 -9.699813709543758e-05 1.317086013171577e-04
111 -2.781037036211943e-04 1.107407939676021e-04
112 -4.589150112397741e-04 8.957653088857644e-05
113 -6.393100424584003e-04 6.822448824769125e-05
114 -8.191667797842923e-04 4.669334221255732e-05
115 -9.983632057246686e-04 2.499176895078559e-05
116 -1.176777302786752e-03 3.128444629986395e-06
117 -1.354287053477763e-03 -1.888795458222942e-05
118 -1.530770440304919e-03 -4.104875251825094e-05
119 -1.706105445775445e-03 -6.334527301046785e-05
120 -1.880170052396558e-03 -8.576883989126920e-05
121 -2.052842242675479e-03 -1.083107769930443e-04
122 -2.223999999119428e-03 -1.309624081481824e-04
123 -2.393521304235627e-03 -1.537150571890730e-04
124 -2.561284140531295e-03 -1.765600479481052e-04
125 -2.727166490513653e-03 -1.994887042576682e-04
126 -2.891046336689923e-03 -2.224923499501516e-04
127 -3.052801661567323e-03 -2.455623088579446e-04
128 -3.212310447653073e-03 -2.686899048134362e-04
129 -3.369450677454396e-03 -2.918664616490163e-04
130 -3.524100333478511e-03 -3.150833031970736e-04
131 -3.676137398232637e-03 -3.383317532899975e-04
132 -3.825439854223997e-03 -3.616031357601777e-04
133 -3.971885683959811e-03 -3.848887744400031e-04
134 -4.115352869947297e-03 -4.081799931618630e-04
135 -4.255719394693679e-03 -4.314681157581469e-04
136 -4.392863240706175e-03 -4.547444660612440e-04
137 -4.526662390492005e-03 -4.780003679035436e-04
138 -4.656994826558391e-03 -5.012271451174349e-04

Lines

1 1 2
2 2 3
3 3 4
4 4 5
5 5 6
6 6 7
7 7 8
8 8 9
9 9 10
10 10 11
11 11 12
12 12 13
13 13 14
14 14 15
15 15 16
16 16 17
17 17 18
18 18 19
19 19 20
20 20 21
21 21 22
22 22 23
23 23 24
24 24 25
25 25 26
26 26 27
27 27 28
28 28 29
29 29 30
30 30 31
31 31 32
32 32 33
33 33 34
34 34 35
35 35 36
36 36 37
37 37 38
38 38 39
39 39 40
40 40 41
41 41 42
42 42 43
43 43 44
44 44 45
45 45 46
46 46 47
47 47 48
48 48 49
49 49 50
50 50 51
51 51 52
52 52 53
53 53 54
54 54 55
55 55 56
56 56 57
57 57 58
58 58 59
59 59 60
60 60 61
61 61 62
62 62 63
63 63 64
64 64 65
65 65 66
66 66 67
67 67 68
68 68 69
69 69 70
70 70 71
71 71 72
72 72 73
73 73 74
74 74 75
75 75 76
76 76 77
77 77 78
78 78 79
79 79 80
80 80 81
81 81 82
82 82 83
83 83 84
84 84 85
85 85 86
86 86 87
87 87 88
88 88 89
89 89 90
90 90 91
91 91 92
92 92 93
93 93 94
94 94 95
95 95 96
96 96 97
97 97 98
98 98 99
99 99 100
100 100 101
101 101 102
102 102 103
103 103 104
104 104 105
105 105 106
106 106 107
107 107 108
108 108 109
109 109 110
110 110 111
111 111 112
112 112 113
113 113 114
114 114 115
115 115 116
116 116 117
117 117 118
118 118 119
119 119 120
120 120 121
121 121 122
122 122 123
123 123 124
124 124 125
125 125 126
126 126 127
127 127 128
128 128 129
129 129 130
130 130 131
131 131 132
132 132 133
133 133 134
134 134 135
135 135 136
136 136 137
137 137 138
138 138 1
