shape_91

134 points
134 lines

Points

1 2.169561073461630e-03 -4.315336242191505e-03
2 2.225248001225110e-03 -4.398225331332592e-03
3 2.270543130285988e-03 -4.461219617072249e-03
4 2.305811914746645e-03 -4.505043155590424e-03
5 2.331419808709469e-03 -4.530420003067070e-03
6 2.347732266276844e-03 -4.538074215682139e-03
7 2.355114741551159e-03 -4.528729849615581e-03
8 2.353932688634793e-03 -4.503110961047341e-03
9 2.344551561630137e-03 -4.461941606157377e-03
10 2.327336814639574e-03 -4.405945841125638e-03
11 2.302653901765489e-03 -4.335847722132070e-03
12 2.270868277110268e-03 -4.252371305356627e-03
13 2.232345394776296e-03 -4.156240646979260e-03
14 2.187450708865959e-03 -4.048179803179918e-03
15 2.136549673481643e-03 -3.928912830138554e-03
16 2.080007742725731e-03 -3.799163784035117e-03
17 2.018190370700610e-03 -3.659656721049556e-03
18 1.951463011508667e-03 -3.511115697361827e-03
19 1.880191119252284e-03 -3.354264769151874e-03
20 1.804740148033848e-03 -3.189827992599651e-03
21 1.725475551955745e-03 -3.018529423885109e-03
22 1.642762785120358e-03 -2.841093119188196e-03
23 1.556967301630075e-03 -2.658243134688865e-03
24 1.468454555587281e-03 -2.470703526567066e-03
25 1.377590001094360e-03 -2.279198351002750e-03
26 1.284739092253698e-03 -2.084451664175867e-03
27 1.190267283167681e-03 -1.887187522266366e-03
28 1.094540027938694e-03 -1.688129981454202e-03
29 9.979227806691216e-04 -1.488003097919321e-03
30 9.007809954613496e-04 -1.287530927841674e-03
31 8.034801264177635e-04 -1.087437527401215e-03
32 7.063856276407494e-04 -8.884469527778924e-04
33 6.098629532326915e-04 -6.912832601516562e-04
34 5.142775572959756e-04 -4.966705057024577e-04
35 4.199948939329874e-04 -3.053327456102490e-04
36 3.273804172461117e-04 -1.179940360549778e-04
37 2.367995813377340e-04 6.462156678340380e-05
38 1.486178403102398e-04 2.417900067249452e-04
39 6.320064826601485e-05 4.127872275896951e-04
40 -1.908654069255623e-05 5.768891731977046e-04
41 -9.787827246308779e-05 7.333717873690221e-04
42 -1.728090929431940e-04 8.815110139236965e-04
43 -2.435135480304903e-04 1.020582796681779e-03
44 -3.096261836225909e-04 1.149863079463317e-03
45 -3.707815456171103e-04 1.268627806088361e-03
46 -4.266141799116632e-04 1.376152920376960e-03
47 -4.688952684633734e-04 1.455513876263972e-03
48 -5.180021872768582e-04 1.544748937862032e-03
49 -5.733546559096652e-04 1.642935217469614e-03
50 -6.343723939193421e-04 1.749149827385193e-03
51 -7.004751208634360e-04 1.862469879907243e-03
52 -7.710825562994943e-04 1.981972487334238e-03
53 -8.456144197850650e-04 2.106734761964655e-03
54 -9.234904308776952e-04 2.235833816096967e-03
55 -1.004130309134932e-03 2.368346762029649e-03
56 -1.086953774114324e-03 2.503350712061177e-03
57 -1.171380545373418e-03 2.639922778490024e-03
58 -1.256830342469761e-03 2.777140073614665e-03
59 -1.342722884960901e-03 2.914079709733575e-03
60 -1.428477892404385e-03 3.049818799145230e-03
61 -1.513515084357762e-03 3.183434454148102e-03
62 -1.597254180378577e-03 3.314003787040668e-03
63 -1.679114900024380e-03 3.440603910121401e-03
64 -1.758516962852716e-03 3.562311935688777e-03
65 -1.834880088421135e-03 3.678204976041272e-03
66 -1.907623996287183e-03 3.787360143477357e-03
67 -1.976168406008407e-03 3.888854550295509e-03
68 -2.039933037142356e-03 3.981765308794202e-03
69 -2.098337609246577e-03 4.065169531271912e-03
70 -2.150801841878616e-03 4.138144330027113e-03
71 -2.196745454596022e-03 4.199766817358280e-03
72 -2.235588166956343e-03 4.249114105563887e-03
73 -2.266749698517124e-03 4.285263306942407e-03
74 -2.289649768835915e-03 4.307291533792319e-03
75 -2.303708097470262e-03 4.314275898412095e-03
76 -2.308344403977713e-03 4.305293513100210e-03
77 -2.302978407915816e-03 4.279421490155139e-03
78 -2.287029828842118e-03 4.235736941875357e-03
79 -2.259918386314166e-03 4.173316980559337e-03
80 -2.203529218810427e-03 4.049975235069119e-03
81 -2.145360954815578e-03 3.923297228404770e-03
82 -2.085466556902370e-03 3.793411255181468e-03
83 -2.023898987643559e-03 3.660445610014397e-03
84 -1.960711209611899e-03 3.524528587518741e-03
85 -1.895956185380144e-03 3.385788482309683e-03
86 -1.829686877521047e-03 3.244353589002405e-03
87 -1.761956248607365e-03 3.100352202212089e-03
88 -1.692817261211850e-03 2.953912616553919e-03
89 -1.622322877907255e-03 2.805163126643077e-03
90 -1.550526061266338e-03 2.654232027094747e-03
91 -1.477479773861849e-03 2.501247612524111e-03
92 -1.403236978266546e-03 2.346338177546353e-03
93 -1.327850637053180e-03 2.189632016776654e-03
94 -1.251373712794507e-03 2.031257424830197e-03
95 -1.173859168063280e-03 1.871342696322166e-03
96 -1.095359965432254e-03 1.710016125867743e-03
97 -1.015929067474184e-03 1.547406008082112e-03
98 -9.356194367618227e-04 1.383640637580455e-03
99 -8.544840358679243e-04 1.218848308977953e-03
100 -7.725758273652433e-04 1.053157316889791e-03
101 -6.899477738265344e-04 8.866959559311517e-04
102 -6.066528378245513e-04 7.195925207172176e-04
103 -5.227439819320481e-04 5.519753058631707e-04
104 -4.382741687217793e-04 3.839726059841957e-04
105 -3.532963607664990e-04 2.157127156954741e-04
106 -2.678635206389609e-04 4.732392961218829e-05
107 -1.820286109119195e-04 -1.210654576504784e-04
108 -9.584459415812931e-05 -2.893271514773421e-04
109 -9.364432950343827e-06 -4.573328572532221e-04
110 7.735891013868198e-05 -6.249542803629333e-04
111 1.642724725361950e-04 -7.920631261912952e-04
112 2.513232916694402e-04 -9.585311001231233e-04
113 3.384584049656634e-04 -1.124229907543235e-03
114 4.256248498521109e-04 -1.289031253836448e-03
115 5.127696637560279e-04 -1.452806844387579e-03
116 5.998398841046611e-04 -1.615428384581446e-03
117 6.867825483252557e-04 -1.776767579802865e-03
118 7.735446938450579e-04 -1.936696135436655e-03
119 8.600733580913128e-04 -2.095085756867630e-03
120 9.463155784912673e-04 -2.251808149480611e-03
121 1.032218392472167e-03 -2.406735018660413e-03
122 1.117728837461256e-03 -2.559738069791853e-03
123 1.202793950885783e-03 -2.710689008259750e-03
124 1.287360770172991e-03 -2.859459539448918e-03
125 1.371376332750128e-03 -3.005921368744177e-03
126 1.454787676044439e-03 -3.149946201530343e-03
127 1.537541837483170e-03 -3.291405743192235e-03
128 1.619585854493567e-03 -3.430171699114667e-03
129 1.700866764502875e-03 -3.566115774682458e-03
130 1.781331604938340e-03 -3.699109675280427e-03
131 1.860927413227208e-03 -3.829025106293387e-03
132 1.939601226796726e-03 -3.955733773106158e-03
133 2.017300083074137e-03 -4.079107381103557e-03
134 2.093971019486690e-03 -4.199017635670400e-03

Lines

1 1 2
2 2 3
3 3 4
4 4 5
5 5 6
6 6 7
7 7 8
8 8 9
9 9 10
10 10 11
11 11 12
12 12 13
13 13 14
14 14 15
15 15 16
16 16 17
17 17 18
18 18 19
19 19 20
20 20 21
21 21 22
22 22 23
23 23 24
24 24 25
25 25 26
26 26 27
27 27 28
28 28 29
29 29 30
30 30 31
31 31 32
32 32 33
33 33 34
34 34 35
35 35 36
36 36 37
37 37 38
38 38 39
39 39 40
40 40 41
41 41 42
42 42 43
43 43 44
44 44 45
45 45 46
46 46 47
47 47 48
48 48 49
49 49 50
50 50 51
51 51 52
52 52 53
53 53 54
54 54 55
55 55 56
56 56 57
57 57 58
58 58 59
59 59 60
60 60 61
61 61 62
62 62 63
63 63 64
64 64 65
65 65 66
66 66 67
67 67 68
68 68 69
69 69 70
70 70 71
71 71 72
72 72 73
73 73 74
74 74 75
75 75 76
76 76 77
77 77 78
78 78 79
79 79 80
80 80 81
81 81 82
82 82 83
83 83 84
84 84 85
85 85 86
86 86 87
87 87 88
88 88 89
89 89 90
90 90 91
91 91 92
92 92 93
93 93 94
94 94 95
95 95 96
96 96 97
97 97 98
98 98 99
99 99 100
100 100 101
101 101 102
102 102 103
103 103 104
104 104 105
105 105 106
106 106 107
107 107 108
108 108 109
109 109 110
110 110 111
111 111 112
112 112 113
113 113 114
114 114 115
115 115 116
116 116 117
117 117 118
118 118 119
119 119 120
120 120 121
121 121 122
122 122 123
123 123 124
124 124 125
125 125 126
126 126 127
127 127 128
128 128 129
129 129 130
130 130 131
131 131 132
132 132 133
133 133 134
134 134 1
