shape_70

164 points
164 lines

Points

1 -4.028113317158057e-03 -3.111877224998433e-03
2 -3.992599500834074e-03 -3.213359006051146e-03
3 -3.946302694098280e-03 -3.307315940830085e-03
4 -3.889626332278999e-03 -3.393905026759431e-03
5 -3.822973850704556e-03 -3.473283261263364e-03
6 -3.746748684703270e-03 -3.545607641766061e-03
7 -3.661354269603470e-03 -3.611035165691704e-03
8 -3.567194040733474e-03 -3.669722830464471e-03
9 -3.464671433421610e-03 -3.721827633508540e-03
10 -3.354189882996198e-03 -3.767506572248094e-03
11 -3.236152824785564e-03 -3.806916644107309e-03
12 -3.110963694118031e-03 -3.840214846510367e-03
13 -2.979025926321922e-03 -3.867558176881446e-03
14 -2.840742956725559e-03 -3.889103632644724e-03
15 -2.696518220657268e-03 -3.905008211224384e-03
16 -2.546755153445372e-03 -3.915428910044602e-03
17 -2.391857190418191e-03 -3.920522726529558e-03
18 -2.232227766904054e-03 -3.920446658103433e-03
19 -2.068270318231281e-03 -3.915357702190406e-03
20 -1.900388279728196e-03 -3.905412856214656e-03
21 -1.728985086723122e-03 -3.890769117600361e-03
22 -1.554464174544384e-03 -3.871583483771702e-03
23 -1.377228978520304e-03 -3.848012952152859e-03
24 -1.197682933979207e-03 -3.820214520168008e-03
25 -1.016229476249413e-03 -3.788345185241332e-03
26 -8.332720406592503e-04 -3.752561944797008e-03
27 -6.492140625370392e-04 -3.713021796259220e-03
28 -4.644589772111038e-04 -3.669881737052141e-03
29 -2.794102200097684e-04 -3.623298764599954e-03
30 -9.447122626135499e-05 -3.573429876326838e-03
31 8.995456870581145e-05 -3.520432069656972e-03
32 2.734637295634091e-04 -3.464462342014535e-03
33 4.556528209831132e-04 -3.405677690823707e-03
34 6.361184076366011e-04 -3.344235113508667e-03
35 8.144570541955482e-04 -3.280291607493596e-03
36 9.902653253316324e-04 -3.214004170202670e-03
37 1.163139785716529e-03 -3.145529799060073e-03
38 1.332677000021916e-03 -3.075025491489979e-03
39 1.498473532919469e-03 -3.002648244916572e-03
40 1.660125949080864e-03 -2.928555056764029e-03
41 1.817230813177779e-03 -2.852902924456529e-03
42 1.969384689881890e-03 -2.775848845418253e-03
43 2.116184143864873e-03 -2.697549817073380e-03
44 2.257225739798404e-03 -2.618162836846089e-03
45 2.392106042354161e-03 -2.537844902160559e-03
46 2.520421616203821e-03 -2.456753010440970e-03
47 2.641769026019058e-03 -2.375044159111501e-03
48 2.755744836471551e-03 -2.292875345596332e-03
49 2.861945612232975e-03 -2.210403567319641e-03
50 2.959967917975007e-03 -2.127785821705609e-03
51 3.049408318369324e-03 -2.045179106178416e-03
52 3.129863378087602e-03 -1.962740418162239e-03
53 3.200929661801518e-03 -1.880626755081258e-03
54 3.262203734182748e-03 -1.798995114359654e-03
55 3.313679127955173e-03 -1.716630266506615e-03
56 3.360864937174608e-03 -1.624974642644939e-03
57 3.403808321368502e-03 -1.524484843987471e-03
58 3.442556440064311e-03 -1.415617471747062e-03
59 3.477156452789489e-03 -1.298829127136559e-03
60 3.507655519071488e-03 -1.174576411368809e-03
61 3.534100798437766e-03 -1.043315925656661e-03
62 3.556539450415772e-03 -9.055042712129617e-04
63 3.575018634532963e-03 -7.615980492505602e-04
64 3.589585510316793e-03 -6.120538609823037e-04
65 3.600287237294715e-03 -4.573283076210398e-04
66 3.607170974994182e-03 -2.978779903796169e-04
67 3.610283882942650e-03 -1.341595104708831e-04
68 3.609673120667572e-03 3.337053089231478e-05
69 3.605385847696400e-03 2.042555324971276e-04
70 3.597469223556591e-03 3.780388931307083e-04
71 3.585970407775598e-03 5.542640115802083e-04
72 3.570936559880873e-03 7.324742866327808e-04
73 3.552414839399872e-03 9.122131170755776e-04
74 3.530452405860049e-03 1.093023901695750e-03
75 3.505096418788856e-03 1.274450039280451e-03
76 3.476394037713747e-03 1.456034928616832e-03
77 3.444392422162179e-03 1.637321968492046e-03
78 3.409138731661603e-03 1.817854557693244e-03
79 3.370680125739474e-03 1.997176095007579e-03
80 3.329063763923246e-03 2.174829979222204e-03
81 3.284336805740371e-03 2.350359609124269e-03
82 3.236546410718306e-03 2.523308383500929e-03
83 3.185739738384502e-03 2.693219701139331e-03
84 3.131963948266415e-03 2.859636960826633e-03
85 3.075266199891498e-03 3.022103561349983e-03
86 3.015693652787206e-03 3.180162901496536e-03
87 2.953293466480991e-03 3.333358380053442e-03
88 2.888112800500308e-03 3.481233395807854e-03
89 2.820198814372610e-03 3.623331347546925e-03
90 2.749598667625353e-03 3.759195634057805e-03
91 2.676359519785989e-03 3.888369654127648e-03
92 2.600528530381972e-03 4.010396806543605e-03
93 2.522152858940758e-03 4.124820490092829e-03
94 2.441279664989797e-03 4.231184103562471e-03
95 2.357956108056546e-03 4.329031045739685e-03
96 2.272229347668459e-03 4.417904715411622e-03
97 2.184146543352988e-03 4.497348511365432e-03
98 2.093754854637588e-03 4.566905832388271e-03
99 2.001101441049714e-03 4.626120077267288e-03
100 1.906233462116817e-03 4.674534644789638e-03
101 1.809198077366354e-03 4.711692933742470e-03
102 1.710042446325776e-03 4.737138342912939e-03
103 1.608813728522539e-03 4.750414271088195e-03
104 1.505559083484097e-03 4.751064117055392e-03
105 1.400325670737902e-03 4.738631279601680e-03
106 1.272725523169606e-03 4.712053363186799e-03
107 1.143537973412322e-03 4.678106241393321e-03
108 1.012910224030070e-03 4.636988267815646e-03
109 8.809894775868679e-04 4.588897796048178e-03
110 7.479229366467338e-04 4.534033179685312e-03
111 6.138578037736863e-04 4.472592772321457e-03
112 4.789412815317435e-04 4.404774927551007e-03
113 3.433205724849244e-04 4.330777998968370e-03
114 2.071428791972466e-04 4.250800340167941e-03
115 7.055540423272897e-05 4.165040304744128e-03
116 -6.629464984461012e-05 4.073696246291324e-03
117 -2.032600804707529e-04 3.976966518403939e-03
118 -3.401936850816799e-04 3.875049474676367e-03
119 -4.769482611133736e-04 3.768143468703012e-03
120 -6.133766060018156e-04 3.656446854078278e-03
121 -7.493315171829872e-04 3.540157984396564e-03
122 -8.846657920928699e-04 3.419475213252268e-03
123 -1.019232228167446e-03 3.294596894239795e-03
124 -1.152883622842696e-03 3.165721380953547e-03
125 -1.285472773554603e-03 3.033047026987923e-03
126 -1.416852477739147e-03 2.896772185937325e-03
127 -1.546875532832311e-03 2.757095211396154e-03
128 -1.675394736270077e-03 2.614214456958812e-03
129 -1.802262885488425e-03 2.468328276219699e-03
130 -1.927332777923337e-03 2.319635022773216e-03
131 -2.050457211010796e-03 2.168333050213767e-03
132 -2.171488982186782e-03 2.014620712135752e-03
133 -2.290280888887276e-03 1.858696362133571e-03
134 -2.406685728548262e-03 1.700758353801625e-03
135 -2.520556298605721e-03 1.541005040734317e-03
136 -2.631745396495633e-03 1.379634776526048e-03
137 -2.740105819653982e-03 1.216845914771218e-03
138 -2.845490365516748e-03 1.052836809064228e-03
139 -2.947751831519912e-03 8.878058129994819e-04
140 -3.046743015099458e-03 7.219512801713778e-04
141 -3.142316713691365e-03 5.554715641743201e-04
142 -3.234325724731618e-03 3.885650186027072e-04
143 -3.322622845656194e-03 2.214299970509421e-04
144 -3.407060873901078e-03 5.426485311342477e-05
145 -3.487492606902251e-03 -1.127320596154423e-04
146 -3.563770842095695e-03 -2.793623875412594e-04
147 -3.635748376917390e-03 -4.454277770696229e-04
148 -3.703278008803319e-03 -6.107298746061343e-04
149 -3.766212535189463e-03 -7.750703265563896e-04
150 -3.824404753511804e-03 -9.382507793259902e-04
151 -3.877707461206324e-03 -1.100072879320533e-03
152 -3.925973455709004e-03 -1.260338272945618e-03
153 -3.969055534455826e-03 -1.418848606606844e-03
154 -4.006806494882772e-03 -1.575405526709807e-03
155 -4.039079134425821e-03 -1.729810679660109e-03
156 -4.065726250520958e-03 -1.881865711863347e-03
157 -4.086600640604163e-03 -2.031372269725121e-03
158 -4.101555102111417e-03 -2.178131999651029e-03
159 -4.110442432478704e-03 -2.321946548046670e-03
160 -4.113115429142004e-03 -2.462617561317642e-03
161 -4.109426889537298e-03 -2.599946685869545e-03
162 -4.099229611100570e-03 -2.733735568107976e-03
163 -4.082376391267798e-03 -2.863785854438536e-03
164 -4.058720027474967e-03 -2.989899191266822e-03

Lines

1 1 2
2 2 3
3 3 4
4 4 5
5 5 6
6 6 7
7 7 8
8 8 9
9 9 10
10 10 11
11 11 12
12 12 13
13 13 14
14 14 15
15 15 16
16 16 17
17 17 18
18 18 19
19 19 20
20 20 21
21 21 22
22 22 23
23 23 24
24 24 25
25 25 26
26 26 27
27 27 28
28 28 29
29 29 30
30 30 31
31 31 32
32 32 33
33 33 34
34 34 35
35 35 36
36 36 37
37 37 38
38 38 39
39 39 40
40 40 41
41 41 42
42 42 43
43 43 44
44 44 45
45 45 46
46 46 47
47 47 48
48 48 49
49 49 50
50 50 51
51 51 52
52 52 53
53 53 54
54 54 55
55 55 56
56 56 57
57 57 58
58 58 59
59 59 60
60 60 61
61 61 62
62 62 63
63 63 64
64 64 65
65 65 66
66 66 67
67 67 68
68 68 69
69 69 70
70 70 71
71 71 72
72 72 73
73 73 74
74 74 75
75 75 76
76 76 77
77 77 78
78 78 79
79 79 80
80 80 81
81 81 82
82 82 83
83 83 84
84 84 85
85 85 86
86 86 87
87 87 88
88 88 89
89 89 90
90 90 91
91 91 92
92 92 93
93 93 94
94 94 95
95 95 96
96 96 97
97 97 98
98 98 99
99 99 100
100 100 101
101 101 102
102 102 103
103 103 104
104 104 105
105 105 106
106 106 107
107 107 108
108 108 109
109 109 110
110 110 111
111 111 112
112 112 113
113 113 114
114 114 115
115 115 116
116 116 117
117 117 118
118 118 119
119 119 120
120 120 121
121 121 122
122 122 123
123 123 124
124 124 125
125 125 126
126 126 127
127 127 128
128 128 129
129 129 130
130 130 131
131 131 132
132 132 133
133 133 134
134 134 135
135 135 136
136 136 137
137 137 138
138 138 139
139 139 140
140 140 141
141 141 142
142 142 143
143 143 144
144 144 145
145 145 146
146 146 147
147 147 148
148 148 149
149 149 150
150 150 151
151 151 152
152 152 153
153 153 154
154 154 155
155 155 156
156 156 157
157 157 158
158 158 159
159 159 160
160 160 161
161 161 162
162 162 163
163 163 164
164 164 1
