shape_48

154 points
154 lines

Points

1 -1.707230466976630e-03 -4.400126834497203e-03
2 -1.712079146120842e-03 -4.447058679665468e-03
3 -1.708157174656110e-03 -4.480935980508051e-03
4 -1.695964295663514e-03 -4.502381464030463e-03
5 -1.676000252224140e-03 -4.512017857238229e-03
6 -1.648764787419071e-03 -4.510467887136864e-03
7 -1.614757644329388e-03 -4.498354280731886e-03
8 -1.574478566036177e-03 -4.476299765028813e-03
9 -1.528427295620518e-03 -4.444927067033165e-03
10 -1.477103576163497e-03 -4.404858913750461e-03
11 -1.421007150746195e-03 -4.356718032186213e-03
12 -1.360637762449697e-03 -4.301127149345947e-03
13 -1.296495154355084e-03 -4.238708992235174e-03
14 -1.229079069543441e-03 -4.170086287859418e-03
15 -1.158889251095851e-03 -4.095881763224195e-03
16 -1.086425442093396e-03 -4.016718145335022e-03
17 -1.012187385617160e-03 -3.933218161197418e-03
18 -9.366748247482256e-04 -3.846004537816902e-03
19 -8.603875025676764e-04 -3.755700002198991e-03
20 -7.838251621565952e-04 -3.662927281349203e-03
21 -7.074875465960654e-04 -3.568309102273058e-03
22 -6.318743989671701e-04 -3.472468191976072e-03
23 -5.574854623509923e-04 -3.376027277463766e-03
24 -4.848204798286152e-04 -3.279609085741654e-03
25 -4.143791944811224e-04 -3.183836343815258e-03
26 -3.466613493895963e-04 -3.089331778690093e-03
27 -2.821666876351203e-04 -2.996718117371680e-03
28 -2.213949522987775e-04 -2.906618086865535e-03
29 -1.648458864616513e-04 -2.819654414177177e-03
30 -1.130192332048245e-04 -2.736449826312125e-03
31 -6.641473560938053e-05 -2.657627050275896e-03
32 -2.553213675640237e-05 -2.583808813074008e-03
33 9.128820273026808e-06 -2.515617841711980e-03
34 3.706839239782385e-05 -2.453676863195330e-03
35 5.778683653690562e-05 -2.398608604529576e-03
36 8.715422721740078e-05 -2.308441503319950e-03
37 1.190655945712392e-04 -2.208500751248896e-03
38 1.533655653475401e-04 -2.099252948081024e-03
39 1.898987662954230e-04 -1.981164693580946e-03
40 2.285098241640072e-04 -1.854702587513275e-03
41 2.690433657024121e-04 -1.720333229642624e-03
42 3.113440176597574e-04 -1.578523219733605e-03
43 3.552564067851620e-04 -1.429739157550830e-03
44 4.006251598277453e-04 -1.274447642858911e-03
45 4.472949035366270e-04 -1.113115275422461e-03
46 4.951102646609264e-04 -9.462086550060925e-04
47 5.439158699497628e-04 -7.741943813744173e-04
48 5.935563461522556e-04 -5.975390542920480e-04
49 6.438763200175241e-04 -4.167092735235968e-04
50 6.947204182946881e-04 -2.321716388336763e-04
51 7.459332677328664e-04 -4.439274998689858e-05
52 7.973594950811785e-04 1.461607932521240e-04
53 8.488437270887440e-04 3.390223911187782e-04
54 9.002305905046825e-04 5.337254438484535e-04
55 9.513647120781125e-04 7.298033516765363e-04
56 1.002090718558155e-03 9.267895148384148e-04
57 1.052253236693927e-03 1.124217333569476e-03
58 1.101696893234550e-03 1.321620208105107e-03
59 1.150266314929143e-03 1.518531538680697e-03
60 1.197806128526824e-03 1.714484725531634e-03
61 1.244160960776714e-03 1.909013168893304e-03
62 1.289175438427932e-03 2.101650269001094e-03
63 1.332694188229597e-03 2.291929426090395e-03
64 1.374561836930828e-03 2.479384040396591e-03
65 1.414623011280746e-03 2.663547512155073e-03
66 1.452722338028468e-03 2.843953241601225e-03
67 1.488704443923116e-03 3.020134628970438e-03
68 1.522413955713807e-03 3.191625074498098e-03
69 1.553695500149662e-03 3.357957978419593e-03
70 1.582393703979800e-03 3.518666740970310e-03
71 1.608353193953340e-03 3.673284762385637e-03
72 1.631418596819401e-03 3.821345442900962e-03
73 1.651434539327104e-03 3.962382182751674e-03
74 1.668245648225567e-03 4.095928382173157e-03
75 1.681696550263909e-03 4.221517441400802e-03
76 1.691631872191251e-03 4.338682760669996e-03
77 1.697896240756711e-03 4.446957740216125e-03
78 1.700334282709409e-03 4.545875780274579e-03
79 1.698790624798465e-03 4.634970281080743e-03
80 1.693109893772997e-03 4.713774642870007e-03
81 1.683136716382125e-03 4.781822265877759e-03
82 1.668715719374969e-03 4.838646550339382e-03
83 1.649691529500647e-03 4.883780896490272e-03
84 1.625908773508279e-03 4.916758704565807e-03
85 1.597212078146986e-03 4.937113374801383e-03
86 1.563446070165885e-03 4.944378307432381e-03
87 1.524455376314096e-03 4.938086902694194e-03
88 1.480084623340739e-03 4.917772560822206e-03
89 1.430178437994934e-03 4.882968682051807e-03
90 1.374581447025799e-03 4.833208666618382e-03
91 1.313138277182453e-03 4.768025914757321e-03
92 1.238764235205628e-03 4.680794818266124e-03
93 1.165206438417720e-03 4.588801071112313e-03
94 1.092467143434549e-03 4.492189069925163e-03
95 1.020548606871935e-03 4.391103211333949e-03
96 9.494530853456957e-04 4.285687891967939e-03
97 8.791828354716521e-04 4.176087508456411e-03
98 8.097401138656228e-04 4.062446457428632e-03
99 7.411271771434276e-04 3.944909135513875e-03
100 6.733462819208853e-04 3.823619939341415e-03
101 6.063996848138162e-04 3.698723265540524e-03
102 5.402896424380392e-04 3.570363510740472e-03
103 4.750184114093737e-04 3.438685071570535e-03
104 4.105882483436393e-04 3.303832344659982e-03
105 3.470014098566553e-04 3.165949726638088e-03
106 2.842601525642413e-04 3.025181614134124e-03
107 2.223667330822162e-04 2.881672403777362e-03
108 1.613234080264001e-04 2.735566492197076e-03
109 1.011324340126121e-04 2.587008276022538e-03
110 4.179606765667157e-05 2.436142151883020e-03
111 -1.668343442560212e-05 2.283112516407794e-03
112 -7.430381561838928e-05 2.128063766226133e-03
113 -1.310628193058708e-04 1.971140297967309e-03
114 -1.869581888722271e-04 1.812486508260596e-03
115 -2.419876677016388e-04 1.652246793735264e-03
116 -2.961489991782864e-04 1.490565551020587e-03
117 -3.494399266863506e-04 1.327587176745837e-03
118 -4.018581936100120e-04 1.163456067540287e-03
119 -4.534015433334511e-04 9.983166200332072e-04
120 -5.040677192408485e-04 8.323132308538730e-04
121 -5.538544647163848e-04 6.655902966315551e-04
122 -6.027595231442405e-04 4.982922139955269e-04
123 -6.507806379085965e-04 3.305633795750596e-04
124 -6.979155523936329e-04 1.625481899994266e-04
125 -7.441620099835307e-04 -5.608958102100151e-06
126 -7.895177540624702e-04 -1.737636681002474e-04
127 -8.339805280146322e-04 -3.417715433657444e-04
128 -8.775480752241972e-04 -5.094881872693170e-04
129 -9.202181390753456e-04 -6.767692031816938e-04
130 -9.619884629522583e-04 -8.434701944736021e-04
131 -1.002856790239116e-03 -1.009446764515769e-03
132 -1.042820864320098e-03 -1.174554516678923e-03
133 -1.081878428579387e-03 -1.338649054333792e-03
134 -1.120027226401162e-03 -1.501585980851101e-03
135 -1.157265001169604e-03 -1.663220899601581e-03
136 -1.193589496268894e-03 -1.823409413955957e-03
137 -1.228998455083212e-03 -1.982007127284958e-03
138 -1.263489620996739e-03 -2.138869642959311e-03
139 -1.297060737393655e-03 -2.293852564349743e-03
140 -1.329709547658142e-03 -2.446811494826983e-03
141 -1.361433795174378e-03 -2.597602037761758e-03
142 -1.392231223326546e-03 -2.746079796524795e-03
143 -1.422099575498826e-03 -2.892100374486821e-03
144 -1.451036595075398e-03 -3.035519375018566e-03
145 -1.479040025440443e-03 -3.176192401490756e-03
146 -1.506107609978141e-03 -3.313975057274118e-03
147 -1.532237092072674e-03 -3.448722945739381e-03
148 -1.557426215108221e-03 -3.580291670257272e-03
149 -1.581672722468963e-03 -3.708536834198518e-03
150 -1.604974357539082e-03 -3.833314040933847e-03
151 -1.627328863702756e-03 -3.954478893833985e-03
152 -1.648733984344168e-03 -4.071886996269665e-03
153 -1.669187462847497e-03 -4.185393951611608e-03
154 -1.688687042596924e-03 -4.294855363230544e-03

Lines

1 1 2
2 2 3
3 3 4
4 4 5
5 5 6
6 6 7
7 7 8
8 8 9
9 9 10
10 10 11
11 11 12
12 12 13
13 13 14
14 14 15
15 15 16
16 16 17
17 17 18
18 18 19
19 19 20
20 20 21
21 21 22
22 22 23
23 23 24
24 24 25
25 25 26
26 26 27
27 27 28
28 28 29
29 29 30
30 30 31
31 31 32
32 32 33
33 33 34
34 34 35
35 35 36
36 36 37
37 37 38
38 38 39
39 39 40
40 40 41
41 41 42
42 42 43
43 43 44
44 44 45
45 45 46
46 46 47
47 47 48
48 48 49
49 49 50
50 50 51
51 51 52
52 52 53
53 53 54
54 54 55
55 55 56
56 56 57
57 57 58
58 58 59
59 59 60
60 60 61
61 61 62
62 62 63
63 63 64
64 64 65
65 65 66
66 66 67
67 67 68
68 68 69
69 69 70
70 70 71
71 71 72
72 72 73
73 73 74
74 74 75
75 75 76
76 76 77
77 77 78
78 78 79
79 79 80
80 80 81
81 81 82
82 82 83
83 83 84
84 84 85
85 85 86
86 86 87
87 87 88
88 88 89
89 89 90
90 90 91
91 91 92
92 92 93
93 93 94
94 94 95
95 95 96
96 96 97
97 97 98
98 98 99
99 99 100
100 100 101
101 101 102
102 102 103
103 103 104
104 104 105
105 105 106
106 106 107
107 107 108
108 108 109
109 109 110
110 110 111
111 111 112
112 112 113
113 113 114
114 114 115
115 115 116
116 116 117
117 117 118
118 118 119
119 119 120
120 120 121
121 121 122
122 122 123
123 123 124
124 124 125
125 125 126
126 126 127
127 127 128
128 128 129
129 129 130
130 130 131
131 131 132
132 132 133
133 133 134
134 134 135
135 135 136
136 136 137
137 137 138
138 138 139
139 139 140
140 140 141
141 141 142
142 142 143
143 143 144
144 144 145
145 145 146
146 146 147
147 147 148
148 148 149
149 149 150
150 150 151
151 151 152
152 152 153
153 153 154
154 154 1
