shape_81

182 points
182 lines

Points

1 -3.556353856015658e-03 -6.181585773565157e-04
2 -3.510201672879350e-03 -7.081221725975212e-04
3 -3.456924392836120e-03 -8.002206313908211e-04
4 -3.396767113790829e-03 -8.942818626397354e-04
5 -3.329974933648337e-03 -9.901337752475856e-04
6 -3.256792950313499e-03 -1.087604278117691e-03
7 -3.177466261691180e-03 -1.186521280153374e-03
8 -3.092239965686234e-03 -1.286712690257953e-03
9 -3.001359160203525e-03 -1.388006417334751e-03
10 -2.905068943147908e-03 -1.490230370287086e-03
11 -2.803614412424246e-03 -1.593212458018282e-03
12 -2.697240665937395e-03 -1.696780589431656e-03
13 -2.586192801592217e-03 -1.800762673430531e-03
14 -2.470715917293569e-03 -1.904986618918227e-03
15 -2.351055110946311e-03 -2.009280334798063e-03
16 -2.227455480455304e-03 -2.113471729973363e-03
17 -2.100162123725406e-03 -2.217388713347445e-03
18 -1.969420138661474e-03 -2.320859193823630e-03
19 -1.835474623168370e-03 -2.423711080305238e-03
20 -1.698570675150954e-03 -2.525772281695592e-03
21 -1.558953392514083e-03 -2.626870706898011e-03
22 -1.416867873162616e-03 -2.726834264815816e-03
23 -1.272559215001414e-03 -2.825490864352326e-03
24 -1.126272515935336e-03 -2.922668414410864e-03
25 -9.782528738692400e-04 -3.018194823894750e-03
26 -8.287453867079860e-04 -3.111898001707303e-03
27 -6.779951523564341e-04 -3.203605856751845e-03
28 -5.262472687194432e-04 -3.293146297931697e-03
29 -3.737468337018711e-04 -3.380347234150178e-03
30 -2.207389452085783e-04 -3.465036574310610e-03
31 -6.746870114442445e-05 -3.547042227316314e-03
32 8.581880058573166e-05 -3.626192102070608e-03
33 2.388784620770320e-04 -3.702314107476816e-03
34 3.914651854246161e-04 -3.775236152438258e-03
35 5.433338727236237e-04 -3.844786145858252e-03
36 6.942394260691982e-04 -3.910791996640121e-03
37 8.439367475564772e-04 -3.973081613687183e-03
38 9.921807392806042e-04 -4.031482905902764e-03
39 1.138726303336718e-03 -4.085823782190177e-03
40 1.283328341819961e-03 -4.135932151452749e-03
41 1.425741756825472e-03 -4.181635922593799e-03
42 1.565721450448394e-03 -4.222763004516645e-03
43 1.703022324783865e-03 -4.259141306124610e-03
44 1.837399281927029e-03 -4.290598736321015e-03
45 1.968607223973024e-03 -4.316963204009179e-03
46 2.096401053016993e-03 -4.338062618092423e-03
47 2.220535671154074e-03 -4.353724887474070e-03
48 2.340765980479410e-03 -4.363777921057436e-03
49 2.456846883088142e-03 -4.368049627745846e-03
50 2.568533281075409e-03 -4.366367916442618e-03
51 2.675580076536353e-03 -4.358560696051073e-03
52 2.777742171566112e-03 -4.344455875474533e-03
53 2.874774468259832e-03 -4.323881363616317e-03
54 2.966431868712648e-03 -4.296665069379746e-03
55 3.052469275019706e-03 -4.262634901668141e-03
56 3.132641589276142e-03 -4.221618769384821e-03
57 3.206703713577100e-03 -4.173444581433110e-03
58 3.274410550017720e-03 -4.117940246716327e-03
59 3.335517000693143e-03 -4.054933674137790e-03
60 3.389777967698508e-03 -3.984252772600824e-03
61 3.436948353128958e-03 -3.905725451008746e-03
62 3.481998714023082e-03 -3.812816411130673e-03
63 3.521597925153389e-03 -3.715382033499830e-03
64 3.555849821727827e-03 -3.613580995651113e-03
65 3.584858238954343e-03 -3.507571975119410e-03
66 3.608727012040887e-03 -3.397513649439616e-03
67 3.627559976195406e-03 -3.283564696146622e-03
68 3.641460966625848e-03 -3.165883792775319e-03
69 3.650533818540159e-03 -3.044629616860600e-03
70 3.654882367146292e-03 -2.919960845937358e-03
71 3.654610447652189e-03 -2.792036157540483e-03
72 3.649821895265803e-03 -2.661014229204868e-03
73 3.640620545195079e-03 -2.527053738465403e-03
74 3.627110232647967e-03 -2.390313362856983e-03
75 3.609394792832414e-03 -2.250951779914498e-03
76 3.587578060956366e-03 -2.109127667172841e-03
77 3.561763872227773e-03 -1.964999702166902e-03
78 3.532056061854585e-03 -1.818726562431576e-03
79 3.498558465044747e-03 -1.670466925501752e-03
80 3.461374917006207e-03 -1.520379468912324e-03
81 3.420609252946914e-03 -1.368622870198181e-03
82 3.376365308074817e-03 -1.215355806894220e-03
83 3.328746917597863e-03 -1.060736956535329e-03
84 3.277857916723998e-03 -9.049249966564002e-04
85 3.223802140661172e-03 -7.480786047923279e-04
86 3.166683424617333e-03 -5.903564584780014e-04
87 3.106605603800431e-03 -4.319172352483141e-04
88 3.043672513418411e-03 -2.729196126381578e-04
89 2.977987988679221e-03 -1.135222681824235e-04
90 2.909655864790809e-03 4.611612058399631e-05
91 2.838779976961125e-03 2.058368761262082e-04
92 2.765464160398116e-03 3.654813209093221e-04
93 2.689812250309729e-03 5.248907773984460e-04
94 2.611928081903912e-03 6.839065680586876e-04
95 2.531915490388616e-03 8.423700153551542e-04
96 2.449878310971786e-03 1.000122441752954e-03
97 2.365920378861369e-03 1.157005169717196e-03
98 2.280145529265317e-03 1.312859521712987e-03
99 2.192657597391574e-03 1.467526820205437e-03
100 2.103560418448091e-03 1.620848387659653e-03
101 2.012957827642814e-03 1.772665546540743e-03
102 1.920953660183692e-03 1.922819619313813e-03
103 1.827651751278673e-03 2.071151928443975e-03
104 1.733155936135705e-03 2.217503796396334e-03
105 1.637570049962734e-03 2.361716545636000e-03
106 1.540997927967711e-03 2.503631498628079e-03
107 1.443543405358582e-03 2.643089977837681e-03
108 1.345310317343297e-03 2.779933305729913e-03
109 1.246402499129802e-03 2.914002804769883e-03
110 1.146923785926045e-03 3.045139797422700e-03
111 1.046978012939975e-03 3.173185606153471e-03
112 9.466690153795399e-04 3.297981553427306e-03
113 8.461006284526879e-04 3.419368961709310e-03
114 7.453766873673657e-04 3.537189153464593e-03
115 6.446010273315224e-04 3.651283451158263e-03
116 5.438774835531056e-04 3.761493177255427e-03
117 4.433098912400639e-04 3.867659654221194e-03
118 3.430020856003441e-04 3.969624204520671e-03
119 2.430579018418955e-04 4.067228150618968e-03
120 1.435811751726648e-04 4.160312814981191e-03
121 4.467574080060162e-05 4.248719520072450e-03
122 -5.355456606634782e-05 4.332289588357852e-03
123 -1.510059102202341e-04 4.410864342302505e-03
124 -2.475744564531103e-04 4.484285104371517e-03
125 -3.431563695570273e-04 4.552393197029994e-03
126 -4.376478143240378e-04 4.615029942743049e-03
127 -5.309449555461945e-04 4.672036663975787e-03
128 -6.229439580155477e-04 4.723254683193314e-03
129 -7.135409865241514e-04 4.768525322860743e-03
130 -7.861507189360837e-04 4.796923972641139e-03
131 -8.605336631377306e-04 4.814944370032158e-03
132 -9.365440531739299e-04 4.822906264597610e-03
133 -1.014036123089520e-03 4.821129405901316e-03
134 -1.092864106929339e-03 4.809933543507087e-03
135 -1.172882238738225e-03 4.789638426978734e-03
136 -1.253944752561016e-03 4.760563805880076e-03
137 -1.335905882442551e-03 4.723029429774922e-03
138 -1.418619862427667e-03 4.677355048227092e-03
139 -1.501940926561203e-03 4.623860410800393e-03
140 -1.585723308887996e-03 4.562865267058641e-03
141 -1.669821243452886e-03 4.494689366565653e-03
142 -1.754088964300710e-03 4.419652458885240e-03
143 -1.838380705476306e-03 4.338074293581215e-03
144 -1.922550701024514e-03 4.250274620217397e-03
145 -2.006453184990169e-03 4.156573188357595e-03
146 -2.089942391418111e-03 4.057289747565624e-03
147 -2.172872554353179e-03 3.952744047405300e-03
148 -2.255097907840210e-03 3.843255837440433e-03
149 -2.336472685924042e-03 3.729144867234841e-03
150 -2.416851122649513e-03 3.610730886352334e-03
151 -2.496087452061463e-03 3.488333644356728e-03
152 -2.574035908204728e-03 3.362272890811839e-03
153 -2.650550725124148e-03 3.232868375281478e-03
154 -2.725486136864559e-03 3.100439847329460e-03
155 -2.798696377470801e-03 2.965307056519598e-03
156 -2.870035680987711e-03 2.827789752415706e-03
157 -2.939358281460128e-03 2.688207684581598e-03
158 -3.006518412932891e-03 2.546880602581090e-03
159 -3.071370309450836e-03 2.404128255977993e-03
160 -3.133768205058801e-03 2.260270394336123e-03
161 -3.193566333801627e-03 2.115626767219292e-03
162 -3.250618929724150e-03 1.970517124191316e-03
163 -3.304780226871209e-03 1.825261214816006e-03
164 -3.355904459287642e-03 1.680178788657179e-03
165 -3.403845861018286e-03 1.535589595278648e-03
166 -3.448458666107981e-03 1.391813384244226e-03
167 -3.489597108601565e-03 1.249169905117726e-03
168 -3.527115422543875e-03 1.107978907462966e-03
169 -3.560867841979749e-03 9.685601408437559e-04
170 -3.590708600954026e-03 8.312333548239113e-04
171 -3.616491933511544e-03 6.963182989672456e-04
172 -3.638072073697142e-03 5.641347228375723e-04
173 -3.655303255555657e-03 4.350023759987065e-04
174 -3.668039713131928e-03 3.092410080144617e-04
175 -3.676135680470792e-03 1.871703684486505e-04
176 -3.679445391617088e-03 6.911020686508894e-05
177 -3.677823080615654e-03 -4.461972717241021e-05
178 -3.671122981511328e-03 -1.536996841000330e-04
179 -3.659199328348949e-03 -2.578099143539656e-04
180 -3.641906355173354e-03 -3.566306683703945e-04
181 -3.619098296029382e-03 -4.498421965855048e-04
182 -3.590629384961871e-03 -5.371247494354830e-04

Lines

1 1 2
2 2 3
3 3 4
4 4 5
5 5 6
6 6 7
7 7 8
8 8 9
9 9 10
10 10 11
11 11 12
12 12 13
13 13 14
14 14 15
15 15 16
16 16 17
17 17 18
18 18 19
19 19 20
20 20 21
21 21 22
22 22 23
23 23 24
24 24 25
25 25 26
26 26 27
27 27 28
28 28 29
29 29 30
30 30 31
31 31 32
32 32 33
33 33 34
34 34 35
35 35 36
36 36 37
37 37 38
38 38 39
39 39 40
40 40 41
41 41 42
42 42 43
43 43 44
44 44 45
45 45 46
46 46 47
47 47 48
48 48 49
49 49 50
50 50 51
51 51 52
52 52 53
53 53 54
54 54 55
55 55 56
56 56 57
57 57 58
58 58 59
59 59 60
60 60 61
61 61 62
62 62 63
63 63 64
64 64 65
65 65 66
66 66 67
67 67 68
68 68 69
69 69 70
70 70 71
71 71 72
72 72 73
73 73 74
74 74 75
75 75 76
76 76 77
77 77 78
78 78 79
79 79 80
80 80 81
81 81 82
82 82 83
83 83 84
84 84 85
85 85 86
86 86 87
87 87 88
88 88 89
89 89 90
90 90 91
91 91 92
92 92 93
93 93 94
94 94 95
95 95 96
96 96 97
97 97 98
98 98 99
99 99 100
100 100 101
101 101 102
102 102 103
103 103 104
104 104 105
105 105 106
106 106 107
107 107 108
108 108 109
109 109 110
110 110 111
111 111 112
112 112 113
113 113 114
114 114 115
115 115 116
116 116 117
117 117 118
118 118 119
119 119 120
120 120 121
121 121 122
122 122 123
123 123 124
124 124 125
125 125 126
126 126 127
127 127 128
128 128 129
129 129 130
130 130 131
131 131 132
132 132 133
133 133 134
134 134 135
135 135 136
136 136 137
137 137 138
138 138 139
139 139 140
140 140 141
141 141 142
142 142 143
143 143 144
144 144 145
145 145 146
146 146 147
147 147 148
148 148 149
149 149 150
150 150 151
151 151 152
152 152 153
153 153 154
154 154 155
155 155 156
156 156 157
157 157 158
158 158 159
159 159 160
160 160 161
161 161 162
162 162 163
163 163 164
164 164 165
165 165 166
166 166 167
167 167 168
168 168 169
169 169 170
170 170 171
171 171 172
172 172 173
173 173 174
174 174 175
175 175 176
176 176 177
177 177 178
178 178 179
179 179 180
180 180 181
181 181 182
182 182 1
