shape_1

154 points
154 lines

Points

1 -8.801837291172102e-04 -5.371987529564085e-03
2 -7.625310375412157e-04 -5.398609143402368e-03
3 -6.427849573427904e-04 -5.411866587039798e-03
4 -5.211320319043957e-04 -5.412164935031165e-03
5 -3.977588046084920e-04 -5.399909261931264e-03
6 -2.728518188375407e-04 -5.375504642294891e-03
7 -1.465976179740027e-04 -5.339356150676836e-03
8 -1.918274540033874e-05 -5.291868861631892e-03
9 1.092062555009902e-04 -5.233447849714853e-03
10 2.383828413475231e-04 -5.164498189480514e-03
11 3.681604687567989e-04 -5.085424955483669e-03
12 4.983525943463569e-04 -4.996633222279107e-03
13 6.287726747337365e-04 -4.898528064421624e-03
14 7.592341665364758e-04 -4.791514556466017e-03
15 8.895505263721145e-04 -4.675997772967073e-03
16 1.019535210858192e-03 -4.552382788479588e-03
17 1.149001676612246e-03 -4.421074677558356e-03
18 1.277763380251817e-03 -4.282478514758171e-03
19 1.405633778394443e-03 -4.136999374633825e-03
20 1.532426327657664e-03 -3.985042331740112e-03
21 1.657954484659018e-03 -3.827012460631826e-03
22 1.782031706016046e-03 -3.663314835863759e-03
23 1.904471448346285e-03 -3.494354531990705e-03
24 2.025087168267274e-03 -3.320536623567457e-03
25 2.143692322396554e-03 -3.142266185148808e-03
26 2.260100367351663e-03 -2.959948291289552e-03
27 2.374124759750139e-03 -2.773988016544484e-03
28 2.485578956209523e-03 -2.584790435468396e-03
29 2.594276413347352e-03 -2.392760622616081e-03
30 2.700030587781167e-03 -2.198303652542332e-03
31 2.802654936128505e-03 -2.001824599801944e-03
32 2.901962915006908e-03 -1.803728538949709e-03
33 2.997767981033911e-03 -1.604420544540421e-03
34 3.089883590827058e-03 -1.404305691128873e-03
35 3.178123201003884e-03 -1.203789053269859e-03
36 3.262300268181929e-03 -1.003275705518171e-03
37 3.342228248978733e-03 -8.031707224286039e-04
38 3.417720600011835e-03 -6.038791785559507e-04
39 3.488590777898773e-03 -4.058061484550045e-04
40 3.554652239257088e-03 -2.093567066805587e-04
41 3.615718440704316e-03 -1.493592778740673e-05
42 3.671602838857999e-03 1.770511136696577e-04
43 3.722118890335674e-03 3.661993431358416e-04
44 3.767080051754882e-03 5.521036860563516e-04
45 3.806299779733160e-03 7.343590678763940e-04
46 3.839591530888048e-03 9.125604140411758e-04
47 3.866768761837086e-03 1.086302649995903e-03
48 3.887644929197812e-03 1.255180701185783e-03
49 3.902033489587764e-03 1.418789493056023e-03
50 3.909747899624484e-03 1.576723951051827e-03
51 3.910601615925508e-03 1.728579000618404e-03
52 3.904408095108377e-03 1.873949567200960e-03
53 3.890980793790629e-03 2.012430576244701e-03
54 3.870133168589804e-03 2.143616953194835e-03
55 3.841273686462142e-03 2.256049761276753e-03
56 3.798682072013777e-03 2.367656540593907e-03
57 3.742949467598566e-03 2.478277025109824e-03
58 3.674667015570371e-03 2.587750948788039e-03
59 3.594425858283054e-03 2.695918045592081e-03
60 3.502817138090476e-03 2.802618049485484e-03
61 3.400431997346496e-03 2.907690694431777e-03
62 3.287861578404974e-03 3.010975714394492e-03
63 3.165697023619773e-03 3.112312843337160e-03
64 3.034529475344754e-03 3.211541815223316e-03
65 2.894950075933775e-03 3.308502364016488e-03
66 2.747549967740696e-03 3.403034223680205e-03
67 2.592920293119383e-03 3.494977128178004e-03
68 2.431652194423691e-03 3.584170811473413e-03
69 2.264336814007484e-03 3.670455007529964e-03
70 2.091565294224622e-03 3.753669450311187e-03
71 1.913928777428964e-03 3.833653873780618e-03
72 1.732018405974373e-03 3.910248011901783e-03
73 1.546425322214708e-03 3.983291598638216e-03
74 1.357740668503832e-03 4.052624367953450e-03
75 1.166555587195602e-03 4.118086053811013e-03
76 9.734612206438816e-04 4.179516390174438e-03
77 7.790487112025307e-04 4.236755111007256e-03
78 5.839092012254098e-04 4.289641950273000e-03
79 3.886338330663795e-04 4.338016641935199e-03
80 1.938137490793010e-04 4.381718919957386e-03
81 4.009161803431363e-08 4.420588518303091e-03
82 -1.920959969635604e-04 4.454465170935847e-03
83 -3.820033743116209e-04 4.483188611819186e-03
84 -5.690908980722874e-04 4.506598574916637e-03
85 -7.527674258916990e-04 4.524534794191732e-03
86 -9.324418154159948e-04 4.536837003608002e-03
87 -1.107522924291315e-03 4.543344937128982e-03
88 -1.277419610163798e-03 4.543898328718200e-03
89 -1.441540730679584e-03 4.538336912339186e-03
90 -1.599295143484811e-03 4.526500421955476e-03
91 -1.750091706225621e-03 4.508228591530597e-03
92 -1.893339276548150e-03 4.483361155028084e-03
93 -2.028446712098539e-03 4.451737846411466e-03
94 -2.154822870522927e-03 4.413198399644275e-03
95 -2.271876609467454e-03 4.367582548690043e-03
96 -2.379016786578259e-03 4.314730027512301e-03
97 -2.475652259501481e-03 4.254480570074580e-03
98 -2.561191885883259e-03 4.186673910340412e-03
99 -2.635044523369733e-03 4.111149782273327e-03
100 -2.696619029607042e-03 4.027747919836859e-03
101 -2.759406999760801e-03 3.920419543934520e-03
102 -2.818300606371628e-03 3.803564168986399e-03
103 -2.873319417047769e-03 3.677587776269726e-03
104 -2.924482999397468e-03 3.542896347061736e-03
105 -2.971810921028971e-03 3.399895862639662e-03
106 -3.015322749550522e-03 3.248992304280737e-03
107 -3.055038052570368e-03 3.090591653262197e-03
108 -3.090976397696749e-03 2.925099890861270e-03
109 -3.123157352537916e-03 2.752922998355195e-03
110 -3.151600484702109e-03 2.574466957021200e-03
111 -3.176325361797578e-03 2.390137748136524e-03
112 -3.197351551432563e-03 2.200341352978395e-03
113 -3.214698621215312e-03 2.005483752824050e-03
114 -3.228386138754069e-03 1.805970928950721e-03
115 -3.238433671657079e-03 1.602208862635641e-03
116 -3.244860787532586e-03 1.394603535156044e-03
117 -3.247687053988837e-03 1.183560927789164e-03
118 -3.246932038634076e-03 9.694870218122325e-04
119 -3.242615309076548e-03 7.527877985024842e-04
120 -3.234756432924497e-03 5.338692391371522e-04
121 -3.223374977786169e-03 3.131373249934705e-04
122 -3.208490511269810e-03 9.099803734867160e-05
123 -3.190122600983664e-03 -1.321426425200119e-04
124 -3.168290814535975e-03 -3.558787333353449e-04
125 -3.143014719534987e-03 -5.798042538200956e-04
126 -3.114313883588950e-03 -8.035132226970293e-04
127 -3.082207874306103e-03 -1.026599658688914e-03
128 -3.046716259294695e-03 -1.248657580518514e-03
129 -3.007858606162970e-03 -1.469281006908599e-03
130 -2.965654482519172e-03 -1.688063956581934e-03
131 -2.920123455971546e-03 -1.904600448261286e-03
132 -2.871285094128338e-03 -2.118484500669422e-03
133 -2.819158964597792e-03 -2.329310132529108e-03
134 -2.763764634988154e-03 -2.536671362563109e-03
135 -2.705121672907668e-03 -2.740162209494196e-03
136 -2.643249645964580e-03 -2.939376692045132e-03
137 -2.578168121767134e-03 -3.133908828938685e-03
138 -2.509896667923575e-03 -3.323352638897621e-03
139 -2.438454852042149e-03 -3.507302140644708e-03
140 -2.363862241731100e-03 -3.685351352902711e-03
141 -2.286138404598673e-03 -3.857094294394396e-03
142 -2.205302908253113e-03 -4.022124983842533e-03
143 -2.121375320302665e-03 -4.180037439969886e-03
144 -2.034375208355575e-03 -4.330425681499222e-03
145 -1.944322140020086e-03 -4.472883727153309e-03
146 -1.851235682904445e-03 -4.607005595654912e-03
147 -1.755135404616896e-03 -4.732385305726798e-03
148 -1.656040872765684e-03 -4.848616876091735e-03
149 -1.553971654959053e-03 -4.955294325472487e-03
150 -1.448947318805249e-03 -5.052011672591824e-03
151 -1.340987431912518e-03 -5.138362936172510e-03
152 -1.230111561889104e-03 -5.213942134937311e-03
153 -1.116339276343250e-03 -5.278343287608998e-03
154 -9.996901428832045e-04 -5.331160412910334e-03

Lines

1 1 2
2 2 3
3 3 4
4 4 5
5 5 6
6 6 7
7 7 8
8 8 9
9 9 10
10 10 11
11 11 12
12 12 13
13 13 14
14 14 15
15 15 16
16 16 17
17 17 18
18 18 19
19 19 20
20 20 21
21 21 22
22 22 23
23 23 24
24 24 25
25 25 26
26 26 27
27 27 28
28 28 29
29 29 30
30 30 31
31 31 32
32 32 33
33 33 34
34 34 35
35 35 36
36 36 37
37 37 38
38 38 39
39 39 40
40 40 41
41 41 42
42 42 43
43 43 44
44 44 45
45 45 46
46 46 47
47 47 48
48 48 49
49 49 50
50 50 51
51 51 52
52 52 53
53 53 54
54 54 55
55 55 56
56 56 57
57 57 58
58 58 59
59 59 60
60 60 61
61 61 62
62 62 63
63 63 64
64 64 65
65 65 66
66 66 67
67 67 68
68 68 69
69 69 70
70 70 71
71 71 72
72 72 73
73 73 74
74 74 75
75 75 76
76 76 77
77 77 78
78 78 79
79 79 80
80 80 81
81 81 82
82 82 83
83 83 84
84 84 85
85 85 86
86 86 87
87 87 88
88 88 89
89 89 90
90 90 91
91 91 92
92 92 93
93 93 94
94 94 95
95 95 96
96 96 97
97 97 98
98 98 99
99 99 100
100 100 101
101 101 102
102 102 103
103 103 104
104 104 105
105 105 106
106 106 107
107 107 108
108 108 109
109 109 110
110 110 111
111 111 112
112 112 113
113 113 114
114 114 115
115 115 116
116 116 117
117 117 118
118 118 119
119 119 120
120 120 121
121 121 122
122 122 123
123 123 124
124 124 125
125 125 126
126 126 127
127 127 128
128 128 129
129 129 130
130 130 131
131 131 132
132 132 133
133 133 134
134 134 135
135 135 136
136 136 137
137 137 138
138 138 139
139 139 140
140 140 141
141 141 142
142 142 143
143 143 144
144 144 145
145 145 146
146 146 147
147 147 148
148 148 149
149 149 150
150 150 151
151 151 152
152 152 153
153 153 154
154 154 1
