shape_28

179 points
179 lines

Points

1 -5.115753414965405e-03 -9.478242467858528e-04
2 -5.119008263235811e-03 -1.044003341550499e-03
3 -5.111791709453228e-03 -1.139862768350152e-03
4 -5.094414970656472e-03 -1.235319648701706e-03
5 -5.067189263884362e-03 -1.330291104122055e-03
6 -5.030425806175722e-03 -1.424694256128095e-03
7 -4.984435814569370e-03 -1.518446226236719e-03
8 -4.929530506104121e-03 -1.611464135964824e-03
9 -4.866021097818802e-03 -1.703665106829303e-03
10 -4.794218806752228e-03 -1.794966260347052e-03
11 -4.714434849943219e-03 -1.885284718034964e-03
12 -4.626980444430593e-03 -1.974537601409935e-03
13 -4.532166807253176e-03 -2.062642031988861e-03
14 -4.430305155449780e-03 -2.149515131288634e-03
15 -4.321706706059226e-03 -2.235074020826150e-03
16 -4.206682676120338e-03 -2.319235822118305e-03
17 -4.085544282671931e-03 -2.401917656681992e-03
18 -3.958602742752827e-03 -2.483036646034106e-03
19 -3.826169273401847e-03 -2.562509911691543e-03
20 -3.688555091657805e-03 -2.640254575171196e-03
21 -3.546071414559526e-03 -2.716187757989961e-03
22 -3.399029459145828e-03 -2.790226581664733e-03
23 -3.247740442455529e-03 -2.862288167712405e-03
24 -3.092515581527450e-03 -2.932289637649873e-03
25 -2.933666093400412e-03 -3.000148112994033e-03
26 -2.771503195113230e-03 -3.065780715261776e-03
27 -2.606338103704727e-03 -3.129104565970001e-03
28 -2.438482036213724e-03 -3.190036786635601e-03
29 -2.268246209679037e-03 -3.248494498775470e-03
30 -2.095941841139487e-03 -3.304394823906504e-03
31 -1.921880147633894e-03 -3.357654883545596e-03
32 -1.746372346201078e-03 -3.408191799209642e-03
33 -1.569729653879857e-03 -3.455922692415538e-03
34 -1.392263287709050e-03 -3.500764684680177e-03
35 -1.214284464727481e-03 -3.542634897520453e-03
36 -1.036104401973965e-03 -3.581450452453263e-03
37 -8.580343164873222e-04 -3.617128470995501e-03
38 -6.803854253063749e-04 -3.649586074664061e-03
39 -5.034689454699391e-04 -3.678740384975837e-03
40 -3.275960940168363e-04 -3.704508523447727e-03
41 -1.530780879858861e-04 -3.726807611596622e-03
42 1.977385558409116e-05 -3.745554770939420e-03
43 1.906485196542782e-04 -3.760667122993013e-03
44 3.592346871858541e-04 -3.772061789274297e-03
45 5.252211411399985e-04 -3.779655891300167e-03
46 6.882966644778941e-04 -3.783366550587518e-03
47 8.481500401607195e-04 -3.783110888653244e-03
48 1.004470051149655e-03 -3.778806027014239e-03
49 1.156945480405882e-03 -3.770369087187400e-03
50 1.305265110890581e-03 -3.757717190689619e-03
51 1.449117725564931e-03 -3.740767459037793e-03
52 1.588192107390114e-03 -3.719437013748816e-03
53 1.722177039327311e-03 -3.693642976339582e-03
54 1.850761304337699e-03 -3.663302468326987e-03
55 1.973633685382462e-03 -3.628332611227926e-03
56 2.090482965422781e-03 -3.588650526559292e-03
57 2.200997927419832e-03 -3.544173335837981e-03
58 2.304867354334799e-03 -3.494818160580887e-03
59 2.401780029128862e-03 -3.440502122304906e-03
60 2.490831572199823e-03 -3.381312425020307e-03
61 2.577958841364478e-03 -3.313552212073417e-03
62 2.663116119230894e-03 -3.237548772564665e-03
63 2.746257688407142e-03 -3.153629395594478e-03
64 2.827337831501292e-03 -3.062121370263288e-03
65 2.906310831121417e-03 -2.963351985671523e-03
66 2.983130969875584e-03 -2.857648530919613e-03
67 3.057752530371864e-03 -2.745338295107985e-03
68 3.130129795218328e-03 -2.626748567337070e-03
69 3.200217047023048e-03 -2.502206636707299e-03
70 3.267968568394093e-03 -2.372039792319098e-03
71 3.333338641939532e-03 -2.236575323272897e-03
72 3.396281550267435e-03 -2.096140518669125e-03
73 3.456751575985877e-03 -1.951062667608214e-03
74 3.514703001702925e-03 -1.801669059190590e-03
75 3.570090110026647e-03 -1.648286982516682e-03
76 3.622867183565115e-03 -1.491243726686922e-03
77 3.672988504926403e-03 -1.330866580801737e-03
78 3.720408356718578e-03 -1.167482833961557e-03
79 3.765081021549711e-03 -1.001419775266811e-03
80 3.806960782027872e-03 -8.330046938179288e-04
81 3.846001920761132e-03 -6.625648787153389e-04
82 3.882158720357561e-03 -4.904276190594715e-04
83 3.915385463425228e-03 -3.169202039507538e-04
84 3.945636432572206e-03 -1.423699224896170e-04
85 3.972865910406564e-03 3.289593622351092e-05
86 3.997028179536373e-03 2.085500830881996e-04
87 4.018077522569703e-03 3.842652290040210e-04
88 4.035968222114623e-03 5.597140848705457e-04
89 4.050654560779204e-03 7.345693615873430e-04
90 4.062090821171518e-03 9.085037700539851e-04
91 4.070231285899634e-03 1.081190021170044e-03
92 4.075030237571622e-03 1.252300825835088e-03
93 4.076441958795554e-03 1.421508894948688e-03
94 4.074420732179499e-03 1.588486939410416e-03
95 4.068920840331528e-03 1.752907670119844e-03
96 4.059896565859709e-03 1.914443797976541e-03
97 4.047302191372116e-03 2.072768033880076e-03
98 4.031091999476819e-03 2.227553088730023e-03
99 4.011220272781884e-03 2.378471673425952e-03
100 3.987641293895386e-03 2.525196498867434e-03
101 3.960309345425394e-03 2.667400275954039e-03
102 3.929178709979978e-03 2.804755715585336e-03
103 3.894203670167208e-03 2.936935528660900e-03
104 3.855338508595155e-03 3.063612426080299e-03
105 3.812537507871889e-03 3.184459118743104e-03
106 3.765754950605482e-03 3.299148317548886e-03
107 3.714945119404001e-03 3.407352733397216e-03
108 3.660062296875519e-03 3.508745077187667e-03
109 3.601060765628105e-03 3.602998059819804e-03
110 3.537894808269832e-03 3.689784392193203e-03
111 3.470518707408766e-03 3.768776785207433e-03
112 3.398886745652981e-03 3.839647949762065e-03
113 3.322953205610545e-03 3.902070596756669e-03
114 3.242672369889531e-03 3.955717437090818e-03
115 3.157998521098006e-03 4.000261181664080e-03
116 3.068885941844043e-03 4.035374541376027e-03
117 2.962452635872601e-03 4.066759409911373e-03
118 2.851024959825939e-03 4.092116065276968e-03
119 2.734811624876700e-03 4.111568380537708e-03
120 2.614021342197527e-03 4.125240228758485e-03
121 2.488862822961063e-03 4.133255483004198e-03
122 2.359544778339953e-03 4.135738016339740e-03
123 2.226275919506838e-03 4.132811701830007e-03
124 2.089264957634362e-03 4.124600412539895e-03
125 1.948720603895169e-03 4.111228021534296e-03
126 1.804851569461901e-03 4.092818401878110e-03
127 1.657866565507203e-03 4.069495426636227e-03
128 1.507974303203715e-03 4.041382968873546e-03
129 1.355383493724083e-03 4.008604901654962e-03
130 1.200302848240950e-03 3.971285098045369e-03
131 1.042941077926957e-03 3.929547431109662e-03
132 8.835068939547499e-04 3.883515773912737e-03
133 7.222090074969705e-04 3.833313999519489e-03
134 5.592561297262626e-04 3.779065980994814e-03
135 3.948569718152688e-04 3.720895591403605e-03
136 2.292202449366327e-04 3.658926703810760e-03
137 6.255466026299720e-05 3.593283191281172e-03
138 -1.049310710329941e-04 3.524088926879738e-03
139 -2.730282377786981e-04 3.451467783671352e-03
140 -4.415281288014716e-04 3.375543634720909e-03
141 -6.102220329286716e-04 3.296440353093306e-03
142 -7.789012389876547e-04 3.214281811853437e-03
143 -9.473570358057775e-04 3.129191884066196e-03
144 -1.115380712210397e-03 3.041294442796480e-03
145 -1.282763557028871e-03 2.950713361109185e-03
146 -1.449296859088554e-03 2.857572512069204e-03
147 -1.614771907216805e-03 2.761995768741433e-03
148 -1.778979990240979e-03 2.664107004190767e-03
149 -1.941712396988434e-03 2.564030091482102e-03
150 -2.102760416286527e-03 2.461888903680333e-03
151 -2.261915336962614e-03 2.357807313850355e-03
152 -2.418968447844052e-03 2.251909195057064e-03
153 -2.573711037758198e-03 2.144318420365353e-03
154 -2.725934395532408e-03 2.035158862840120e-03
155 -2.875429809994040e-03 1.924554395546259e-03
156 -3.021988569970450e-03 1.812628891548664e-03
157 -3.165401964288995e-03 1.699506223912233e-03
158 -3.305461281777031e-03 1.585310265701858e-03
159 -3.441957811261916e-03 1.470164889982437e-03
160 -3.574682841571007e-03 1.354193969818864e-03
161 -3.703427661531660e-03 1.237521378276034e-03
162 -3.827983559971231e-03 1.120270988418843e-03
163 -3.948141825717079e-03 1.002566673312186e-03
164 -4.063693747596559e-03 8.845323060209570e-04
165 -4.174430614437029e-03 7.662917596100526e-04
166 -4.280143715065844e-03 6.479689071443678e-04
167 -4.380624338310362e-03 5.296876216887977e-04
168 -4.475663772997940e-03 4.115717763082372e-04
169 -4.565053307955935e-03 2.937452440675821e-04
170 -4.648584232011702e-03 1.763318980317272e-04
171 -4.726047833992600e-03 5.945561126556797e-05
172 -4.797235402725985e-03 -5.675974316600062e-05
173 -4.861938227039213e-03 -1.721902921980831e-04
174 -4.919947595759643e-03 -2.867121627657843e-04
175 -4.971054797714629e-03 -4.002014818042090e-04
176 -5.015051121731529e-03 -5.125343762484621e-04
177 -5.051727856637700e-03 -6.235869730336482e-04
178 -5.080876291260498e-03 -7.332353990948721e-04
179 -5.102287714427282e-03 -8.413557813672388e-04

Lines

1 1 2
2 2 3
3 3 4
4 4 5
5 5 6
6 6 7
7 7 8
8 8 9
9 9 10
10 10 11
11 11 12
12 12 13
13 13 14
14 14 15
15 15 16
16 16 17
17 17 18
18 18 19
19 19 20
20 20 21
21 21 22
22 22 23
23 23 24
24 24 25
25 25 26
26 26 27
27 27 28
28 28 29
29 29 30
30 30 31
31 31 32
32 32 33
33 33 34
34 34 35
35 35 36
36 36 37
37 37 38
38 38 39
39 39 40
40 40 41
41 41 42
42 42 43
43 43 44
44 44 45
45 45 46
46 46 47
47 47 48
48 48 49
49 49 50
50 50 51
51 51 52
52 52 53
53 53 54
54 54 55
55 55 56
56 56 57
57 57 58
58 58 59
59 59 60
60 60 61
61 61 62
62 62 63
63 63 64
64 64 65
65 65 66
66 66 67
67 67 68
68 68 69
69 69 70
70 70 71
71 71 72
72 72 73
73 73 74
74 74 75
75 75 76
76 76 77
77 77 78
78 78 79
79 79 80
80 80 81
81 81 82
82 82 83
83 83 84
84 84 85
85 85 86
86 86 87
87 87 88
88 88 89
89 89 90
90 90 91
91 91 92
92 92 93
93 93 94
94 94 95
95 95 96
96 96 97
97 97 98
98 98 99
99 99 100
100 100 101
101 101 102
102 102 103
103 103 104
104 104 105
105 105 106
106 106 107
107 107 108
108 108 109
109 109 110
110 110 111
111 111 112
112 112 113
113 113 114
114 114 115
115 115 116
116 116 117
117 117 118
118 118 119
119 119 120
120 120 121
121 121 122
122 122 123
123 123 124
124 124 125
125 125 126
126 126 127
127 127 128
128 128 129
129 129 130
130 130 131
131 131 132
132 132 133
133 133 134
134 134 135
135 135 136
136 136 137
137 137 138
138 138 139
139 139 140
140 140 141
141 141 142
142 142 143
143 143 144
144 144 145
145 145 146
146 146 147
147 147 148
148 148 149
149 149 150
150 150 151
151 151 152
152 152 153
153 153 154
154 154 155
155 155 156
156 156 157
157 157 158
158 158 159
159 159 160
160 160 161
161 161 162
162 162 163
163 163 164
164 164 165
165 165 166
166 166 167
167 167 168
168 168 169
169 169 170
170 170 171
171 171 172
172 172 173
173 173 174
174 174 175
175 175 176
176 176 177
177 177 178
178 178 179
179 179 1
