shape_18

174 points
174 lines

Points

1 -5.821779249483581e-04 -5.169653493474867e-03
2 -4.677795556846812e-04 -5.153450571426535e-03
3 -3.514618985790249e-04 -5.128531545674038e-03
4 -2.333815125866205e-04 -5.095137878742807e-03
5 -1.136949566626989e-04 -5.053511033158274e-03
6 7.441210237508820e-06 -5.003892471445867e-03
7 1.298704291587717e-04 -4.946523656131017e-03
8 2.534361411458583e-04 -4.881646049739156e-03
9 3.779817872435379e-04 -4.809501114795716e-03
10 5.033508084965794e-04 -4.730330313826127e-03
11 6.293866459497516e-04 -4.644375109355820e-03
12 7.559327406478232e-04 -4.551876963910223e-03
13 8.828325336355634e-04 -4.453077340014770e-03
14 1.009929465957741e-03 -4.348217700194892e-03
15 1.137066978659125e-03 -4.237539506976019e-03
16 1.264088512784484e-03 -4.121284222883581e-03
17 1.390837509378588e-03 -3.999693310443010e-03
18 1.517157409486205e-03 -3.873008232179737e-03
19 1.642891654152104e-03 -3.741470450619193e-03
20 1.767883684421054e-03 -3.605321428286807e-03
21 1.891976941337823e-03 -3.464802627708013e-03
22 2.015014865947182e-03 -3.320155511408240e-03
23 2.136840899293899e-03 -3.171621541912917e-03
24 2.257298482422742e-03 -3.019442181747478e-03
25 2.376231056378479e-03 -2.863858893437351e-03
26 2.493482062205883e-03 -2.705113139507970e-03
27 2.608894940949720e-03 -2.543446382484765e-03
28 2.722313133654759e-03 -2.379100084893165e-03
29 2.833580081365768e-03 -2.212315709258602e-03
30 2.942539225127518e-03 -2.043334718106508e-03
31 3.049034005984779e-03 -1.872398573962312e-03
32 3.152907864982315e-03 -1.699748739351447e-03
33 3.254004243164900e-03 -1.525626676799341e-03
34 3.352166581577300e-03 -1.350273848831427e-03
35 3.447238321264286e-03 -1.173931717973136e-03
36 3.539062903270625e-03 -9.968417467498974e-04
37 3.627483768641086e-03 -8.192453976871441e-04
38 3.712344358420439e-03 -6.413841333103039e-04
39 3.793488113653453e-03 -4.634994161448102e-04
40 3.870758475384896e-03 -2.858327087160931e-04
41 3.943998884659537e-03 -1.086254735495834e-04
42 4.013052782522146e-03 6.788082682928810e-05
43 4.077763610017490e-03 2.434447298950890e-04
44 4.137974808190339e-03 4.178247731223911e-04
45 4.193529818085464e-03 5.907794939857623e-04
46 4.244272080747630e-03 7.620674299597716e-04
47 4.290045037221608e-03 9.314471185189879e-04
48 4.330692128552168e-03 1.098677097137981e-03
49 4.366056795784076e-03 1.263515903291318e-03
50 4.395982479962104e-03 1.425722074453572e-03
51 4.420312622131019e-03 1.585054148099309e-03
52 4.438890663335590e-03 1.741270661703099e-03
53 4.451560044620586e-03 1.894130152739512e-03
54 4.458164207030779e-03 2.043391158683116e-03
55 4.458546591610932e-03 2.188812217008479e-03
56 4.452550639405819e-03 2.330151865190172e-03
57 4.440019791460206e-03 2.467168640702764e-03
58 4.420797488818864e-03 2.599621081020824e-03
59 4.394727172526559e-03 2.727267723618922e-03
60 4.361652283628063e-03 2.849867105971624e-03
61 4.321416263168145e-03 2.967177765553503e-03
62 4.273862552191572e-03 3.078958239839124e-03
63 4.220807819368080e-03 3.178136392056307e-03
64 4.157894638970535e-03 3.271702871320479e-03
65 4.085479372797417e-03 3.359741023134783e-03
66 4.003918382647203e-03 3.442334193002358e-03
67 3.913568030318380e-03 3.519565726426349e-03
68 3.814784677609429e-03 3.591518968909901e-03
69 3.707924686318830e-03 3.658277265956154e-03
70 3.593344418245065e-03 3.719923963068252e-03
71 3.471400235186615e-03 3.776542405749339e-03
72 3.342448498941966e-03 3.828215939502556e-03
73 3.206845571309598e-03 3.875027909831047e-03
74 3.064947814087989e-03 3.917061662237953e-03
75 2.917111589075625e-03 3.954400542226419e-03
76 2.763693258070986e-03 3.987127895299589e-03
77 2.605049182872556e-03 4.015327066960602e-03
78 2.441535725278811e-03 4.039081402712603e-03
79 2.273509247088238e-03 4.058474248058734e-03
80 2.101326110099319e-03 4.073588948502141e-03
81 1.925342676110533e-03 4.084508849545965e-03
82 1.745915306920363e-03 4.091317296693345e-03
83 1.563400364327291e-03 4.094097635447428e-03
84 1.378154210129798e-03 4.092933211311359e-03
85 1.190533206126367e-03 4.087907369788275e-03
86 1.000893714115479e-03 4.079103456381322e-03
87 8.095920958956149e-04 4.066604816593644e-03
88 6.169847132652576e-04 4.050494795928381e-03
89 4.234279280228896e-04 4.030856739888681e-03
90 2.292781019669902e-04 4.007773993977680e-03
91 3.489159689604273e-05 3.981329903698524e-03
92 -1.593752253914696e-04 3.951607814554358e-03
93 -3.531660030970670e-04 3.918691072048322e-03
94 -5.461243744222683e-04 3.882663021683560e-03
95 -7.378939775685904e-04 3.843607008963214e-03
96 -9.281184507375511e-04 3.801606379390428e-03
97 -1.116441432130669e-03 3.756744478468345e-03
98 -1.302506559949464e-03 3.709104651700106e-03
99 -1.485957472395453e-03 3.658770244588856e-03
100 -1.666437807670152e-03 3.605824602637736e-03
101 -1.843591203975083e-03 3.550351071349891e-03
102 -2.017061299511763e-03 3.492432996228461e-03
103 -2.186491732481710e-03 3.432153722776593e-03
104 -2.351526141086441e-03 3.369596596497426e-03
105 -2.511808163527475e-03 3.304844962894104e-03
106 -2.666981438006332e-03 3.237982167469771e-03
107 -2.816689602724529e-03 3.169091555727568e-03
108 -2.960576295883582e-03 3.098256473170640e-03
109 -3.098285155685013e-03 3.025560265302129e-03
110 -3.229459820330338e-03 2.951086277625177e-03
111 -3.353743928021077e-03 2.874917855642927e-03
112 -3.470781116958746e-03 2.797138344858523e-03
113 -3.580215025344863e-03 2.717831090775108e-03
114 -3.681689291380949e-03 2.637079438895823e-03
115 -3.774847553268520e-03 2.554966734723812e-03
116 -3.859333449209095e-03 2.471576323762218e-03
117 -3.934790617404192e-03 2.386991551514184e-03
118 -4.000862696055330e-03 2.301295763482853e-03
119 -4.057193323364026e-03 2.214572305171367e-03
120 -4.104871310632449e-03 2.123971179820785e-03
121 -4.146157973519718e-03 2.025389781499703e-03
122 -4.181186705130505e-03 1.919188105070873e-03
123 -4.210090898569485e-03 1.805726145397052e-03
124 -4.233003946941327e-03 1.685363897340993e-03
125 -4.250059243350709e-03 1.558461355765451e-03
126 -4.261390180902300e-03 1.425378515533181e-03
127 -4.267130152700772e-03 1.286475371506937e-03
128 -4.267412551850800e-03 1.142111918549474e-03
129 -4.262370771457057e-03 9.926481515235464e-04
130 -4.252138204624216e-03 8.384440652919099e-04
131 -4.236848244456947e-03 6.798596547173179e-04
132 -4.216634284059927e-03 5.172549146625255e-04
133 -4.191629716537824e-03 3.509898399902869e-04
134 -4.161967934995315e-03 1.814244255633576e-04
135 -4.127782332537071e-03 8.918666244491178e-06
136 -4.089206302267763e-03 -1.661674431035569e-04
137 -4.046373237292069e-03 -3.434739076180316e-04
138 -3.999416530714656e-03 -5.226407324361794e-04
139 -3.948469575640199e-03 -7.033079226952455e-04
140 -3.893665765173371e-03 -8.851154835324749e-04
141 -3.835138492418847e-03 -1.067703420085113e-03
142 -3.773021150481295e-03 -1.250711737490405e-03
143 -3.707447132465392e-03 -1.433780440885596e-03
144 -3.638549831475810e-03 -1.616549535407932e-03
145 -3.566462640617220e-03 -1.798659026194659e-03
146 -3.491318952994295e-03 -1.979748918383020e-03
147 -3.413252161711710e-03 -2.159459217110263e-03
148 -3.332395659874136e-03 -2.337429927513631e-03
149 -3.248882840586246e-03 -2.513301054730372e-03
150 -3.162847096952714e-03 -2.686712603897730e-03
151 -3.074421822078210e-03 -2.857304580152951e-03
152 -2.983740409067409e-03 -3.024716988633277e-03
153 -2.890936251024985e-03 -3.188589834475958e-03
154 -2.796142741055608e-03 -3.348563122818237e-03
155 -2.699493272263953e-03 -3.504276858797360e-03
156 -2.601121237754691e-03 -3.655371047550572e-03
157 -2.501160030632495e-03 -3.801485694215118e-03
158 -2.399743044002039e-03 -3.942260803928245e-03
159 -2.297003670967996e-03 -4.077336381827196e-03
160 -2.193075304635037e-03 -4.206352433049219e-03
161 -2.088091338107836e-03 -4.328948962731557e-03
162 -1.982185164491066e-03 -4.444765976011456e-03
163 -1.875490176889399e-03 -4.553443478026163e-03
164 -1.768139768407508e-03 -4.654621473912920e-03
165 -1.660267332150066e-03 -4.747939968808975e-03
166 -1.552006261221747e-03 -4.833038967851574e-03
167 -1.443489948727221e-03 -4.909558476177960e-03
168 -1.334851787771163e-03 -4.977138498925379e-03
169 -1.226225171458245e-03 -5.035419041231079e-03
170 -1.117743492893140e-03 -5.084040108232301e-03
171 -1.009540145180521e-03 -5.122641705066294e-03
172 -9.017485214250605e-04 -5.150863836870301e-03
173 -7.945020147314317e-04 -5.168346508781568e-03
174 -6.879340182043064e-04 -5.174729725937342e-03

Lines

1 1 2
2 2 3
3 3 4
4 4 5
5 5 6
6 6 7
7 7 8
8 8 9
9 9 10
10 10 11
11 11 12
12 12 13
13 13 14
14 14 15
15 15 16
16 16 17
17 17 18
18 18 19
19 19 20
20 20 21
21 21 22
22 22 23
23 23 24
24 24 25
25 25 26
26 26 27
27 27 28
28 28 29
29 29 30
30 30 31
31 31 32
32 32 33
33 33 34
34 34 35
35 35 36
36 36 37
37 37 38
38 38 39
39 39 40
40 40 41
41 41 42
42 42 43
43 43 44
44 44 45
45 45 46
46 46 47
47 47 48
48 48 49
49 49 50
50 50 51
51 51 52
52 52 53
53 53 54
54 54 55
55 55 56
56 56 57
57 57 58
58 58 59
59 59 60
60 60 61
61 61 62
62 62 63
63 63 64
64 64 65
65 65 66
66 66 67
67 67 68
68 68 69
69 69 70
70 70 71
71 71 72
72 72 73
73 73 74
74 74 75
75 75 76
76 76 77
77 77 78
78 78 79
79 79 80
80 80 81
81 81 82
82 82 83
83 83 84
84 84 85
85 85 86
86 86 87
87 87 88
88 88 89
89 89 90
90 90 91
91 91 92
92 92 93
93 93 94
94 94 95
95 95 96
96 96 97
97 97 98
98 98 99
99 99 100
100 100 101
101 101 102
102 102 103
103 103 104
104 104 105
105 105 106
106 106 107
107 107 108
108 108 109
109 109 110
110 110 111
111 111 112
112 112 113
113 113 114
114 114 115
115 115 116
116 116 117
117 117 118
118 118 119
119 119 120
120 120 121
121 121 122
122 122 123
123 123 124
124 124 125
125 125 126
126 126 127
127 127 128
128 128 129
129 129 130
130 130 131
131 131 132
132 132 133
133 133 134
134 134 135
135 135 136
136 136 137
137 137 138
138 138 139
139 139 140
140 140 141
141 141 142
142 142 143
143 143 144
144 144 145
145 145 146
146 146 147
147 147 148
148 148 149
149 149 150
150 150 151
151 151 152
152 152 153
153 153 154
154 154 155
155 155 156
156 156 157
157 157 158
158 158 159
159 159 160
160 160 161
161 161 162
162 162 163
163 163 164
164 164 165
165 165 166
166 166 167
167 167 168
168 168 169
169 169 170
170 170 171
171 171 172
172 172 173
173 173 174
174 174 1
