shape_55

130 points
130 lines

Points

1 3.996447021160544e-03 -2.811396750011311e-03
2 4.095610395055566e-03 -2.813160022678324e-03
3 4.175356311933042e-03 -2.801342567502231e-03
4 4.236437094422851e-03 -2.776568843214925e-03
5 4.279605065154882e-03 -2.739463308548303e-03
6 4.305612546759010e-03 -2.690650422234260e-03
7 4.315211861865119e-03 -2.630754643004689e-03
8 4.309155333103091e-03 -2.560400429591488e-03
9 4.288195283102808e-03 -2.480212240726553e-03
10 4.253084034494151e-03 -2.390814535141777e-03
11 4.204573909907004e-03 -2.292831771569058e-03
12 4.143417231971246e-03 -2.186888408740289e-03
13 4.070366323316760e-03 -2.073608905387367e-03
14 3.986173506573429e-03 -1.953617720242187e-03
15 3.891591104371133e-03 -1.827539312036646e-03
16 3.787371439339756e-03 -1.695998139502638e-03
17 3.674266834109178e-03 -1.559618661372057e-03
18 3.553029611309281e-03 -1.419025336376801e-03
19 3.424412093569949e-03 -1.274842623248764e-03
20 3.289166603521061e-03 -1.127694980719842e-03
21 3.148045463792498e-03 -9.782068675219301e-04
22 3.001800997014146e-03 -8.270027423869244e-04
23 2.851185525815884e-03 -6.747070640467195e-04
24 2.696951372827595e-03 -5.219442912332116e-04
25 2.539850860679160e-03 -3.693388826782957e-04
26 2.380636312000461e-03 -2.175152971138681e-04
27 2.220060049421380e-03 -6.709799327182266e-05
28 2.058874395571799e-03 8.128857011594401e-05
29 1.897831673081600e-03 2.270199343175366e-04
30 1.737684204580664e-03 3.694716406010601e-04
31 1.579184312698875e-03 5.080192302346177e-04
32 1.423084320066112e-03 6.420382444863159e-04
33 1.270136549312258e-03 7.709042246242584e-04
34 1.121093323067194e-03 8.939927119165493e-04
35 9.767069639608041e-04 1.010679247631294e-03
36 8.377297946229693e-04 1.120339373036596e-03
37 7.049141376835699e-04 1.222348629400560e-03
38 5.790123157724891e-04 1.316082557991292e-03
39 4.607766515196084e-04 1.400916700076895e-03
40 3.509594675548096e-04 1.476226596925475e-03
41 2.503130865079753e-04 1.541387789805134e-03
42 1.595898310089861e-04 1.595775819983979e-03
43 7.621836737856094e-05 1.639239617514072e-03
44 -2.191183999950676e-05 1.683181464675704e-03
45 -1.337116986215896e-04 1.727390901753668e-03
46 -2.580921159840603e-04 1.771657469032760e-03
47 -3.939639995832916e-04 1.815770706797771e-03
48 -5.402382569156558e-04 1.859520155333496e-03
49 -6.958257954775258e-04 1.902695354924729e-03
50 -8.596375227652744e-04 1.945085845856263e-03
51 -1.030584346275274e-03 1.986481168412892e-03
52 -1.207577173503898e-03 2.026670862879410e-03
53 -1.389526911947517e-03 2.065444469540611e-03
54 -1.575344469102506e-03 2.102591528681288e-03
55 -1.763940752465237e-03 2.137901580586234e-03
56 -1.954226669532082e-03 2.171164165540244e-03
57 -2.145113127799414e-03 2.202168823828112e-03
58 -2.335511034763606e-03 2.230705095734631e-03
59 -2.524331297921031e-03 2.256562521544595e-03
60 -2.710484824768060e-03 2.279530641542796e-03
61 -2.892882522801067e-03 2.299398996014031e-03
62 -3.070435299516425e-03 2.315957125243091e-03
63 -3.242054062410504e-03 2.328994569514771e-03
64 -3.406649718979681e-03 2.338300869113865e-03
65 -3.563133176720325e-03 2.343665564325165e-03
66 -3.710415343128811e-03 2.344878195433467e-03
67 -3.847407125701510e-03 2.341728302723562e-03
68 -3.973019431934796e-03 2.334005426480247e-03
69 -4.086163169325040e-03 2.321499106988313e-03
70 -4.185749245368615e-03 2.303998884532556e-03
71 -4.270688567561895e-03 2.281294299397767e-03
72 -4.339892043401252e-03 2.253174891868742e-03
73 -4.392270580383060e-03 2.219430202230273e-03
74 -4.426735086003688e-03 2.179849770767155e-03
75 -4.442196467759512e-03 2.134223137764182e-03
76 -4.437565633146904e-03 2.082339843506147e-03
77 -4.411753489662236e-03 2.023989428277843e-03
78 -4.363670944801880e-03 1.958961432364065e-03
79 -4.274794887056242e-03 1.859220730720210e-03
80 -4.179981145807424e-03 1.757303646862385e-03
81 -4.079423200136873e-03 1.653360225770338e-03
82 -3.973314529126032e-03 1.547540512423819e-03
83 -3.861848611856347e-03 1.439994551802577e-03
84 -3.745218927409266e-03 1.330872388886360e-03
85 -3.623618954866229e-03 1.220324068654918e-03
86 -3.497242173308685e-03 1.108499636087998e-03
87 -3.366282061818078e-03 9.955491361653523e-04
88 -3.230932099475855e-03 8.816226138667279e-04
89 -3.091385765363459e-03 7.668701141718738e-04
90 -2.947836538562338e-03 6.514416820605393e-04
91 -2.800477898153934e-03 5.354873625124733e-04
92 -2.649503323219695e-03 4.191572005074250e-04
93 -2.495106292841066e-03 3.026012410251436e-04
94 -2.337480286099491e-03 1.859695290453775e-04
95 -2.176818782076417e-03 6.941210954787609e-05
96 -2.013315259853287e-03 -4.692097248761175e-05
97 -1.847163198511549e-03 -1.628796720813367e-04
98 -1.678556077132647e-03 -2.783139442535502e-04
99 -1.507687374798025e-03 -3.930737440245032e-04
100 -1.334750570589130e-03 -5.070090264144461e-04
101 -1.159939143587408e-03 -6.199697464436306e-04
102 -9.834465728743014e-04 -7.318058591323078e-04
103 -8.054663375312587e-04 -8.423673195007276e-04
104 -6.261919166397239e-04 -9.515040825691422e-04
105 -4.458167892811420e-04 -1.059066103357802e-03
106 -2.645344345369592e-04 -1.164903336886958e-03
107 -8.253833148861987e-05 -1.268865738176861e-03
108 9.997804078243006e-05 -1.370803262247763e-03
109 2.828212031947459e-04 -1.470565864119913e-03
110 4.657976766668815e-04 -1.568003498813565e-03
111 6.487139821173926e-04 -1.662966121348967e-03
112 8.313766404648321e-04 -1.755303686746372e-03
113 1.013592172627757e-03 -1.844866150026030e-03
114 1.195167099524720e-03 -1.931503466208192e-03
115 1.375907942074277e-03 -2.015065590313110e-03
116 1.555621221194983e-03 -2.095402477361033e-03
117 1.734113457805391e-03 -2.172364082372214e-03
118 1.911191172824057e-03 -2.245800360366903e-03
119 2.086660887169535e-03 -2.315561266365351e-03
120 2.260329121760380e-03 -2.381496755387809e-03
121 2.432002397515148e-03 -2.443456782454529e-03
122 2.601487235352391e-03 -2.501291302585760e-03
123 2.768590156190666e-03 -2.554850270801756e-03
124 2.933117680948526e-03 -2.603983642122766e-03
125 3.094876330544527e-03 -2.648541371569040e-03
126 3.253672625897223e-03 -2.688373414160831e-03
127 3.409313087925169e-03 -2.723329724918388e-03
128 3.561604237546919e-03 -2.753260258861964e-03
129 3.710352595681029e-03 -2.778014971011809e-03
130 3.855364683246052e-03 -2.797443816388174e-03

Lines

1 1 2
2 2 3
3 3 4
4 4 5
5 5 6
6 6 7
7 7 8
8 8 9
9 9 10
10 10 11
11 11 12
12 12 13
13 13 14
14 14 15
15 15 16
16 16 17
17 17 18
18 18 19
19 19 20
20 20 21
21 21 22
22 22 23
23 23 24
24 24 25
25 25 26
26 26 27
27 27 28
28 28 29
29 29 30
30 30 31
31 31 32
32 32 33
33 33 34
34 34 35
35 35 36
36 36 37
37 37 38
38 38 39
39 39 40
40 40 41
41 41 42
42 42 43
43 43 44
44 44 45
45 45 46
46 46 47
47 47 48
48 48 49
49 49 50
50 50 51
51 51 52
52 52 53
53 53 54
54 54 55
55 55 56
56 56 57
57 57 58
58 58 59
59 59 60
60 60 61
61 61 62
62 62 63
63 63 64
64 64 65
65 65 66
66 66 67
67 67 68
68 68 69
69 69 70
70 70 71
71 71 72
72 72 73
73 73 74
74 74 75
75 75 76
76 76 77
77 77 78
78 78 79
79 79 80
80 80 81
81 81 82
82 82 83
83 83 84
84 84 85
85 85 86
86 86 87
87 87 88
88 88 89
89 89 90
90 90 91
91 91 92
92 92 93
93 93 94
94 94 95
95 95 96
96 96 97
97 97 98
98 98 99
99 99 100
100 100 101
101 101 102
102 102 103
103 103 104
104 104 105
105 105 106
106 106 107
107 107 108
108 108 109
109 109 110
110 110 111
111 111 112
112 112 113
113 113 114
114 114 115
115 115 116
116 116 117
117 117 118
118 118 119
119 119 120
120 120 121
121 121 122
122 122 123
123 123 124
124 124 125
125 125 126
126 126 127
127 127 128
128 128 129
129 129 130
130 130 1
