shape_26

115 points
115 lines

Points

1 4.537839042747570e-03 -2.016377270008839e-03
2 4.647993934836598e-03 -1.960708126025473e-03
3 4.731536333699784e-03 -1.894781247532329e-03
4 4.789585598198014e-03 -1.819189546643152e-03
5 4.823261087192179e-03 -1.734525935471695e-03
6 4.833682159543165e-03 -1.641383326131702e-03
7 4.821968174111858e-03 -1.540354630736922e-03
8 4.789238489759147e-03 -1.432032761401105e-03
9 4.736612465345922e-03 -1.317010630237999e-03
10 4.665209459733067e-03 -1.195881149361351e-03
11 4.576148831781470e-03 -1.069237230884909e-03
12 4.470549940352017e-03 -9.376717869224212e-04
13 4.349532144305598e-03 -8.017777295876372e-04
14 4.214214802503101e-03 -6.621479709943047e-04
15 4.065717273805411e-03 -5.193754232561705e-04
16 3.905158917073420e-03 -3.740529984869844e-04
17 3.733659091168010e-03 -2.267736088004949e-04
18 3.552337154950072e-03 -7.813016631044911e-05
19 3.362312467280492e-03 7.128441686940472e-05
20 3.164704387020156e-03 2.208772286253185e-04
21 2.960632273029955e-03 3.700553568435430e-04
22 2.751215484170776e-03 5.182258894103307e-04
23 2.537573379303503e-03 6.647959142119341e-04
24 2.320825317289028e-03 8.091725191346034e-04
25 2.102090656988236e-03 9.507627920645913e-04
26 1.882488757262015e-03 1.088973820888149e-03
27 1.663138976971253e-03 1.223212693491530e-03
28 1.445160674976835e-03 1.352886497760985e-03
29 1.229673210139652e-03 1.477402321582764e-03
30 1.017795941320590e-03 1.596167252843122e-03
31 8.106482273805346e-04 1.708588379428310e-03
32 6.093494271803768e-04 1.814072789224577e-03
33 4.150188995810025e-04 1.912027570118178e-03
34 2.287760034432988e-04 2.001859809995363e-03
35 5.174009762815381e-05 2.082976596742385e-03
36 -1.149694590035460e-04 2.154785018245495e-03
37 -2.702333075909117e-04 2.216692162390945e-03
38 -4.129320892730564e-04 2.268105117064987e-03
39 -5.419464451890931e-04 2.308430970153873e-03
40 -6.517011633216843e-04 2.332242275664594e-03
41 -7.782291367416433e-04 2.346690067443280e-03
42 -9.199669696320207e-04 2.352201223263284e-03
43 -1.075351266175868e-03 2.349202620897961e-03
44 -1.242818630556236e-03 2.338121138120662e-03
45 -1.420805666956176e-03 2.319383652704740e-03
46 -1.607748979558739e-03 2.293417042423549e-03
47 -1.802085172546976e-03 2.260648185050442e-03
48 -2.002250850103937e-03 2.221503958358770e-03
49 -2.206682616412675e-03 2.176411240121889e-03
50 -2.413817075656239e-03 2.125796908113148e-03
51 -2.622090832017681e-03 2.070087840105902e-03
52 -2.829940489680052e-03 2.009710913873505e-03
53 -3.035802652826403e-03 1.945093007189308e-03
54 -3.238113925639785e-03 1.876660997826665e-03
55 -3.435310912303249e-03 1.804841763558929e-03
56 -3.625830216999845e-03 1.730062182159453e-03
57 -3.808108443912626e-03 1.652749131401588e-03
58 -3.980582197224642e-03 1.573329489058689e-03
59 -4.141688081118944e-03 1.492230132904109e-03
60 -4.289862699778584e-03 1.409877940711199e-03
61 -4.423542657386611e-03 1.326699790253314e-03
62 -4.541164558126078e-03 1.243122559303805e-03
63 -4.641165006180033e-03 1.159573125636027e-03
64 -4.721980605731532e-03 1.076478367023332e-03
65 -4.782047960963621e-03 9.942651612390720e-04
66 -4.819803676059354e-03 9.133603860566004e-04
67 -4.833684355201781e-03 8.341909192492712e-04
68 -4.822126602573954e-03 7.571836385904362e-04
69 -4.783567022358922e-03 6.827654218534484e-04
70 -4.716442218739738e-03 6.113631468116613e-04
71 -4.593848249203801e-03 5.103804185717661e-04
72 -4.462064926449340e-03 4.082749828838766e-04
73 -4.321480657717350e-03 3.052562908211743e-04
74 -4.172483850248830e-03 2.015337934568399e-04
75 -4.015462911284777e-03 9.731694186405461e-05
76 -3.850806248066188e-03 -7.184812884000501e-06
77 -3.678902267834060e-03 -1.117620197141445e-04
78 -3.500139377829392e-03 -2.162052275531960e-04
79 -3.314905985293181e-03 -3.203049853279740e-04
80 -3.123590497466423e-03 -4.238518419652981e-04
81 -2.926581321590114e-03 -5.266363463919865e-04
82 -2.724266864905254e-03 -6.284490475348581e-04
83 -2.517035534652841e-03 -7.290804943207324e-04
84 -2.305275738073868e-03 -8.283212356764277e-04
85 -2.089375882409336e-03 -9.259618205287634e-04
86 -1.869724374900242e-03 -1.021792797804558e-03
87 -1.646709622787582e-03 -1.115604716430631e-03
88 -1.420720033312355e-03 -1.207188125333801e-03
89 -1.192144013715555e-03 -1.296333573440887e-03
90 -9.613699712381846e-04 -1.382831609678709e-03
91 -7.287863131212358e-04 -1.466472782974083e-03
92 -4.947814466057089e-04 -1.547047642253831e-03
93 -2.597437789326007e-04 -1.624346736444770e-03
94 -2.406171734290834e-05 -1.698160614473720e-03
95 2.118763309223711e-04 -1.768279825267499e-03
96 4.476819586222398e-04 -1.834494917752928e-03
97 6.829667585157008e-04 -1.896596440856823e-03
98 9.173423233617581e-04 -1.954374943506005e-03
99 1.150420245919411e-03 -2.007620974627292e-03
100 1.381812118947666e-03 -2.056125083147504e-03
101 1.611129535205522e-03 -2.099677817993459e-03
102 1.837984087451985e-03 -2.138069728091975e-03
103 2.061987368446056e-03 -2.171091362369873e-03
104 2.282750970946738e-03 -2.198533269753971e-03
105 2.499886487713034e-03 -2.220185999171088e-03
106 2.713005511503946e-03 -2.235840099548043e-03
107 2.921719635078479e-03 -2.245286119811654e-03
108 3.125640451195633e-03 -2.248314608888741e-03
109 3.324379552614411e-03 -2.244716115706123e-03
110 3.517548532093816e-03 -2.234281189190619e-03
111 3.704758982392852e-03 -2.216800378269048e-03
112 3.885622496270519e-03 -2.192064231868227e-03
113 4.059750666485822e-03 -2.159863298914977e-03
114 4.226755085797764e-03 -2.119988128336116e-03
115 4.386247346965346e-03 -2.072229269058464e-03

Lines

1 1 2
2 2 3
3 3 4
4 4 5
5 5 6
6 6 7
7 7 8
8 8 9
9 9 10
10 10 11
11 11 12
12 12 13
13 13 14
14 14 15
15 15 16
16 16 17
17 17 18
18 18 19
19 19 20
20 20 21
21 21 22
22 22 23
23 23 24
24 24 25
25 25 26
26 26 27
27 27 28
28 28 29
29 29 30
30 30 31
31 31 32
32 32 33
33 33 34
34 34 35
35 35 36
36 36 37
37 37 38
38 38 39
39 39 40
40 40 41
41 41 42
42 42 43
43 43 44
44 44 45
45 45 46
46 46 47
47 47 48
48 48 49
49 49 50
50 50 51
51 51 52
52 52 53
53 53 54
54 54 55
55 55 56
56 56 57
57 57 58
58 58 59
59 59 60
60 60 61
61 61 62
62 62 63
63 63 64
64 64 65
65 65 66
66 66 67
67 67 68
68 68 69
69 69 70
70 70 71
71 71 72
72 72 73
73 73 74
74 74 75
75 75 76
76 76 77
77 77 78
78 78 79
79 79 80
80 80 81
81 81 82
82 82 83
83 83 84
84 84 85
85 85 86
86 86 87
87 87 88
88 88 89
89 89 90
90 90 91
91 91 92
92 92 93
93 93 94
94 94 95
95 95 96
96 96 97
97 97 98
98 98 99
99 99 100
100 100 101
101 101 102
102 102 103
103 103 104
104 104 105
105 105 106
106 106 107
107 107 108
108 108 109
109 109 110
110 110 111
111 111 112
112 112 113
113 113 114
114 114 115
115 115 1
