shape_42

167 points
167 lines

Points

1 1.427085688513124e-03 -4.552257483624499e-03
2 1.464373674378731e-03 -4.602312530104545e-03
3 1.498624726849588e-03 -4.637983667534497e-03
4 1.529915550569280e-03 -4.659816831051515e-03
5 1.558322850181392e-03 -4.668357955792761e-03
6 1.583923330329509e-03 -4.664152976895401e-03
7 1.606793695657214e-03 -4.647747829496600e-03
8 1.627010650808091e-03 -4.619688448733515e-03
9 1.644650900425725e-03 -4.580520769743313e-03
10 1.659791149153700e-03 -4.530790727663159e-03
11 1.672508101635599e-03 -4.471044257630212e-03
12 1.682878462515008e-03 -4.401827294781638e-03
13 1.690978936435511e-03 -4.323685774254600e-03
14 1.696886228040690e-03 -4.237165631186258e-03
15 1.700677041974132e-03 -4.142812800713782e-03
16 1.702428082879420e-03 -4.041173217974328e-03
17 1.702216055400138e-03 -3.932792818105063e-03
18 1.700117664179871e-03 -3.818217536243152e-03
19 1.696209613862203e-03 -3.697993307525755e-03
20 1.690568609090717e-03 -3.572666067090035e-03
21 1.683271354508999e-03 -3.442781750073158e-03
22 1.674394554760632e-03 -3.308886291612284e-03
23 1.664014914489200e-03 -3.171525626844578e-03
24 1.652209138338288e-03 -3.031245690907203e-03
25 1.639053930951480e-03 -2.888592418937323e-03
26 1.624625996972360e-03 -2.744111746072100e-03
27 1.609002041044512e-03 -2.598349607448696e-03
28 1.592258767811522e-03 -2.451851938204279e-03
29 1.574472881916972e-03 -2.305164673476006e-03
30 1.555721088004447e-03 -2.158833748401045e-03
31 1.536080090717530e-03 -2.013405098116557e-03
32 1.515626594699808e-03 -1.869424657759706e-03
33 1.494437304594863e-03 -1.727438362467655e-03
34 1.472588925046280e-03 -1.587992147377566e-03
35 1.450158160697643e-03 -1.451631947626605e-03
36 1.427221716192536e-03 -1.318903698351933e-03
37 1.403856296174543e-03 -1.190353334690714e-03
38 1.380138605287249e-03 -1.066526791780110e-03
39 1.356145348174238e-03 -9.479700047572868e-04
40 1.331953229479094e-03 -8.352289087594053e-04
41 1.307638953845402e-03 -7.288494389236297e-04
42 1.283279225916744e-03 -6.293775303871232e-04
43 1.258950750336707e-03 -5.373591182870485e-04
44 1.234730231748873e-03 -4.533401377605692e-04
45 1.210694374796827e-03 -3.778665239448485e-04
46 1.186919884124154e-03 -3.114842119770500e-04
47 1.157549256431335e-03 -2.372499215333019e-04
48 1.123412801386019e-03 -1.553597492233438e-04
49 1.084720981209707e-03 -6.623037249600562e-05
50 1.041684258123902e-03 2.972153119988271e-05
51 9.945130943501048e-04 1.320792844154912e-04
52 9.434179521098167e-04 2.404262097019899e-04
53 8.886092936245389e-04 3.543456296105489e-04
54 8.302975811157730e-04 4.734208666923381e-04
55 7.686932768050205e-04 5.972352434985279e-04
56 7.040068429137827e-04 7.253720825802879e-04
57 6.364487416635614e-04 8.574147064887884e-04
58 5.662294352758574e-04 9.929464377751997e-04
59 4.935593859721727e-04 1.131550598990691e-03
60 4.186490559740084e-04 1.272810512686433e-03
61 3.417089075028660e-04 1.416309501413596e-03
62 2.629494027802470e-04 1.561630887723350e-03
63 1.825810040276527e-04 1.708357994166864e-03
64 1.008141734665846e-04 1.856074143295309e-03
65 1.785937331854422e-05 2.004362657659855e-03
66 -6.607293419496702e-05 2.152806859811672e-03
67 -1.507722868524480e-04 2.300990072301930e-03
68 -2.360282224323968e-04 2.448495617681798e-03
69 -3.216302787133125e-04 2.594906818502448e-03
70 -4.073679934736938e-04 2.739806997315050e-03
71 -4.930309044920383e-04 2.882779476670770e-03
72 -5.784085495468454e-04 3.023407579120784e-03
73 -6.632904664166135e-04 3.161274627216259e-03
74 -7.474661928798408e-04 3.295963943508364e-03
75 -8.307252667150266e-04 3.427058850548271e-03
76 -9.128572257006690e-04 3.554142670887149e-03
77 -9.936516076152664e-04 3.676798727076168e-03
78 -1.072897950237318e-03 3.794610341666500e-03
79 -1.150385791345321e-03 3.907160837209312e-03
80 -1.225904668717776e-03 4.014033536255775e-03
81 -1.299244120133180e-03 4.114811761357062e-03
82 -1.370193683370033e-03 4.209078835064340e-03
83 -1.438542896206832e-03 4.296418079928778e-03
84 -1.504081296422076e-03 4.376412818501549e-03
85 -1.566598421794265e-03 4.448646373333822e-03
86 -1.625883810101895e-03 4.512702066976765e-03
87 -1.681726999123467e-03 4.568163221981551e-03
88 -1.733917526637478e-03 4.614613160899350e-03
89 -1.782244930422427e-03 4.651635206281330e-03
90 -1.826498748256813e-03 4.678812680678662e-03
91 -1.866468517919134e-03 4.695728906642517e-03
92 -1.901943777187889e-03 4.701967206724063e-03
93 -1.932714063841576e-03 4.697110903474471e-03
94 -1.958568915658695e-03 4.680743319444911e-03
95 -1.979297870417743e-03 4.652447777186554e-03
96 -1.994690465897219e-03 4.611807599250569e-03
97 -2.004536239875622e-03 4.558406108188127e-03
98 -2.008624730131450e-03 4.491826626550397e-03
99 -2.006745474443202e-03 4.411652476888549e-03
100 -1.999223950299279e-03 4.297858064276992e-03
101 -1.989448999753808e-03 4.181829670090703e-03
102 -1.977465889294193e-03 4.063646097728625e-03
103 -1.963319885407836e-03 3.943386150589692e-03
104 -1.947056254582141e-03 3.821128632072847e-03
105 -1.928720263304511e-03 3.696952345577027e-03
106 -1.908357178062348e-03 3.570936094501171e-03
107 -1.886012265343057e-03 3.443158682244218e-03
108 -1.861730791634042e-03 3.313698912205104e-03
109 -1.835558023422704e-03 3.182635587782773e-03
110 -1.807539227196448e-03 3.050047512376162e-03
111 -1.777719669442676e-03 2.916013489384207e-03
112 -1.746144616648793e-03 2.780612322205851e-03
113 -1.712859335302199e-03 2.643922814240030e-03
114 -1.677909091890301e-03 2.506023768885683e-03
115 -1.641339152900499e-03 2.366993989541750e-03
116 -1.603194784820199e-03 2.226912279607169e-03
117 -1.563521254136802e-03 2.085857442480879e-03
118 -1.522363827337714e-03 1.943908281561820e-03
119 -1.479767770910336e-03 1.801143600248930e-03
120 -1.435778351342070e-03 1.657642201941147e-03
121 -1.390440835120322e-03 1.513482890037410e-03
122 -1.343800488732496e-03 1.368744467936661e-03
123 -1.295902578665992e-03 1.223505739037833e-03
124 -1.246792371408214e-03 1.077845506739869e-03
125 -1.196515133446568e-03 9.318425744417081e-04
126 -1.145116131268454e-03 7.855757455422870e-04
127 -1.092640631361277e-03 6.391238234405457e-04
128 -1.039133900212439e-03 4.925656115354230e-04
129 -9.846412043093451e-04 3.459799132258579e-04
130 -9.292078101393968e-04 1.994455319107878e-04
131 -8.728789841899978e-04 5.304127098915299e-05
132 -8.156999929485523e-04 -9.315406614010740e-05
133 -7.577161029024628e-04 -2.390616760780554e-04
134 -6.989725805391318e-04 -3.846027554257526e-04
135 -6.395146923459642e-04 -5.296985007842584e-04
136 -5.793877048103617e-04 -6.742701087546363e-04
137 -5.186368844197288e-04 -8.182387759379448e-04
138 -4.573074976614682e-04 -9.615256989352469e-04
139 -3.954448110229825e-04 -1.104052074347604e-03
140 -3.330940909916763e-04 -1.245739098776076e-03
141 -2.703006040549514e-04 -1.386507968821725e-03
142 -2.071096167002125e-04 -1.526279881085612e-03
143 -1.435663954148615e-04 -1.664976032168798e-03
144 -7.971620668630297e-05 -1.802517618672343e-03
145 -1.560431700193932e-05 -1.938825837197310e-03
146 4.872400715082656e-05 -2.073821884344760e-03
147 1.132234992845903e-04 -2.207426956715752e-03
148 1.778488929119498e-04 -2.339562250911351e-03
149 2.425549215455008e-04 -2.470148963532615e-03
150 3.072963186978411e-04 -2.599108291180607e-03
151 3.720278178815662e-04 -2.726361430456385e-03
152 4.367041526092737e-04 -2.851829577961013e-03
153 5.012800563935605e-04 -2.975433930295553e-03
154 5.657102627470226e-04 -3.097095684061063e-03
155 6.299495051822577e-04 -3.216736035858608e-03
156 6.939525172118614e-04 -3.334276182289245e-03
157 7.576740323484310e-04 -3.449637319954038e-03
158 8.210687841045639e-04 -3.562740645454048e-03
159 8.840915059928558e-04 -3.673507355390335e-03
160 9.466969315259045e-04 -3.781858646363961e-03
161 1.008839794216305e-03 -3.887715714975986e-03
162 1.070474827576657e-03 -3.990999757827473e-03
163 1.131556765119554e-03 -4.091631971519481e-03
164 1.192040340357595e-03 -4.189533552653073e-03
165 1.251880286803376e-03 -4.284625697829310e-03
166 1.311031337969492e-03 -4.376829603649253e-03
167 1.369448227368544e-03 -4.466066466713961e-03

Lines

1 1 2
2 2 3
3 3 4
4 4 5
5 5 6
6 6 7
7 7 8
8 8 9
9 9 10
10 10 11
11 11 12
12 12 13
13 13 14
14 14 15
15 15 16
16 16 17
17 17 18
18 18 19
19 19 20
20 20 21
21 21 22
22 22 23
23 23 24
24 24 25
25 25 26
26 26 27
27 27 28
28 28 29
29 29 30
30 30 31
31 31 32
32 32 33
33 33 34
34 34 35
35 35 36
36 36 37
37 37 38
38 38 39
39 39 40
40 40 41
41 41 42
42 42 43
43 43 44
44 44 45
45 45 46
46 46 47
47 47 48
48 48 49
49 49 50
50 50 51
51 51 52
52 52 53
53 53 54
54 54 55
55 55 56
56 56 57
57 57 58
58 58 59
59 59 60
60 60 61
61 61 62
62 62 63
63 63 64
64 64 65
65 65 66
66 66 67
67 67 68
68 68 69
69 69 70
70 70 71
71 71 72
72 72 73
73 73 74
74 74 75
75 75 76
76 76 77
77 77 78
78 78 79
79 79 80
80 80 81
81 81 82
82 82 83
83 83 84
84 84 85
85 85 86
86 86 87
87 87 88
88 88 89
89 89 90
90 90 91
91 91 92
92 92 93
93 93 94
94 94 95
95 95 96
96 96 97
97 97 98
98 98 99
99 99 100
100 100 101
101 101 102
102 102 103
103 103 104
104 104 105
105 105 106
106 106 107
107 107 108
108 108 109
109 109 110
110 110 111
111 111 112
112 112 113
113 113 114
114 114 115
115 115 116
116 116 117
117 117 118
118 118 119
119 119 120
120 120 121
121 121 122
122 122 123
123 123 124
124 124 125
125 125 126
126 126 127
127 127 128
128 128 129
129 129 130
130 130 131
131 131 132
132 132 133
133 133 134
134 134 135
135 135 136
136 136 137
137 137 138
138 138 139
139 139 140
140 140 141
141 141 142
142 142 143
143 143 144
144 144 145
145 145 146
146 146 147
147 147 148
148 148 149
149 149 150
150 150 151
151 151 152
152 152 153
153 153 154
154 154 155
155 155 156
156 156 157
157 157 158
158 158 159
159 159 160
160 160 161
161 161 162
162 162 163
163 163 164
164 164 165
165 165 166
166 166 167
167 167 1
