shape_34

174 points
174 lines

Points

1 -1.016971997848083e-03 -5.184110389053691e-03
2 -8.954641589124088e-04 -5.176221980561777e-03
3 -7.730692919517708e-04 -5.159392093796128e-03
4 -6.498974078108594e-04 -5.133865332203062e-03
5 -5.260585173343667e-04 -5.099886299228900e-03
6 -4.016626313669835e-04 -5.057699598319964e-03
7 -2.768197607534019e-04 -5.007549832922576e-03
8 -1.516399163383131e-04 -4.949681606483053e-03
9 -2.623310896640813e-05 -4.884339522447719e-03
10 9.929065051762130e-05 -4.811768184262892e-03
11 2.248213512690842e-04 -4.732212195374896e-03
12 3.502489824432888e-04 -4.645916159230048e-03
13 4.754635331955435e-04 -4.553124679274672e-03
14 6.003549926811576e-04 -4.454082358955086e-03
15 7.248133500554394e-04 -4.349033801717614e-03
16 8.487285944736976e-04 -4.238223611008574e-03
17 9.719907150912405e-04 -4.121896390274286e-03
18 1.094489701063377e-03 -4.000296742961075e-03
19 1.216115541545416e-03 -3.873669272515256e-03
20 1.336758225692665e-03 -3.742258582383156e-03
21 1.456307742660434e-03 -3.606309276011089e-03
22 1.574654081604031e-03 -3.466065956845380e-03
23 1.691687231678765e-03 -3.321773228332347e-03
24 1.807297182039943e-03 -3.173675693918315e-03
25 1.921373921842875e-03 -3.022017957049601e-03
26 2.033807440242870e-03 -2.867044621172528e-03
27 2.144487726395237e-03 -2.709000289733415e-03
28 2.253304769455282e-03 -2.548129566178583e-03
29 2.360148558578316e-03 -2.384677053954354e-03
30 2.464909082919648e-03 -2.218887356507048e-03
31 2.567476331634586e-03 -2.051005077282985e-03
32 2.667740293878436e-03 -1.881274819728486e-03
33 2.765590958806510e-03 -1.709941187289873e-03
34 2.860918315574115e-03 -1.537248783413465e-03
35 2.953612353336561e-03 -1.363442211545583e-03
36 3.043563061249155e-03 -1.188766075132548e-03
37 3.130660428467206e-03 -1.013464977620682e-03
38 3.214794444146024e-03 -8.377835224563024e-04
39 3.295855097440915e-03 -6.619663130857346e-04
40 3.373732377507190e-03 -4.862579529552957e-04
41 3.448316273500157e-03 -3.109030455113080e-04
42 3.519496774575124e-03 -1.361461942000916e-04
43 3.587163869887401e-03 3.776799753203310e-05
44 3.651207548592294e-03 2.105949262387444e-04
45 3.711517799845115e-03 3.820899884737236e-04
46 3.767984612801170e-03 5.520085807906468e-04
47 3.820497976615768e-03 7.201060997431955e-04
48 3.868947880444219e-03 8.861379418850479e-04
49 3.913224313441830e-03 1.049859503769885e-03
50 3.953217264763912e-03 1.211026181951383e-03
51 3.988816723565770e-03 1.369393372983224e-03
52 4.019912679002716e-03 1.524716473419087e-03
53 4.046395120230055e-03 1.676750879812650e-03
54 4.068154036403100e-03 1.825251988717593e-03
55 4.085079416677156e-03 1.969975196687596e-03
56 4.097061250207535e-03 2.110675900276336e-03
57 4.103989526149542e-03 2.247109496037494e-03
58 4.105754233658487e-03 2.379031380524750e-03
59 4.102245361889681e-03 2.506196950291782e-03
60 4.093352899998429e-03 2.628361601892269e-03
61 4.078966837140042e-03 2.745280731879892e-03
62 4.058977162469827e-03 2.856709736808329e-03
63 4.033273865143094e-03 2.962404013231258e-03
64 4.002869438435674e-03 3.049857245755406e-03
65 3.961690160363812e-03 3.133413572979166e-03
66 3.910131077186053e-03 3.213099354422797e-03
67 3.848587235160942e-03 3.288940949606562e-03
68 3.777453680547022e-03 3.360964718050721e-03
69 3.697125459602838e-03 3.429197019275534e-03
70 3.607997618586935e-03 3.493664212801262e-03
71 3.510465203757857e-03 3.554392658148169e-03
72 3.404923261374149e-03 3.611408714836512e-03
73 3.291766837694352e-03 3.664738742386554e-03
74 3.171390978977012e-03 3.714409100318553e-03
75 3.044190731480676e-03 3.760446148152774e-03
76 2.910561141463886e-03 3.802876245409475e-03
77 2.770897255185184e-03 3.841725751608917e-03
78 2.625594118903118e-03 3.877021026271363e-03
79 2.475046778876232e-03 3.908788428917072e-03
80 2.319650281363069e-03 3.937054319066305e-03
81 2.159799672622173e-03 3.961845056239324e-03
82 1.995889998912088e-03 3.983186999956388e-03
83 1.828316306491361e-03 4.001106509737760e-03
84 1.657473641618534e-03 4.015629945103699e-03
85 1.483757050552151e-03 4.026783665574466e-03
86 1.307561579550757e-03 4.034594030670324e-03
87 1.129282274872898e-03 4.039087399911531e-03
88 9.493141827771154e-04 4.040290132818349e-03
89 7.680523495219545e-04 4.038228588911041e-03
90 5.858918213659598e-04 4.032929127709865e-03
91 4.032276445676762e-04 4.024418108735082e-03
92 2.204548653856476e-04 4.012721891506955e-03
93 3.796853007841715e-05 3.997866835545742e-03
94 -1.438363150954689e-04 3.979879300371707e-03
95 -3.245646238774669e-04 3.958785645505108e-03
96 -5.038213500090336e-04 3.934612230466208e-03
97 -6.812114472316237e-04 3.907385414775266e-03
98 -8.563398692866937e-04 3.877131557952544e-03
99 -1.028811569915698e-03 3.843877019518304e-03
100 -1.198231502860094e-03 3.807648158992804e-03
101 -1.364204621861337e-03 3.768471335896308e-03
102 -1.526335880660881e-03 3.726372909749074e-03
103 -1.684230233000183e-03 3.681379240071365e-03
104 -1.837492632620698e-03 3.633516686383440e-03
105 -1.985728033263883e-03 3.582811608205562e-03
106 -2.128541388671194e-03 3.529290365057990e-03
107 -2.265537652584085e-03 3.472979316460986e-03
108 -2.396321778744011e-03 3.413904821934811e-03
109 -2.520498720892432e-03 3.352093240999724e-03
110 -2.637673432770799e-03 3.287570933175988e-03
111 -2.747450868120569e-03 3.220364257983863e-03
112 -2.849435980683199e-03 3.150499574943611e-03
113 -2.943233724200143e-03 3.078003243575490e-03
114 -3.028449052412860e-03 3.002901623399764e-03
115 -3.104686919062802e-03 2.925221073936692e-03
116 -3.171552277891426e-03 2.844987954706536e-03
117 -3.228650082640188e-03 2.762228625229555e-03
118 -3.281761202394521e-03 2.669396411489887e-03
119 -3.331005353727518e-03 2.568746060849402e-03
120 -3.376418185322415e-03 2.460613368929036e-03
121 -3.418035345862447e-03 2.345334131349729e-03
122 -3.455892484030849e-03 2.223244143732419e-03
123 -3.490025248510860e-03 2.094679201698045e-03
124 -3.520469287985713e-03 1.959975100867542e-03
125 -3.547260251138644e-03 1.819467636861851e-03
126 -3.570433786652891e-03 1.673492605301911e-03
127 -3.590025543211688e-03 1.522385801808658e-03
128 -3.606071169498270e-03 1.366483022003031e-03
129 -3.618606314195876e-03 1.206120061505968e-03
130 -3.627666625987740e-03 1.041632715938408e-03
131 -3.633287753557096e-03 8.733567809212880e-04
132 -3.635505345587184e-03 7.016280520755475e-04
133 -3.634355050761236e-03 5.267823250221239e-04
134 -3.629872517762489e-03 3.491553953819557e-04
135 -3.622093395274182e-03 1.690830587759805e-04
136 -3.611053331979546e-03 -1.309888917486263e-05
137 -3.596787976561819e-03 -1.970546528496361e-04
138 -3.579332977704238e-03 -3.824484366274010e-04
139 -3.558723984090037e-03 -5.689444448872199e-04
140 -3.534996644402452e-03 -7.562068820081543e-04
141 -3.508186607324722e-03 -9.438999523692656e-04
142 -3.478329521540077e-03 -1.131687860349616e-03
143 -3.445461035731758e-03 -1.319234810328268e-03
144 -3.409616798583000e-03 -1.506205006684282e-03
145 -3.370832458777036e-03 -1.692262653796720e-03
146 -3.329143664997104e-03 -1.877071956044644e-03
147 -3.284586065926440e-03 -2.060297117807117e-03
148 -3.237195310248280e-03 -2.241602343463198e-03
149 -3.187007046645858e-03 -2.420651837391952e-03
150 -3.134056923802412e-03 -2.597109803972440e-03
151 -3.078380590401177e-03 -2.770640447583721e-03
152 -3.020013695125390e-03 -2.940907972604861e-03
153 -2.958991886658284e-03 -3.107576583414920e-03
154 -2.895350813683098e-03 -3.270310484392957e-03
155 -2.829126124883066e-03 -3.428773879918039e-03
156 -2.760353468941424e-03 -3.582630974369224e-03
157 -2.689068494541408e-03 -3.731545972125574e-03
158 -2.615306850366255e-03 -3.875183077566152e-03
159 -2.539104185099199e-03 -4.013206495070021e-03
160 -2.460496147423477e-03 -4.145280429016240e-03
161 -2.379518386022325e-03 -4.271069083783871e-03
162 -2.296206549578978e-03 -4.390236663751978e-03
163 -2.210596286776672e-03 -4.502447373299622e-03
164 -2.122723246298644e-03 -4.607365416805864e-03
165 -2.032623076828129e-03 -4.704654998649765e-03
166 -1.940331427048363e-03 -4.793980323210390e-03
167 -1.845883945642581e-03 -4.875005594866797e-03
168 -1.749316281294020e-03 -4.947395017998050e-03
169 -1.650664082685916e-03 -5.010812796983212e-03
170 -1.549962998501504e-03 -5.064923136201341e-03
171 -1.447248677424020e-03 -5.109390240031503e-03
172 -1.342556768136700e-03 -5.143878312852756e-03
173 -1.235922919322780e-03 -5.168051559044164e-03
174 -1.127382779665496e-03 -5.181574182984788e-03

Lines

1 1 2
2 2 3
3 3 4
4 4 5
5 5 6
6 6 7
7 7 8
8 8 9
9 9 10
10 10 11
11 11 12
12 12 13
13 13 14
14 14 15
15 15 16
16 16 17
17 17 18
18 18 19
19 19 20
20 20 21
21 21 22
22 22 23
23 23 24
24 24 25
25 25 26
26 26 27
27 27 28
28 28 29
29 29 30
30 30 31
31 31 32
32 32 33
33 33 34
34 34 35
35 35 36
36 36 37
37 37 38
38 38 39
39 39 40
40 40 41
41 41 42
42 42 43
43 43 44
44 44 45
45 45 46
46 46 47
47 47 48
48 48 49
49 49 50
50 50 51
51 51 52
52 52 53
53 53 54
54 54 55
55 55 56
56 56 57
57 57 58
58 58 59
59 59 60
60 60 61
61 61 62
62 62 63
63 63 64
64 64 65
65 65 66
66 66 67
67 67 68
68 68 69
69 69 70
70 70 71
71 71 72
72 72 73
73 73 74
74 74 75
75 75 76
76 76 77
77 77 78
78 78 79
79 79 80
80 80 81
81 81 82
82 82 83
83 83 84
84 84 85
85 85 86
86 86 87
87 87 88
88 88 89
89 89 90
90 90 91
91 91 92
92 92 93
93 93 94
94 94 95
95 95 96
96 96 97
97 97 98
98 98 99
99 99 100
100 100 101
101 101 102
102 102 103
103 103 104
104 104 105
105 105 106
106 106 107
107 107 108
108 108 109
109 109 110
110 110 111
111 111 112
112 112 113
113 113 114
114 114 115
115 115 116
116 116 117
117 117 118
118 118 119
119 119 120
120 120 121
121 121 122
122 122 123
123 123 124
124 124 125
125 125 126
126 126 127
127 127 128
128 128 129
129 129 130
130 130 131
131 131 132
132 132 133
133 133 134
134 134 135
135 135 136
136 136 137
137 137 138
138 138 139
139 139 140
140 140 141
141 141 142
142 142 143
143 143 144
144 144 145
145 145 146
146 146 147
147 147 148
148 148 149
149 149 150
150 150 151
151 151 152
152 152 153
153 153 154
154 154 155
155 155 156
156 156 157
157 157 158
158 158 159
159 159 160
160 160 161
161 161 162
162 162 163
163 163 164
164 164 165
165 165 166
166 166 167
167 167 168
168 168 169
169 169 170
170 170 171
171 171 172
172 172 173
173 173 174
174 174 1
