shape_41

158 points
158 lines

Points

1 2.262362882261788e-03 -4.307741554438425e-03
2 2.231997087517038e-03 -4.204526104679546e-03
3 2.199305874066901e-03 -4.098519204190619e-03
4 2.164348924460768e-03 -3.989811687985800e-03
5 2.127185921248023e-03 -3.878494391079239e-03
6 2.087876546978055e-03 -3.764658148485090e-03
7 2.046480484200250e-03 -3.648393795217508e-03
8 2.003057415463999e-03 -3.529792166290647e-03
9 1.957667023318685e-03 -3.408944096718656e-03
10 1.910368990313698e-03 -3.285940421515691e-03
11 1.861222998998424e-03 -3.160871975695904e-03
12 1.810288731922250e-03 -3.033829594273449e-03
13 1.757625871634564e-03 -2.904904112262477e-03
14 1.703294100684754e-03 -2.774186364677144e-03
15 1.647353101622207e-03 -2.641767186531603e-03
16 1.589862556996309e-03 -2.507737412840005e-03
17 1.530882149356449e-03 -2.372187878616504e-03
18 1.470471561252013e-03 -2.235209418875252e-03
19 1.408690475232390e-03 -2.096892868630405e-03
20 1.345598573846965e-03 -1.957329062896113e-03
21 1.281255539645128e-03 -1.816608836686531e-03
22 1.215721055176264e-03 -1.674823025015812e-03
23 1.149054802989760e-03 -1.532062462898107e-03
24 1.081316465635005e-03 -1.388417985347571e-03
25 1.012565725661386e-03 -1.243980427378358e-03
26 9.428622656182914e-04 -1.098840624004620e-03
27 8.722657680551065e-04 -9.530894102405096e-04
28 8.008359155212186e-04 -8.068176211001794e-04
29 7.286323905660168e-04 -6.601160915977841e-04
30 6.557148757388871e-04 -5.130756567474768e-04
31 5.821430535892172e-04 -3.657871515634095e-04
32 5.079766066663942e-04 -2.183414110597360e-04
33 4.332752175198059e-04 -7.082927025060931e-05
34 3.580985686988390e-04 7.665843584981765e-05
35 2.825063427528813e-04 2.240308722273918e-04
36 2.065582222313198e-04 3.711972038679599e-04
37 1.303138896835422e-04 5.180665957573688e-04
38 5.383302765893473e-05 6.645482128814666e-04
39 -2.282468129311381e-05 8.105512202260983e-04
40 -9.959955462321676e-05 9.559847827771114e-04
41 -1.764319097819867e-04 1.100758065520353e-03
42 -2.532620642200367e-04 1.244780233441670e-03
43 -3.300303353879787e-04 1.387960451526909e-03
44 -4.066770407364259e-04 1.530207884761918e-03
45 -4.831424977159917e-04 1.671431698132543e-03
46 -5.593670237772873e-04 1.811541056624630e-03
47 -6.352909363709261e-04 1.950445125224028e-03
48 -7.108545529475205e-04 2.088053068916582e-03
49 -7.859981909576837e-04 2.224274052688139e-03
50 -8.606621678520281e-04 2.359017241524547e-03
51 -9.347868010811663e-04 2.492191800411653e-03
52 -1.008312408095711e-03 2.623706894335303e-03
53 -1.081179306346275e-03 2.753471688281344e-03
54 -1.153327813283471e-03 2.881395347235624e-03
55 -1.224698246357912e-03 3.007387036183988e-03
56 -1.295230923020210e-03 3.131355920112284e-03
57 -1.364866160720978e-03 3.253211164006359e-03
58 -1.433544276910828e-03 3.372861932852059e-03
59 -1.501205589040374e-03 3.490217391635233e-03
60 -1.567790414560228e-03 3.605186705341725e-03
61 -1.633239070921003e-03 3.717679038957385e-03
62 -1.697491875573311e-03 3.827603557468057e-03
63 -1.760489145967765e-03 3.934869425859589e-03
64 -1.822171199554978e-03 4.039385809117829e-03
65 -1.882478353785562e-03 4.141061872228622e-03
66 -1.941350926110131e-03 4.239806780177817e-03
67 -1.998729233979295e-03 4.335529697951259e-03
68 -2.028249540349766e-03 4.381546794015020e-03
69 -2.052172753082608e-03 4.412280920862155e-03
70 -2.070728398619682e-03 4.428440459363345e-03
71 -2.084146003402846e-03 4.430733790389272e-03
72 -2.092655093873962e-03 4.419869294810611e-03
73 -2.096485196474888e-03 4.396555353498041e-03
74 -2.095865837647483e-03 4.361500347322240e-03
75 -2.091026543833609e-03 4.315412657153892e-03
76 -2.082196841475124e-03 4.259000663863673e-03
77 -2.069606257013887e-03 4.192972748322259e-03
78 -2.053484316891759e-03 4.118037291400331e-03
79 -2.034060547550601e-03 4.034902673968569e-03
80 -2.011564475432269e-03 3.944277276897651e-03
81 -1.986225626978625e-03 3.846869481058255e-03
82 -1.958273528631528e-03 3.743387667321059e-03
83 -1.927937706832839e-03 3.634540216556747e-03
84 -1.895447688024417e-03 3.521035509635993e-03
85 -1.861032998648120e-03 3.403581927429475e-03
86 -1.824923165145809e-03 3.282887850807875e-03
87 -1.787347713959344e-03 3.159661660641872e-03
88 -1.748536171530584e-03 3.034611737802144e-03
89 -1.708718064301389e-03 2.908446463159367e-03
90 -1.668122918713618e-03 2.781874217584223e-03
91 -1.626980261209131e-03 2.655603381947392e-03
92 -1.585519618229789e-03 2.530342337119549e-03
93 -1.543970516217450e-03 2.406799463971375e-03
94 -1.502562481613973e-03 2.285683143373549e-03
95 -1.461525040861220e-03 2.167701756196751e-03
96 -1.421087720401049e-03 2.053563683311657e-03
97 -1.381480046675321e-03 1.943977305588947e-03
98 -1.342931546125894e-03 1.839651003899301e-03
99 -1.305671745194628e-03 1.741293159113397e-03
100 -1.269930170323384e-03 1.649612152101913e-03
101 -1.235936347954020e-03 1.565316363735529e-03
102 -1.203919804528397e-03 1.489114174884924e-03
103 -1.174110066488374e-03 1.421713966420776e-03
104 -1.146736660275810e-03 1.363824119213764e-03
105 -1.106767386490484e-03 1.283341504389142e-03
106 -1.062112041147017e-03 1.194523671797685e-03
107 -1.012989721892810e-03 1.097794969696511e-03
108 -9.596195263752597e-04 9.935797463427355e-04
109 -9.022205522417644e-04 8.823023499934748e-04
110 -8.410118971397228e-04 7.643871289058456e-04
111 -7.762126587165328e-04 6.402584313369646e-04
112 -7.080419346195924e-04 5.103406055439477e-04
113 -6.367188224963004e-04 3.750579997839121e-04
114 -5.624624199940546e-04 2.348349623139739e-04
115 -4.854918247602536e-04 9.009584139124977e-05
116 -4.060261344422952e-04 -5.873501472714412e-05
117 -3.242844466875779e-04 -2.112332577840909e-04
118 -2.404858591434998e-04 -3.669745395224739e-04
119 -1.548494694574592e-04 -5.255345116851774e-04
120 -6.759437527685431e-05 -6.864888260150844e-04
121 2.106032575091667e-05 -8.494131342550786e-04
122 1.108955359784555e-04 -1.013883088148043e-03
123 2.016921577583640e-04 -1.179474339436862e-03
124 2.932310934432438e-04 -1.345762539864418e-03
125 3.852932453856964e-04 -1.512323341173595e-03
126 4.776595159383243e-04 -1.678732395107277e-03
127 5.701108074537291e-04 -1.844565353408347e-03
128 6.624280222845123e-04 -2.009397867819689e-03
129 7.543920627832753e-04 -2.172805590084185e-03
130 8.457838313026208e-04 -2.334364171944722e-03
131 9.363842301951500e-04 -2.493649265144179e-03
132 1.025974161813464e-03 -2.650236521425442e-03
133 1.114334528510167e-03 -2.803701592531395e-03
134 1.201246232637858e-03 -2.953620130204920e-03
135 1.286490176549140e-03 -3.099567786188901e-03
136 1.369847262596615e-03 -3.241120212226222e-03
137 1.451098393132884e-03 -3.377853060059767e-03
138 1.530024470510549e-03 -3.509341981432418e-03
139 1.606406397082212e-03 -3.635162628087058e-03
140 1.680025075200476e-03 -3.754890651766574e-03
141 1.750661407217941e-03 -3.868101704213846e-03
142 1.818096295487208e-03 -3.974371437171758e-03
143 1.882110642360882e-03 -4.073275502383196e-03
144 1.942485350191562e-03 -4.164389551591039e-03
145 1.999001321331849e-03 -4.247289236538176e-03
146 2.051439458134349e-03 -4.321550208967486e-03
147 2.099580662951660e-03 -4.386748120621856e-03
148 2.143205838136385e-03 -4.442458623244166e-03
149 2.182095886041126e-03 -4.488257368577301e-03
150 2.216031709018484e-03 -4.523720008364146e-03
151 2.244794209421061e-03 -4.548422194347584e-03
152 2.268164289601460e-03 -4.561939578270498e-03
153 2.285922851912281e-03 -4.563847811875771e-03
154 2.297850798706127e-03 -4.553722546906285e-03
155 2.303729032335600e-03 -4.531139435104926e-03
156 2.303338455153301e-03 -4.495674128214578e-03
157 2.296459969511831e-03 -4.446902277978122e-03
158 2.282874477763793e-03 -4.384399536138444e-03

Lines

1 1 2
2 2 3
3 3 4
4 4 5
5 5 6
6 6 7
7 7 8
8 8 9
9 9 10
10 10 11
11 11 12
12 12 13
13 13 14
14 14 15
15 15 16
16 16 17
17 17 18
18 18 19
19 19 20
20 20 21
21 21 22
22 22 23
23 23 24
24 24 25
25 25 26
26 26 27
27 27 28
28 28 29
29 29 30
30 30 31
31 31 32
32 32 33
33 33 34
34 34 35
35 35 36
36 36 37
37 37 38
38 38 39
39 39 40
40 40 41
41 41 42
42 42 43
43 43 44
44 44 45
45 45 46
46 46 47
47 47 48
48 48 49
49 49 50
50 50 51
51 51 52
52 52 53
53 53 54
54 54 55
55 55 56
56 56 57
57 57 58
58 58 59
59 59 60
60 60 61
61 61 62
62 62 63
63 63 64
64 64 65
65 65 66
66 66 67
67 67 68
68 68 69
69 69 70
70 70 71
71 71 72
72 72 73
73 73 74
74 74 75
75 75 76
76 76 77
77 77 78
78 78 79
79 79 80
80 80 81
81 81 82
82 82 83
83 83 84
84 84 85
85 85 86
86 86 87
87 87 88
88 88 89
89 89 90
90 90 91
91 91 92
92 92 93
93 93 94
94 94 95
95 95 96
96 96 97
97 97 98
98 98 99
99 99 100
100 100 101
101 101 102
102 102 103
103 103 104
104 104 105
105 105 106
106 106 107
107 107 108
108 108 109
109 109 110
110 110 111
111 111 112
112 112 113
113 113 114
114 114 115
115 115 116
116 116 117
117 117 118
118 118 119
119 119 120
120 120 121
121 121 122
122 122 123
123 123 124
124 124 125
125 125 126
126 126 127
127 127 128
128 128 129
129 129 130
130 130 131
131 131 132
132 132 133
133 133 134
134 134 135
135 135 136
136 136 137
137 137 138
138 138 139
139 139 140
140 140 141
141 141 142
142 142 143
143 143 144
144 144 145
145 145 146
146 146 147
147 147 148
148 148 149
149 149 150
150 150 151
151 151 152
152 152 153
153 153 154
154 154 155
155 155 156
156 156 157
157 157 158
158 158 1
