shape_27

139 points
139 lines

Points

1 -4.697647780843037e-03 -7.602623977866211e-04
2 -4.755991547435275e-03 -7.763587077736779e-04
3 -4.794108621376066e-03 -7.905926843331662e-04
4 -4.813063805039129e-03 -8.030273886073167e-04
5 -4.813921900798182e-03 -8.137258817383601e-04
6 -4.797747711026944e-03 -8.227512248685276e-04
7 -4.765606038099135e-03 -8.301664791400497e-04
8 -4.718561684388474e-03 -8.360347056951573e-04
9 -4.657679452268679e-03 -8.404189656760812e-04
10 -4.584024144113468e-03 -8.433823202250527e-04
11 -4.498660562296562e-03 -8.449878304843018e-04
12 -4.402653509191677e-03 -8.452985575960601e-04
13 -4.297067787172535e-03 -8.443775627025580e-04
14 -4.182968198612852e-03 -8.422879069460265e-04
15 -4.061419545886349e-03 -8.390926514686964e-04
16 -3.933486631366744e-03 -8.348548574127983e-04
17 -3.800234257427757e-03 -8.296375859205634e-04
18 -3.662727226443104e-03 -8.235038981342224e-04
19 -3.522030340786507e-03 -8.165168551960061e-04
20 -3.379208402831683e-03 -8.087395182481453e-04
21 -3.235326214952352e-03 -8.002349484328709e-04
22 -3.091448579522232e-03 -7.910662068924135e-04
23 -2.948640298915041e-03 -7.812963547690042e-04
24 -2.807966175504501e-03 -7.709884532048739e-04
25 -2.670491011664328e-03 -7.602055633422532e-04
26 -2.537279609768241e-03 -7.490107463233730e-04
27 -2.409396772189961e-03 -7.374670632904641e-04
28 -2.287907301303204e-03 -7.256375753857575e-04
29 -2.173875999481691e-03 -7.135853437514837e-04
30 -2.068367669099140e-03 -7.013734295298741e-04
31 -1.972447112529271e-03 -6.890648938631589e-04
32 -1.887179132145801e-03 -6.767227978935693e-04
33 -1.813628530322450e-03 -6.644102027633361e-04
34 -1.704461721195453e-03 -6.442862621387491e-04
35 -1.583733733018112e-03 -6.216164984905199e-04
36 -1.452116209300173e-03 -5.965285727661586e-04
37 -1.310280793551375e-03 -5.691501459131751e-04
38 -1.158899129281463e-03 -5.396088788790794e-04
39 -9.986428600001784e-04 -5.080324326113817e-04
40 -8.301836292172639e-04 -4.745484680575921e-04
41 -6.541930804424618e-04 -4.392846461652204e-04
42 -4.713428571855147e-04 -4.023686278817768e-04
43 -2.823046029561648e-04 -3.639280741547714e-04
44 -8.774996126415487e-05 -3.240906459317142e-04
45 1.116494243807725e-04 -2.829840041601152e-04
46 3.152219104688747e-04 -2.407358097874848e-04
47 5.222958534904105e-04 -1.974737237613326e-04
48 7.321996099356356e-04 -1.533254070291689e-04
49 9.442615362948086e-04 -1.084185205385038e-04
50 1.157809989058187e-03 -6.288072523684705e-05
51 1.372173324716028e-03 -1.683968207170908e-05
52 1.586679899758589e-03 2.957694800940037e-05
53 1.800658070676128e-03 7.624150405897088e-05
54 2.013436193958902e-03 1.230263251294928e-04
55 2.224342626097169e-03 1.698037502734556e-04
56 2.432705723581187e-03 2.164461185433498e-04
57 2.637853842901212e-03 2.628257689916650e-04
58 2.839115340547503e-03 3.088150406708912e-04
59 3.035818573010315e-03 3.542862726335180e-04
60 3.227291896779909e-03 3.991118039320360e-04
61 3.412863668346542e-03 4.431639736189348e-04
62 3.591862244200469e-03 4.863151207467043e-04
63 3.763615980831949e-03 5.284375843678345e-04
64 3.927453234731239e-03 5.694037035348154e-04
65 4.082702362388597e-03 6.090858173001367e-04
66 4.228691720294282e-03 6.473562647162890e-04
67 4.364749664938550e-03 6.840873848357615e-04
68 4.490204552811658e-03 7.191515167110443e-04
69 4.604384740403863e-03 7.524209993946276e-04
70 4.706618584205425e-03 7.837681719390012e-04
71 4.796234440706600e-03 8.130653733966551e-04
72 4.872560666397645e-03 8.401849428200792e-04
73 4.934925617768818e-03 8.649992192617635e-04
74 4.982657651310379e-03 8.873805417741978e-04
75 5.015085123512581e-03 9.072012494098720e-04
76 5.031536390865684e-03 9.243336812212764e-04
77 5.031339809859945e-03 9.386501762609006e-04
78 5.013823736985622e-03 9.500230735812349e-04
79 4.978316528732973e-03 9.583247122347686e-04
80 4.924146541592254e-03 9.634274312739925e-04
81 4.850642132053723e-03 9.652035697513958e-04
82 4.757131656607639e-03 9.635254667194688e-04
83 4.630768896008986e-03 9.585427424700128e-04
84 4.500617851033389e-03 9.518936970549993e-04
85 4.366812573234915e-03 9.436210981380458e-04
86 4.229487114167633e-03 9.337677133827721e-04
87 4.088775525385615e-03 9.223763104527973e-04
88 3.944811858442930e-03 9.094896570117410e-04
89 3.797730164893643e-03 8.951505207232213e-04
90 3.647664496291828e-03 8.794016692508578e-04
91 3.494748904191555e-03 8.622858702582699e-04
92 3.339117440146889e-03 8.438458914090761e-04
93 3.180904155711900e-03 8.241245003668948e-04
94 3.020243102440660e-03 8.031644647953471e-04
95 2.857268331887236e-03 7.810085523580504e-04
96 2.692113895605698e-03 7.576995307186240e-04
97 2.524913845150116e-03 7.332801675406880e-04
98 2.355802232074559e-03 7.077932304878604e-04
99 2.184913107933095e-03 6.812814872237605e-04
100 2.012380524279796e-03 6.537877054120079e-04
101 1.838338532668727e-03 6.253546527162209e-04
102 1.662921184653960e-03 5.960250968000190e-04
103 1.486262531789566e-03 5.658418053270216e-04
104 1.308496625629611e-03 5.348475459608468e-04
105 1.129757517728166e-03 5.030850863651147e-04
106 9.501792596393001e-04 4.705971942034442e-04
107 7.698959029170819e-04 4.374266371394538e-04
108 5.890414991155804e-04 4.036161828367629e-04
109 4.077500997888674e-04 3.692085989589909e-04
110 2.261557564910094e-04 3.342466531697564e-04
111 4.439252077607670e-05 2.987731131326786e-04
112 -1.374055558018619e-04 2.628307465113767e-04
113 -3.191044216887348e-04 2.264623209694700e-04
114 -5.005700253304759e-04 1.897106041705771e-04
115 -6.816683151730150e-04 1.526183637783170e-04
116 -8.622652396622807e-04 1.152283674563097e-04
117 -1.042226747244207e-03 7.758338286817325e-05
118 -1.221418786364723e-03 3.972617767752703e-05
119 -1.399707305469757e-03 1.699519547990577e-06
120 -1.576958253005245e-03 -3.645382385681779e-05
121 -1.753037577417114e-03 -7.469108487327851e-05
122 -1.927811227151296e-03 -1.129694958377726e-04
123 -2.101145150653720e-03 -1.512462890866807e-04
124 -2.272905296370320e-03 -1.894786969563843e-04
125 -2.442957612747023e-03 -2.276239517832640e-04
126 -2.611168048229762e-03 -2.656392859037006e-04
127 -2.777402551264468e-03 -3.034819316540754e-04
128 -2.941527070297070e-03 -3.411091213707690e-04
129 -3.103407553773499e-03 -3.784780873901622e-04
130 -3.262909950139687e-03 -4.155460620486364e-04
131 -3.419900207841565e-03 -4.522702776825723e-04
132 -3.574244275325061e-03 -4.886079666283506e-04
133 -3.725808101036109e-03 -5.245163612223524e-04
134 -3.874457633420638e-03 -5.599526938009587e-04
135 -4.020058820924578e-03 -5.948741967005504e-04
136 -4.162477611993861e-03 -6.292381022575083e-04
137 -4.301579955074420e-03 -6.630016428082134e-04
138 -4.437231798612179e-03 -6.961220506890466e-04
139 -4.569299091053075e-03 -7.285565582363889e-04

Lines

1 1 2
2 2 3
3 3 4
4 4 5
5 5 6
6 6 7
7 7 8
8 8 9
9 9 10
10 10 11
11 11 12
12 12 13
13 13 14
14 14 15
15 15 16
16 16 17
17 17 18
18 18 19
19 19 20
20 20 21
21 21 22
22 22 23
23 23 24
24 24 25
25 25 26
26 26 27
27 27 28
28 28 29
29 29 30
30 30 31
31 31 32
32 32 33
33 33 34
34 34 35
35 35 36
36 36 37
37 37 38
38 38 39
39 39 40
40 40 41
41 41 42
42 42 43
43 43 44
44 44 45
45 45 46
46 46 47
47 47 48
48 48 49
49 49 50
50 50 51
51 51 52
52 52 53
53 53 54
54 54 55
55 55 56
56 56 57
57 57 58
58 58 59
59 59 60
60 60 61
61 61 62
62 62 63
63 63 64
64 64 65
65 65 66
66 66 67
67 67 68
68 68 69
69 69 70
70 70 71
71 71 72
72 72 73
73 73 74
74 74 75
75 75 76
76 76 77
77 77 78
78 78 79
79 79 80
80 80 81
81 81 82
82 82 83
83 83 84
84 84 85
85 85 86
86 86 87
87 87 88
88 88 89
89 89 90
90 90 91
91 91 92
92 92 93
93 93 94
94 94 95
95 95 96
96 96 97
97 97 98
98 98 99
99 99 100
100 100 101
101 101 102
102 102 103
103 103 104
104 104 105
105 105 106
106 106 107
107 107 108
108 108 109
109 109 110
110 110 111
111 111 112
112 112 113
113 113 114
114 114 115
115 115 116
116 116 117
117 117 118
118 118 119
119 119 120
120 120 121
121 121 122
122 122 123
123 123 124
124 124 125
125 125 126
126 126 127
127 127 128
128 128 129
129 129 130
130 130 131
131 131 132
132 132 133
133 133 134
134 134 135
135 135 136
136 136 137
137 137 138
138 138 139
139 139 1
