shape_50

181 points
181 lines

Points

1 3.570941556983709e-03 -3.170385344301921e-03
2 3.649451197096009e-03 -3.158303606422493e-03
3 3.721184881076629e-03 -3.136878028521031e-03
4 3.786302780693715e-03 -3.106461868051795e-03
5 3.844965067715413e-03 -3.067408382469055e-03
6 3.897331913909867e-03 -3.020070829227073e-03
7 3.943563491045223e-03 -2.964802465780115e-03
8 3.983819970889627e-03 -2.901956549582448e-03
9 4.018261525211224e-03 -2.831886338088335e-03
10 4.047048325778157e-03 -2.754945088752041e-03
11 4.070340544358575e-03 -2.671486059027834e-03
12 4.088298352720621e-03 -2.581862506369975e-03
13 4.101081922632440e-03 -2.486427688232732e-03
14 4.108851425862178e-03 -2.385534862070371e-03
15 4.111767034177980e-03 -2.279537285337154e-03
16 4.109988919347993e-03 -2.168788215487349e-03
17 4.103677253140361e-03 -2.053640909975220e-03
18 4.092992207323229e-03 -1.934448626255034e-03
19 4.078093953664741e-03 -1.811564621781051e-03
20 4.059142663933045e-03 -1.685342154007542e-03
21 4.036298509896285e-03 -1.556134480388770e-03
22 4.009721663322606e-03 -1.424294858378998e-03
23 3.979572295980153e-03 -1.290176545432495e-03
24 3.946010579637073e-03 -1.154132799003524e-03
25 3.909196686061509e-03 -1.016516876546349e-03
26 3.869290787021608e-03 -8.776820355152377e-04
27 3.826453054285516e-03 -7.379815333644552e-04
28 3.780843659621375e-03 -5.977686275482645e-04
29 3.732622774797333e-03 -4.573965755209319e-04
30 3.681950571581535e-03 -3.172186347367236e-04
31 3.628987221742126e-03 -1.775880626499031e-04
32 3.573892897047251e-03 -3.885811671473730e-05
33 3.516827769265055e-03 9.861794561451053e-05
34 3.457952010163684e-03 2.344868668835743e-04
35 3.397425791511284e-03 3.683953896381882e-04
36 3.335409285075998e-03 4.999902564240884e-04
37 3.272062662625973e-03 6.289182097870080e-04
38 3.207546095929354e-03 7.548259922726837e-04
39 3.142019756754287e-03 8.773603464268493e-04
40 3.075643816868915e-03 9.961680147952394e-04
41 3.008578448041386e-03 1.110895739923589e-03
42 2.940983822039844e-03 1.221190264357634e-03
43 2.873020110632434e-03 1.326698330643108e-03
44 2.804847485587301e-03 1.427066681325747e-03
45 2.736626118672592e-03 1.521942058951284e-03
46 2.668516181656450e-03 1.610971206065454e-03
47 2.600677846307023e-03 1.693800865213994e-03
48 2.533271284392454e-03 1.770077778942637e-03
49 2.466456667680889e-03 1.839448689797119e-03
50 2.400394167940474e-03 1.901560340323174e-03
51 2.335243956939353e-03 1.956059473066536e-03
52 2.271166206445672e-03 2.002592830572941e-03
53 2.208321088227577e-03 2.040807155388124e-03
54 2.133782529871195e-03 2.079105497022232e-03
55 2.051737103379055e-03 2.116805260693411e-03
56 1.962498134681352e-03 2.153851957332209e-03
57 1.866378949708282e-03 2.190191097869178e-03
58 1.763692874390037e-03 2.225768193234867e-03
59 1.654753234656815e-03 2.260528754359828e-03
60 1.539873356438810e-03 2.294418292174609e-03
61 1.419366565666217e-03 2.327382317609763e-03
62 1.293546188269230e-03 2.359366341595838e-03
63 1.162725550178045e-03 2.390315875063387e-03
64 1.027217977322857e-03 2.420176428942956e-03
65 8.873367956338599e-04 2.448893514165101e-03
66 7.433953310412494e-04 2.476412641660368e-03
67 5.957069094752205e-04 2.502679322359308e-03
68 4.445848568659683e-04 2.527639067192474e-03
69 2.903424991436877e-04 2.551237387090414e-03
70 1.332931622385730e-04 2.573419792983678e-03
71 -2.624982791918088e-05 2.594131795802816e-03
72 -1.879731453993777e-04 2.613318906478382e-03
73 -3.515634642718235e-04 2.630926635940924e-03
74 -5.167074586063236e-04 2.646900495120990e-03
75 -6.830918024726820e-04 2.661185994949133e-03
76 -8.504031699407051e-04 2.673728646355905e-03
77 -1.018328235080197e-03 2.684473960271853e-03
78 -1.186553671960963e-03 2.693367447627527e-03
79 -1.354766154652808e-03 2.700354619353481e-03
80 -1.522652357225537e-03 2.705380986380263e-03
81 -1.689898953748955e-03 2.708392059638423e-03
82 -1.856192618292869e-03 2.709333350058512e-03
83 -2.021220024927080e-03 2.708150368571081e-03
84 -2.184667847721396e-03 2.704788626106679e-03
85 -2.346222760745622e-03 2.699193633595858e-03
86 -2.505571438069564e-03 2.691310901969167e-03
87 -2.662400553763022e-03 2.681085942157156e-03
88 -2.816396781895807e-03 2.668464265090376e-03
89 -2.967246796537721e-03 2.653391381699378e-03
90 -3.114637271758570e-03 2.635812802914712e-03
91 -3.258254881628158e-03 2.615674039666927e-03
92 -3.397786300216291e-03 2.592920602886576e-03
93 -3.532918201592774e-03 2.567498003504207e-03
94 -3.663337259827412e-03 2.539351752450370e-03
95 -3.788730148990010e-03 2.508427360655618e-03
96 -3.908783543150373e-03 2.474670339050499e-03
97 -4.023184116378305e-03 2.438026198565565e-03
98 -4.131618542743613e-03 2.398440450131365e-03
99 -4.233773496316102e-03 2.355858604678450e-03
100 -4.329335651165575e-03 2.310226173137371e-03
101 -4.417991681361840e-03 2.261488666438676e-03
102 -4.499428260974698e-03 2.209591595512918e-03
103 -4.573332064073957e-03 2.154480471290645e-03
104 -4.639389764729420e-03 2.096100804702410e-03
105 -4.697288037010897e-03 2.034398106678761e-03
106 -4.746713554988187e-03 1.969317888150250e-03
107 -4.787352992731099e-03 1.900805660047426e-03
108 -4.818893024309435e-03 1.828806933300841e-03
109 -4.841020323793002e-03 1.753267218841043e-03
110 -4.853421565251605e-03 1.674132027598585e-03
111 -4.855783422755049e-03 1.591346870504015e-03
112 -4.847792570373139e-03 1.504857258487885e-03
113 -4.829135682175679e-03 1.414608702480744e-03
114 -4.797898571428370e-03 1.306198634376936e-03
115 -4.761033840523538e-03 1.198062120755225e-03
116 -4.718674284825004e-03 1.090242173064201e-03
117 -4.670952699696584e-03 9.827818027524527e-04
118 -4.618001880502104e-03 8.757240212685696e-04
119 -4.559954622605376e-03 7.691118400611409e-04
120 -4.496943721370222e-03 6.629882705787550e-04
121 -4.429101972160465e-03 5.573963242700018e-04
122 -4.356562170339918e-03 4.523790125834702e-04
123 -4.279457111272406e-03 3.479793469677492e-04
124 -4.197919590321744e-03 2.442403388714281e-04
125 -4.112082402851754e-03 1.412049997430962e-04
126 -4.022078344226257e-03 3.891634103134218e-05
127 -3.928040209809067e-03 -6.258262581524463e-05
128 -3.830100794964009e-03 -1.632488893480750e-04
129 -3.728392895054897e-03 -2.630394381185599e-04
130 -3.623049305445556e-03 -3.619112606781101e-04
131 -3.514202821499801e-03 -4.598213455781365e-04
132 -3.401986238581455e-03 -5.567266813700501e-04
133 -3.286532352054335e-03 -6.525842566052619e-04
134 -3.167973957282258e-03 -7.473510598351821e-04
135 -3.046443849629048e-03 -8.409840796112224e-04
136 -2.922074824458524e-03 -9.334403044847930e-04
137 -2.794999677134502e-03 -1.024676723007305e-03
138 -2.665351203020803e-03 -1.114650323730169e-03
139 -2.533262197481248e-03 -1.203318095204797e-03
140 -2.398865455879656e-03 -1.290637025982598e-03
141 -2.262293773579844e-03 -1.376564104614985e-03
142 -2.123679945945632e-03 -1.461056319653367e-03
143 -1.983156768340841e-03 -1.544070659649155e-03
144 -1.840857036129290e-03 -1.625564113153761e-03
145 -1.696913544674797e-03 -1.705493668718596e-03
146 -1.551459089341183e-03 -1.783816314895071e-03
147 -1.404626465492267e-03 -1.860489040234594e-03
148 -1.256548468491867e-03 -1.935468833288579e-03
149 -1.107357893703804e-03 -2.008712682608436e-03
150 -9.571875364918960e-04 -2.080177576745575e-03
151 -8.061701922199648e-04 -2.149820504251408e-03
152 -6.544386562518276e-04 -2.217598453677346e-03
153 -5.021257239513037e-04 -2.283468413574798e-03
154 -3.493641906822141e-04 -2.347387372495177e-03
155 -1.962868518083757e-04 -2.409312318989893e-03
156 -4.302650269361096e-05 -2.469200241610357e-03
157 1.102840612982638e-04 -2.527008128907980e-03
158 2.635120448034262e-04 -2.582692969434171e-03
159 4.165246524580584e-04 -2.636211751740344e-03
160 5.691890888983425e-04 -2.687521464377908e-03
161 7.213725587604563e-04 -2.736579095898274e-03
162 8.729422666805828e-04 -2.783341634852854e-03
163 1.023765417294901e-03 -2.827766069793057e-03
164 1.173709215239592e-03 -2.869809389270295e-03
165 1.322640865150837e-03 -2.909428581835979e-03
166 1.470427571664815e-03 -2.946580636041518e-03
167 1.616936539417709e-03 -2.981222540438326e-03
168 1.762034973045698e-03 -3.013311283577813e-03
169 1.905590077184963e-03 -3.042803854011388e-03
170 2.047469056471684e-03 -3.069657240290462e-03
171 2.187539115542043e-03 -3.093828430966449e-03
172 2.325667459032220e-03 -3.115274414590757e-03
173 2.461721291578395e-03 -3.133952179714797e-03
174 2.595567817816750e-03 -3.149818714889981e-03
175 2.727074242383463e-03 -3.162831008667719e-03
176 2.856107769914719e-03 -3.172946049599422e-03
177 2.982535605046695e-03 -3.180120826236502e-03
178 3.106224952415571e-03 -3.184312327130368e-03
179 3.227043016657532e-03 -3.185477540832433e-03
180 3.344857002408753e-03 -3.183573455894106e-03
181 3.459534114305419e-03 -3.178557060866798e-03

Lines

1 1 2
2 2 3
3 3 4
4 4 5
5 5 6
6 6 7
7 7 8
8 8 9
9 9 10
10 10 11
11 11 12
12 12 13
13 13 14
14 14 15
15 15 16
16 16 17
17 17 18
18 18 19
19 19 20
20 20 21
21 21 22
22 22 23
23 23 24
24 24 25
25 25 26
26 26 27
27 27 28
28 28 29
29 29 30
30 30 31
31 31 32
32 32 33
33 33 34
34 34 35
35 35 36
36 36 37
37 37 38
38 38 39
39 39 40
40 40 41
41 41 42
42 42 43
43 43 44
44 44 45
45 45 46
46 46 47
47 47 48
48 48 49
49 49 50
50 50 51
51 51 52
52 52 53
53 53 54
54 54 55
55 55 56
56 56 57
57 57 58
58 58 59
59 59 60
60 60 61
61 61 62
62 62 63
63 63 64
64 64 65
65 65 66
66 66 67
67 67 68
68 68 69
69 69 70
70 70 71
71 71 72
72 72 73
73 73 74
74 74 75
75 75 76
76 76 77
77 77 78
78 78 79
79 79 80
80 80 81
81 81 82
82 82 83
83 83 84
84 84 85
85 85 86
86 86 87
87 87 88
88 88 89
89 89 90
90 90 91
91 91 92
92 92 93
93 93 94
94 94 95
95 95 96
96 96 97
97 97 98
98 98 99
99 99 100
100 100 101
101 101 102
102 102 103
103 103 104
104 104 105
105 105 106
106 106 107
107 107 108
108 108 109
109 109 110
110 110 111
111 111 112
112 112 113
113 113 114
114 114 115
115 115 116
116 116 117
117 117 118
118 118 119
119 119 120
120 120 121
121 121 122
122 122 123
123 123 124
124 124 125
125 125 126
126 126 127
127 127 128
128 128 129
129 129 130
130 130 131
131 131 132
132 132 133
133 133 134
134 134 135
135 135 136
136 136 137
137 137 138
138 138 139
139 139 140
140 140 141
141 141 142
142 142 143
143 143 144
144 144 145
145 145 146
146 146 147
147 147 148
148 148 149
149 149 150
150 150 151
151 151 152
152 152 153
153 153 154
154 154 155
155 155 156
156 156 157
157 157 158
158 158 159
159 159 160
160 160 161
161 161 162
162 162 163
163 163 164
164 164 165
165 165 166
166 166 167
167 167 168
168 168 169
169 169 170
170 170 171
171 171 172
172 172 173
173 173 174
174 174 175
175 175 176
176 176 177
177 177 178
178 178 179
179 179 180
180 180 181
181 181 1
