shape_22

128 points
128 lines

Points

1 -4.648070004916671e-03 -3.674668913961937e-04
2 -4.707818983943550e-03 -4.440641981222430e-04
3 -4.747368139861876e-03 -5.280708887192183e-04
4 -4.767666680095790e-03 -6.188317813153345e-04
5 -4.769663812069436e-03 -7.156916940388067e-04
6 -4.754308743206959e-03 -8.179954450178501e-04
7 -4.722550680932501e-03 -9.250878523806792e-04
8 -4.675338832670208e-03 -1.036313734255510e-03
9 -4.613622405844220e-03 -1.151017908770555e-03
10 -4.538350607878683e-03 -1.268545194054032e-03
11 -4.450472646197736e-03 -1.388240408234154e-03
12 -4.350937728225530e-03 -1.509448369439138e-03
13 -4.240695061386202e-03 -1.631513895797196e-03
14 -4.120693853103899e-03 -1.753781805436546e-03
15 -3.991883310802763e-03 -1.875596916485401e-03
16 -3.855212641906937e-03 -1.996304047071976e-03
17 -3.711631053840566e-03 -2.115248015324488e-03
18 -3.562087754027793e-03 -2.231773639371150e-03
19 -3.407531949892761e-03 -2.345225737340177e-03
20 -3.248912848859613e-03 -2.454949127359785e-03
21 -3.087179658352493e-03 -2.560288627558188e-03
22 -2.923281585795546e-03 -2.660589056063601e-03
23 -2.758167838612913e-03 -2.755195231004241e-03
24 -2.592787624228739e-03 -2.843451970508320e-03
25 -2.428090150067168e-03 -2.924704092704054e-03
26 -2.265024623552341e-03 -2.998296415719658e-03
27 -2.104540252108404e-03 -3.063573757683348e-03
28 -1.947586243159499e-03 -3.119880936723338e-03
29 -1.795111804129770e-03 -3.166562770967843e-03
30 -1.648066142443360e-03 -3.202964078545078e-03
31 -1.507398465524413e-03 -3.228429677583258e-03
32 -1.374057980797073e-03 -3.242304386210598e-03
33 -1.248993895685482e-03 -3.243933022555314e-03
34 -1.133155417613785e-03 -3.232660404745619e-03
35 -1.027491754006124e-03 -3.207831350909728e-03
36 -8.912863077157583e-04 -3.161254668273665e-03
37 -7.463657252301117e-04 -3.105354633713793e-03
38 -5.933785711272339e-04 -3.040524014707131e-03
39 -4.329734099851745e-04 -2.967155578730700e-03
40 -2.657988063819828e-04 -2.885642093261521e-03
41 -9.250332489570880e-05 -2.796376325776616e-03
42 8.626446989559868e-05 -2.699751043753004e-03
43 2.698560134138897e-04 -2.596159014667706e-03
44 4.576227410811153e-04 -2.485993005997743e-03
45 6.489160883192254e-04 -2.369645785220135e-03
46 8.430874905501706e-04 -2.247510119811902e-03
47 1.039488383195902e-03 -2.119978777250067e-03
48 1.237470201678369e-03 -1.987444525011647e-03
49 1.436384381419524e-03 -1.850300130573666e-03
50 1.635582357841315e-03 -1.708938361413143e-03
51 1.834415566365694e-03 -1.563751985007099e-03
52 2.032235442414612e-03 -1.415133768832555e-03
53 2.228393421410019e-03 -1.263476480366531e-03
54 2.422240938773865e-03 -1.109172887086047e-03
55 2.613129429928101e-03 -9.526157564681248e-04
56 2.800410330294677e-03 -7.941978559897841e-04
57 2.983435075295545e-03 -6.343119531280459e-04
58 3.161555100352653e-03 -4.733508153599308e-04
59 3.334121840887953e-03 -3.117072101624605e-04
60 3.500486732323397e-03 -1.497739050126533e-04
61 3.660001210080933e-03 1.205633261246858e-05
62 3.812016709582513e-03 1.733907352358844e-04
63 3.955884666250087e-03 3.338365353805746e-04
64 4.090956515505605e-03 4.930009655695181e-04
65 4.216583692771018e-03 6.504912583256941e-04
66 4.332117633468277e-03 8.059146461720816e-04
67 4.436909773019331e-03 9.588783616316612e-04
68 4.530311546846133e-03 1.108989637227411e-03
69 4.611674390370632e-03 1.255855705482311e-03
70 4.680349739014779e-03 1.399083798919341e-03
71 4.735689028200523e-03 1.538281150061480e-03
72 4.777043693349817e-03 1.673054991431708e-03
73 4.803765169884609e-03 1.803012555553001e-03
74 4.815204893226850e-03 1.927761074948344e-03
75 4.810714298798493e-03 2.046907782140713e-03
76 4.789644822021486e-03 2.160059909653087e-03
77 4.751347898317780e-03 2.266824690008446e-03
78 4.695174963109326e-03 2.366809355729771e-03
79 4.620477451818073e-03 2.459621139340039e-03
80 4.526606799865975e-03 2.544867273362231e-03
81 4.407353500572781e-03 2.629667867239439e-03
82 4.279080770483394e-03 2.704414278698228e-03
83 4.142183506768726e-03 2.769364657720107e-03
84 3.997056606599689e-03 2.824777154286585e-03
85 3.844094967147198e-03 2.870909918379170e-03
86 3.683693485582167e-03 2.908021099979372e-03
87 3.516247059075509e-03 2.936368849068700e-03
88 3.342150584798137e-03 2.956211315628661e-03
89 3.161798959920963e-03 2.967806649640767e-03
90 2.975587081614901e-03 2.971413001086522e-03
91 2.783909847050867e-03 2.967288519947439e-03
92 2.587162153399771e-03 2.955691356205025e-03
93 2.385738897832530e-03 2.936879659840791e-03
94 2.180034977520055e-03 2.911111580836244e-03
95 1.970445289633260e-03 2.878645269172893e-03
96 1.757364731343057e-03 2.839738874832247e-03
97 1.541188199820360e-03 2.794650547795814e-03
98 1.322310592236084e-03 2.743638438045103e-03
99 1.101126805761141e-03 2.686960695561625e-03
100 8.780317375664451e-04 2.624875470326887e-03
101 6.534202848229090e-04 2.557640912322398e-03
102 4.276873447014475e-04 2.485515171529668e-03
103 2.012278143729719e-04 2.408756397930204e-03
104 -2.556340899160330e-05 2.327622741505516e-03
105 -2.522914282213644e-04 2.242372352237112e-03
106 -4.785613461453971e-04 2.153263380106503e-03
107 -7.039782655927915e-04 2.060553975095194e-03
108 -9.281472893926312e-04 1.964502287184698e-03
109 -1.150673520374003e-03 1.865366466356521e-03
110 -1.371162061365994e-03 1.763404662592174e-03
111 -1.589218015197692e-03 1.658875025873163e-03
112 -1.804446484698182e-03 1.552035706180999e-03
113 -2.016452572696551e-03 1.443144853497190e-03
114 -2.224841382021885e-03 1.332460617803247e-03
115 -2.429218015503271e-03 1.220241149080676e-03
116 -2.629187575969797e-03 1.106744597310987e-03
117 -2.824355166250549e-03 9.922291124756881e-04
118 -3.014325889174612e-03 8.769528445562893e-04
119 -3.198704847571073e-03 7.611739435342994e-04
120 -3.377097144269020e-03 6.451505593912263e-04
121 -3.549107882097540e-03 5.291408421085793e-04
122 -3.714342163885717e-03 4.134029416678672e-04
123 -3.872405092462639e-03 2.981950080505990e-04
124 -4.022901770657393e-03 1.837751912382841e-04
125 -4.165437301299067e-03 7.040164121243011e-05
126 -4.299616787216743e-03 -4.166749204545361e-05
127 -4.425045331239513e-03 -1.521740585538580e-04
128 -4.541328036196460e-03 -2.608599083312743e-04

Lines

1 1 2
2 2 3
3 3 4
4 4 5
5 5 6
6 6 7
7 7 8
8 8 9
9 9 10
10 10 11
11 11 12
12 12 13
13 13 14
14 14 15
15 15 16
16 16 17
17 17 18
18 18 19
19 19 20
20 20 21
21 21 22
22 22 23
23 23 24
24 24 25
25 25 26
26 26 27
27 27 28
28 28 29
29 29 30
30 30 31
31 31 32
32 32 33
33 33 34
34 34 35
35 35 36
36 36 37
37 37 38
38 38 39
39 39 40
40 40 41
41 41 42
42 42 43
43 43 44
44 44 45
45 45 46
46 46 47
47 47 48
48 48 49
49 49 50
50 50 51
51 51 52
52 52 53
53 53 54
54 54 55
55 55 56
56 56 57
57 57 58
58 58 59
59 59 60
60 60 61
61 61 62
62 62 63
63 63 64
64 64 65
65 65 66
66 66 67
67 67 68
68 68 69
69 69 70
70 70 71
71 71 72
72 72 73
73 73 74
74 74 75
75 75 76
76 76 77
77 77 78
78 78 79
79 79 80
80 80 81
81 81 82
82 82 83
83 83 84
84 84 85
85 85 86
86 86 87
87 87 88
88 88 89
89 89 90
90 90 91
91 91 92
92 92 93
93 93 94
94 94 95
95 95 96
96 96 97
97 97 98
98 98 99
99 99 100
100 100 101
101 101 102
102 102 103
103 103 104
104 104 105
105 105 106
106 106 107
107 107 108
108 108 109
109 109 110
110 110 111
111 111 112
112 112 113
113 113 114
114 114 115
115 115 116
116 116 117
117 117 118
118 118 119
119 119 120
120 120 121
121 121 122
122 122 123
123 123 124
124 124 125
125 125 126
126 126 127
127 127 128
128 128 1
