shape_79

175 points
175 lines

Points

1 -3.814011313372728e-03 -1.351391712659496e-03
2 -3.819675111462370e-03 -1.436340772562092e-03
3 -3.815951432758966e-03 -1.524741801852714e-03
4 -3.803168520426811e-03 -1.616324947756188e-03
5 -3.781654617630200e-03 -1.710820357497341e-03
6 -3.751737967533430e-03 -1.807958178301000e-03
7 -3.713746813300796e-03 -1.907468557391991e-03
8 -3.668009398096594e-03 -2.009081641995143e-03
9 -3.614853965085120e-03 -2.112527579335282e-03
10 -3.554608757430670e-03 -2.217536516637235e-03
11 -3.487602018297537e-03 -2.323838601125829e-03
12 -3.414161990850020e-03 -2.431163980025890e-03
13 -3.334616918252413e-03 -2.539242800562246e-03
14 -3.249295043669013e-03 -2.647805209959725e-03
15 -3.158524610264114e-03 -2.756581355443152e-03
16 -3.062633861202014e-03 -2.865301384237355e-03
17 -2.961951039647007e-03 -2.973695443567160e-03
18 -2.856804388763388e-03 -3.081493680657396e-03
19 -2.747522151715456e-03 -3.188426242732887e-03
20 -2.634432571667504e-03 -3.294223277018463e-03
21 -2.517863891783829e-03 -3.398614930738951e-03
22 -2.398144355228725e-03 -3.501331351119174e-03
23 -2.275602205166489e-03 -3.602102685383963e-03
24 -2.150565684761416e-03 -3.700659080758143e-03
25 -2.023363037177803e-03 -3.796730684466543e-03
26 -1.894322505579944e-03 -3.890047643733986e-03
27 -1.763772333132137e-03 -3.980340105785305e-03
28 -1.632040762998676e-03 -4.067338217845321e-03
29 -1.499456038343857e-03 -4.150772127138864e-03
30 -1.366346402331977e-03 -4.230371980890760e-03
31 -1.233040098127330e-03 -4.305867926325838e-03
32 -1.099865368894212e-03 -4.376990110668922e-03
33 -9.671504577969193e-04 -4.443468681144842e-03
34 -8.352236079997475e-04 -4.505033784978421e-03
35 -7.044130626669920e-04 -4.561415569394490e-03
36 -5.750470649629492e-04 -4.612344181617874e-03
37 -4.474538580519149e-04 -4.657549768873400e-03
38 -3.219616850981839e-04 -4.696762478385895e-03
39 -1.988987892660522e-04 -4.729712457380188e-03
40 -7.859341371981569e-05 -4.756129853081103e-03
41 3.862619837622995e-05 -4.775744812713469e-03
42 1.524318038577887e-04 -4.788287483502111e-03
43 2.624951595605645e-04 -4.793488012671858e-03
44 3.684880223202629e-04 -4.791076547447536e-03
45 4.700821489725874e-04 -4.780783235053972e-03
46 5.669492963532424e-04 -4.762338222715993e-03
47 6.587612212979319e-04 -4.735471657658426e-03
48 7.451896806423602e-04 -4.699913687106098e-03
49 8.259064312222317e-04 -4.655394458283837e-03
50 9.005832298732509e-04 -4.601644118416469e-03
51 9.688918334311219e-04 -4.538392814728820e-03
52 1.052796945818400e-03 -4.447242559050399e-03
53 1.136268829722824e-03 -4.350077724136668e-03
54 1.219228091988553e-03 -4.247102750592328e-03
55 1.301595339459750e-03 -4.138522079022080e-03
56 1.383291178980574e-03 -4.024540150030628e-03
57 1.464236217395188e-03 -3.905361404222675e-03
58 1.544351061547752e-03 -3.781190282202920e-03
59 1.623556318282427e-03 -3.652231224576068e-03
60 1.701772594443375e-03 -3.518688671946820e-03
61 1.778920496874755e-03 -3.380767064919878e-03
62 1.854920632420730e-03 -3.238670844099944e-03
63 1.929693607925461e-03 -3.092604450091721e-03
64 2.003160030233108e-03 -2.942772323499910e-03
65 2.075240506187833e-03 -2.789378904929215e-03
66 2.145855642633796e-03 -2.632628634984337e-03
67 2.214926046415159e-03 -2.472725954269978e-03
68 2.282372324376082e-03 -2.309875303390839e-03
69 2.348115083360727e-03 -2.144281122951625e-03
70 2.412074930213255e-03 -1.976147853557036e-03
71 2.474172471777826e-03 -1.805679935811775e-03
72 2.534328314898602e-03 -1.633081810320544e-03
73 2.592463066419744e-03 -1.458557917688046e-03
74 2.648497333185412e-03 -1.282312698518981e-03
75 2.702351722039769e-03 -1.104550593418053e-03
76 2.753946839826975e-03 -9.254760429899639e-04
77 2.803203293391190e-03 -7.452934878394151e-04
78 2.850041689576576e-03 -5.642073685711091e-04
79 2.894382635227295e-03 -3.824221257897487e-04
80 2.936146737187506e-03 -2.001422001000354e-04
81 2.975254602301371e-03 -1.757203210667141e-05
82 3.011626837413053e-03 1.650839375856410e-04
83 3.045184049366709e-03 3.476212683721997e-04
84 3.075846845006504e-03 5.298355196483026e-04
85 3.103535831176596e-03 7.115222508092473e-04
86 3.128171614721148e-03 8.924770212503320e-04
87 3.149674802484320e-03 1.072495390366854e-03
88 3.167966001310273e-03 1.251372917554112e-03
89 3.182965818043169e-03 1.428905162207403e-03
90 3.194594859527168e-03 1.604887683722025e-03
91 3.202773732606432e-03 1.779116041493276e-03
92 3.207423044125120e-03 1.951385794916454e-03
93 3.208463400927396e-03 2.121492503386857e-03
94 3.205815409857420e-03 2.289231726299783e-03
95 3.199399677759352e-03 2.454399023050528e-03
96 3.189136811477354e-03 2.616789953034392e-03
97 3.174947417855587e-03 2.776200075646672e-03
98 3.156752103738210e-03 2.932424950282666e-03
99 3.134471475969387e-03 3.085260136337671e-03
100 3.108026141393278e-03 3.234501193206987e-03
101 3.077336706854044e-03 3.379943680285910e-03
102 3.042323779195846e-03 3.521383156969738e-03
103 3.002907965262844e-03 3.658615182653769e-03
104 2.959009871899201e-03 3.791435316733301e-03
105 2.910550105949077e-03 3.919639118603632e-03
106 2.857449274256633e-03 4.043022147660059e-03
107 2.799627983666029e-03 4.161379963297882e-03
108 2.737006841021428e-03 4.274508124912396e-03
109 2.669506453166991e-03 4.382202191898900e-03
110 2.597047426946877e-03 4.484257723652693e-03
111 2.519550369205248e-03 4.580470279569072e-03
112 2.436935886786266e-03 4.670635419043333e-03
113 2.349124586534091e-03 4.754548701470777e-03
114 2.256037075292885e-03 4.832005686246700e-03
115 2.157593959906808e-03 4.902801932766401e-03
116 2.059739778679737e-03 4.961636880318217e-03
117 1.959142868797154e-03 5.009803777741474e-03
118 1.855942621568343e-03 5.047571572140623e-03
119 1.750278428302592e-03 5.075209210620115e-03
120 1.642289680309180e-03 5.092985640284398e-03
121 1.532115768897397e-03 5.101169808237925e-03
122 1.419896085376525e-03 5.100030661585144e-03
123 1.305770021055849e-03 5.089837147430508e-03
124 1.189876967244656e-03 5.070858212878467e-03
125 1.072356315252228e-03 5.043362805033471e-03
126 9.533474563878503e-04 5.007619870999971e-03
127 8.329897819608087e-04 4.963898357882417e-03
128 7.114226832803877e-04 4.912467212785261e-03
129 5.887855516558715e-04 4.853595382812952e-03
130 4.652177783965453e-04 4.787551815069940e-03
131 3.408587548116941e-04 4.714605456660679e-03
132 2.158478722106022e-04 4.635025254689618e-03
133 9.032452190255479e-05 4.549080156261207e-03
134 -3.557190480316388e-05 4.457039108479897e-03
135 -1.617020165972689e-04 4.359171058450137e-03
136 -2.879264221704747e-04 4.255744953276381e-03
137 -4.141057302134978e-04 4.147029740063077e-03
138 -5.401005494170525e-04 4.033294365914675e-03
139 -6.657714884718542e-04 3.914807777935625e-03
140 -7.909791560686189e-04 3.791838923230381e-03
141 -9.155841608980607e-04 3.664656748903393e-03
142 -1.039447111650896e-03 3.533530202059109e-03
143 -1.162428617017838e-03 3.398728229801981e-03
144 -1.284389285689604e-03 3.260519779236461e-03
145 -1.405189726356909e-03 3.119173797466996e-03
146 -1.524690547710467e-03 2.974959231598043e-03
147 -1.642752358440994e-03 2.828145028734045e-03
148 -1.759235767239205e-03 2.679000135979457e-03
149 -1.874001382795817e-03 2.527793500438729e-03
150 -1.986909813801542e-03 2.374794069216311e-03
151 -2.097821668947096e-03 2.220270789416655e-03
152 -2.206597556923197e-03 2.064492608144209e-03
153 -2.313098086420558e-03 1.907728472503425e-03
154 -2.417183866129894e-03 1.750247329598754e-03
155 -2.518715504741921e-03 1.592318126534647e-03
156 -2.617553610947354e-03 1.434209810415553e-03
157 -2.713558793436908e-03 1.276191328345925e-03
158 -2.806591660901299e-03 1.118531627430210e-03
159 -2.896512822031242e-03 9.614996547728614e-04
160 -2.983182885517451e-03 8.053643574783287e-04
161 -3.066462460050642e-03 6.503946826510632e-04
162 -3.146212154321531e-03 4.968595773955149e-04
163 -3.222292577020832e-03 3.450279888161356e-04
164 -3.294564336839262e-03 1.951688640173738e-04
165 -3.362888042467535e-03 4.755115010368144e-05
166 -3.427124302596365e-03 -9.755620582049129e-05
167 -3.487133725916468e-03 -2.398842566506934e-04
168 -3.542776921118562e-03 -3.791640552824746e-04
169 -3.593914496893359e-03 -5.151266546113844e-04
170 -3.640407061931575e-03 -6.475031075329709e-04
171 -3.682115224923926e-03 -7.760244669427858e-04
172 -3.718899594561126e-03 -9.004217857363770e-04
173 -3.750620779533891e-03 -1.020426116809295e-03
174 -3.777139388532936e-03 -1.135768513057087e-03
175 -3.798316030248978e-03 -1.246180027375305e-03

Lines

1 1 2
2 2 3
3 3 4
4 4 5
5 5 6
6 6 7
7 7 8
8 8 9
9 9 10
10 10 11
11 11 12
12 12 13
13 13 14
14 14 15
15 15 16
16 16 17
17 17 18
18 18 19
19 19 20
20 20 21
21 21 22
22 22 23
23 23 24
24 24 25
25 25 26
26 26 27
27 27 28
28 28 29
29 29 30
30 30 31
31 31 32
32 32 33
33 33 34
34 34 35
35 35 36
36 36 37
37 37 38
38 38 39
39 39 40
40 40 41
41 41 42
42 42 43
43 43 44
44 44 45
45 45 46
46 46 47
47 47 48
48 48 49
49 49 50
50 50 51
51 51 52
52 52 53
53 53 54
54 54 55
55 55 56
56 56 57
57 57 58
58 58 59
59 59 60
60 60 61
61 61 62
62 62 63
63 63 64
64 64 65
65 65 66
66 66 67
67 67 68
68 68 69
69 69 70
70 70 71
71 71 72
72 72 73
73 73 74
74 74 75
75 75 76
76 76 77
77 77 78
78 78 79
79 79 80
80 80 81
81 81 82
82 82 83
83 83 84
84 84 85
85 85 86
86 86 87
87 87 88
88 88 89
89 89 90
90 90 91
91 91 92
92 92 93
93 93 94
94 94 95
95 95 96
96 96 97
97 97 98
98 98 99
99 99 100
100 100 101
101 101 102
102 102 103
103 103 104
104 104 105
105 105 106
106 106 107
107 107 108
108 108 109
109 109 110
110 110 111
111 111 112
112 112 113
113 113 114
114 114 115
115 115 116
116 116 117
117 117 118
118 118 119
119 119 120
120 120 121
121 121 122
122 122 123
123 123 124
124 124 125
125 125 126
126 126 127
127 127 128
128 128 129
129 129 130
130 130 131
131 131 132
132 132 133
133 133 134
134 134 135
135 135 136
136 136 137
137 137 138
138 138 139
139 139 140
140 140 141
141 141 142
142 142 143
143 143 144
144 144 145
145 145 146
146 146 147
147 147 148
148 148 149
149 149 150
150 150 151
151 151 152
152 152 153
153 153 154
154 154 155
155 155 156
156 156 157
157 157 158
158 158 159
159 159 160
160 160 161
161 161 162
162 162 163
163 163 164
164 164 165
165 165 166
166 166 167
167 167 168
168 168 169
169 169 170
170 170 171
171 171 172
172 172 173
173 173 174
174 174 175
175 175 1
