shape_35

150 points
150 lines

Points

1 6.081921876800499e-04 -4.687841638885978e-03
2 6.326205019787951e-04 -4.741811224362365e-03
3 6.577697521553176e-04 -4.778405207367805e-03
4 6.835393298928553e-04 -4.798442849132199e-03
5 7.098286268746462e-04 -4.802743410885446e-03
6 7.365370347839287e-04 -4.792126153857456e-03
7 7.635639453039404e-04 -4.767410339278123e-03
8 7.908087501179195e-04 -4.729415228377351e-03
9 8.181708409091043e-04 -4.678960082385042e-03
10 8.455496093607326e-04 -4.616864162531098e-03
11 8.728444471560427e-04 -4.543946730045420e-03
12 8.999547459782721e-04 -4.461027046157911e-03
13 9.267798975106601e-04 -4.368924372098472e-03
14 9.532192934364433e-04 -4.268457969097004e-03
15 9.791723254388605e-04 -4.160447098383411e-03
16 1.004538385201150e-03 -4.045711021187593e-03
17 1.029216864406549e-03 -3.925068998739452e-03
18 1.053107154738297e-03 -3.799340292268888e-03
19 1.076108647879630e-03 -3.669344163005807e-03
20 1.098120735513788e-03 -3.535899872180108e-03
21 1.119042809324008e-03 -3.399826681021693e-03
22 1.138774260993529e-03 -3.261943850760464e-03
23 1.157214482205588e-03 -3.123070642626323e-03
24 1.174262864643423e-03 -2.984026317849170e-03
25 1.189818799990273e-03 -2.845630137658910e-03
26 1.203781679929376e-03 -2.708701363285442e-03
27 1.216050896143969e-03 -2.574059255958669e-03
28 1.226525840317291e-03 -2.442523076908492e-03
29 1.235105904132580e-03 -2.314912087364814e-03
30 1.241690479273074e-03 -2.192045548557535e-03
31 1.246178957422010e-03 -2.074742721716559e-03
32 1.248470730262628e-03 -1.963822868071786e-03
33 1.248465189478165e-03 -1.860105248853118e-03
34 1.246061726751858e-03 -1.764409125290457e-03
35 1.241159733766948e-03 -1.677553758613706e-03
36 1.233658602206670e-03 -1.600358410052764e-03
37 1.223457723754263e-03 -1.533642340837535e-03
38 1.205020687103305e-03 -1.439443191333729e-03
39 1.183414141595221e-03 -1.334851344314040e-03
40 1.158762889535521e-03 -1.220427261388749e-03
41 1.131191733229714e-03 -1.096731404168135e-03
42 1.100825474983311e-03 -9.643242342624784e-04
43 1.067788917101822e-03 -8.237662132820600e-04
44 1.032206861890756e-03 -6.756178028371599e-04
45 9.942041116556234e-04 -5.204394645380580e-04
46 9.539054687019336e-04 -3.587916599950348e-04
47 9.114357353351974e-04 -1.912348508183698e-04
48 8.669197138609241e-04 -1.832949861834377e-05
49 8.204822065846236e-04 1.593639349947628e-04
50 7.722480158118061e-04 3.412849884106702e-04
51 7.223419438479810e-04 5.268732000190985e-04
52 6.708887929986585e-04 7.155681082097670e-04
53 6.180133655693486e-04 9.068092513723948e-04
54 5.638404638655611e-04 1.100036167896703e-03
55 5.084948901928055e-04 1.294688396172411e-03
56 4.521014468565921e-04 1.490205474589240e-03
57 3.947849361624307e-04 1.686026941536907e-03
58 3.366701604158313e-04 1.881592335405132e-03
59 2.778819219223034e-04 2.076341194583637e-03
60 2.185450229873574e-04 2.269713057462141e-03
61 1.587842659165029e-04 2.461147462430363e-03
62 9.872445301524986e-05 2.650083947878023e-03
63 3.849038658910829e-05 2.835962052194843e-03
64 -2.179313105641226e-05 3.018221313770540e-03
65 -8.200129761580170e-05 3.196301270994834e-03
66 -1.420093107835499e-04 3.369641462257445e-03
67 -2.016923682541475e-04 3.537681425948096e-03
68 -2.609256677220839e-04 3.699860700456502e-03
69 -3.195844068818500e-04 3.855618824172385e-03
70 -3.775437834279355e-04 4.004395335485466e-03
71 -4.346789950548305e-04 4.145629772785463e-03
72 -4.908652394570252e-04 4.278761674462096e-03
73 -5.459777143290095e-04 4.403230578905085e-03
74 -5.998916173652738e-04 4.518476024504152e-03
75 -6.524821462603082e-04 4.623937549649014e-03
76 -7.036244987086024e-04 4.719054692729390e-03
77 -7.531938724046469e-04 4.803266992135001e-03
78 -8.010654650429320e-04 4.876013986255569e-03
79 -8.471144743179472e-04 4.936735213480811e-03
80 -8.912160979241833e-04 4.984870212200449e-03
81 -9.332455335561297e-04 5.019858520804201e-03
82 -9.730779789082768e-04 5.041139677681787e-03
83 -1.010588631675115e-03 5.048153221222928e-03
84 -1.045652689551134e-03 5.040338689817342e-03
85 -1.078145350230825e-03 5.017135621854751e-03
86 -1.107941811408676e-03 4.977983555724873e-03
87 -1.134917270779178e-03 4.922322029817429e-03
88 -1.158946926036823e-03 4.849590582522137e-03
89 -1.179905974876098e-03 4.759228752228719e-03
90 -1.201648334280200e-03 4.638525910679536e-03
91 -1.220510687538214e-03 4.514397522876868e-03
92 -1.236554112576544e-03 4.386962949311204e-03
93 -1.249839687321596e-03 4.256341550473029e-03
94 -1.260428489699774e-03 4.122652686852832e-03
95 -1.268381597637484e-03 3.986015718941106e-03
96 -1.273760089061132e-03 3.846550007228335e-03
97 -1.276625041897122e-03 3.704374912205011e-03
98 -1.277037534071860e-03 3.559609794361620e-03
99 -1.275058643511750e-03 3.412374014188652e-03
100 -1.270749448143198e-03 3.262786932176593e-03
101 -1.264171025892609e-03 3.110967908815933e-03
102 -1.255384454686388e-03 2.957036304597163e-03
103 -1.244450812450941e-03 2.801111480010770e-03
104 -1.231431177112672e-03 2.643312795547241e-03
105 -1.216386626597987e-03 2.483759611697065e-03
106 -1.199378238833290e-03 2.322571288950733e-03
107 -1.180467091744988e-03 2.159867187798729e-03
108 -1.159714263259484e-03 1.995766668731546e-03
109 -1.137180831303185e-03 1.830389092239671e-03
110 -1.112927873802495e-03 1.663853818813591e-03
111 -1.087016468683819e-03 1.496280208943795e-03
112 -1.059507693873563e-03 1.327787623120774e-03
113 -1.030462627298132e-03 1.158495421835015e-03
114 -9.999423468839317e-04 9.885229655770059e-04
115 -9.680079305573660e-04 8.179896148372361e-04
116 -9.347204562448407e-04 6.470147301061933e-04
117 -9.001410018727608e-04 4.757176718743670e-04
118 -8.643306453675314e-04 3.042178006322454e-04
119 -8.273504646555583e-04 1.326344768703167e-04
120 -7.892615376632460e-04 -3.891293892092981e-05
121 -7.501249423170001e-04 -2.103050862510062e-04
122 -7.100017565432251e-04 -3.814226046294240e-04
123 -6.689530582683267e-04 -5.521461335656945e-04
124 -6.270399254187100e-04 -7.223563125693290e-04
125 -5.843234359207798e-04 -8.919337811498389e-04
126 -5.408646677009415e-04 -1.060759178816737e-03
127 -4.967246986856005e-04 -1.228713145079533e-03
128 -4.519646068011618e-04 -1.395676319447739e-03
129 -4.066454699740304e-04 -1.561529341430865e-03
130 -3.608283661306115e-04 -1.726152850538425e-03
131 -3.145743731973103e-04 -1.889427486279930e-03
132 -2.679445691005322e-04 -2.051233888164890e-03
133 -2.210000317666816e-04 -2.211452695702819e-03
134 -1.738018391221646e-04 -2.369964548403225e-03
135 -1.264110690933859e-04 -2.526650085775621e-03
136 -7.888879960675075e-05 -2.681389947329519e-03
137 -3.129610858866412e-05 -2.834064772574430e-03
138 1.630592603446849e-05 -2.984555201019866e-03
139 6.385622633624228e-05 -3.132741872175337e-03
140 1.112937143902519e-04 -3.278505425550356e-03
141 1.585573122700921e-04 -3.421726500654434e-03
142 2.055859420493583e-04 -3.562285736997083e-03
143 2.523185258016446e-04 -3.700063774087814e-03
144 2.986939856005460e-04 -3.834941251436138e-03
145 3.446512435196575e-04 -3.966798808551566e-03
146 3.901292216325740e-04 -4.095517084943610e-03
147 4.350668420128903e-04 -4.220976720121783e-03
148 4.794030267342011e-04 -4.343058353595594e-03
149 5.230766978701017e-04 -4.461642624874557e-03
150 5.660267774941863e-04 -4.576610173468181e-03

Lines

1 1 2
2 2 3
3 3 4
4 4 5
5 5 6
6 6 7
7 7 8
8 8 9
9 9 10
10 10 11
11 11 12
12 12 13
13 13 14
14 14 15
15 15 16
16 16 17
17 17 18
18 18 19
19 19 20
20 20 21
21 21 22
22 22 23
23 23 24
24 24 25
25 25 26
26 26 27
27 27 28
28 28 29
29 29 30
30 30 31
31 31 32
32 32 33
33 33 34
34 34 35
35 35 36
36 36 37
37 37 38
38 38 39
39 39 40
40 40 41
41 41 42
42 42 43
43 43 44
44 44 45
45 45 46
46 46 47
47 47 48
48 48 49
49 49 50
50 50 51
51 51 52
52 52 53
53 53 54
54 54 55
55 55 56
56 56 57
57 57 58
58 58 59
59 59 60
60 60 61
61 61 62
62 62 63
63 63 64
64 64 65
65 65 66
66 66 67
67 67 68
68 68 69
69 69 70
70 70 71
71 71 72
72 72 73
73 73 74
74 74 75
75 75 76
76 76 77
77 77 78
78 78 79
79 79 80
80 80 81
81 81 82
82 82 83
83 83 84
84 84 85
85 85 86
86 86 87
87 87 88
88 88 89
89 89 90
90 90 91
91 91 92
92 92 93
93 93 94
94 94 95
95 95 96
96 96 97
97 97 98
98 98 99
99 99 100
100 100 101
101 101 102
102 102 103
103 103 104
104 104 105
105 105 106
106 106 107
107 107 108
108 108 109
109 109 110
110 110 111
111 111 112
112 112 113
113 113 114
114 114 115
115 115 116
116 116 117
117 117 118
118 118 119
119 119 120
120 120 121
121 121 122
122 122 123
123 123 124
124 124 125
125 125 126
126 126 127
127 127 128
128 128 129
129 129 130
130 130 131
131 131 132
132 132 133
133 133 134
134 134 135
135 135 136
136 136 137
137 137 138
138 138 139
139 139 140
140 140 141
141 141 142
142 142 143
143 143 144
144 144 145
145 145 146
146 146 147
147 147 148
148 148 149
149 149 150
150 150 1
