shape_29

149 points
149 lines

Points

1 1.909114497832896e-03 -2.549882815426113e-03
2 2.010761053775947e-03 -2.526592067163191e-03
3 2.115619447572807e-03 -2.491646791780044e-03
4 2.223283514749771e-03 -2.445620044642521e-03
5 2.333347090833133e-03 -2.389084881116469e-03
6 2.445404011349188e-03 -2.322614356567736e-03
7 2.559048111824230e-03 -2.246781526362169e-03
8 2.673873227784554e-03 -2.162159445865619e-03
9 2.789473194756455e-03 -2.069321170443933e-03
10 2.905441848266226e-03 -1.968839755462959e-03
11 3.021373023840162e-03 -1.861288256288545e-03
12 3.136860557004557e-03 -1.747239728286540e-03
13 3.251498283285708e-03 -1.627267226822792e-03
14 3.364880038209906e-03 -1.501943807263150e-03
15 3.476599657303449e-03 -1.371842524973460e-03
16 3.586250976092629e-03 -1.237536435319573e-03
17 3.693427830103742e-03 -1.099598593667336e-03
18 3.797724054863081e-03 -9.586020553825963e-04
19 3.898733485896941e-03 -8.151198758312037e-04
20 3.996049958731617e-03 -6.697251103790056e-04
21 4.089267308893403e-03 -5.229908143918504e-04
22 4.177979371908593e-03 -3.754900432355862e-04
23 4.261779983303484e-03 -2.277958522760618e-04
24 4.340262978604369e-03 -8.048129687912478e-05
25 4.413022193337540e-03 6.588056758937602e-05
26 4.479651463029295e-03 2.107166857635923e-04
27 4.539744623205927e-03 3.534540022776764e-04
28 4.592895509393730e-03 4.935194617657798e-04
29 4.638697957119000e-03 6.303400088620544e-04
30 4.676745801908033e-03 7.633425882006519e-04
31 4.706632879287118e-03 8.919541444157230e-04
32 4.727953024782554e-03 1.015601622141421e-03
33 4.740300073920634e-03 1.133711966011898e-03
34 4.743267862227654e-03 1.245712120661304e-03
35 4.736450225229906e-03 1.351029030723791e-03
36 4.719440998453686e-03 1.449089640833512e-03
37 4.691834017425288e-03 1.539320895624618e-03
38 4.653223117671007e-03 1.621149739731261e-03
39 4.603202134717137e-03 1.694003117787592e-03
40 4.541364904089973e-03 1.757307974427764e-03
41 4.467305261315810e-03 1.810491254285927e-03
42 4.380617041920940e-03 1.852979901996234e-03
43 4.250142034482086e-03 1.901970354487239e-03
44 4.113416607598095e-03 1.947975202081745e-03
45 3.970712868307351e-03 1.991006017546230e-03
46 3.822302923648235e-03 2.031074373647175e-03
47 3.668458880659133e-03 2.068191843151058e-03
48 3.509452846378431e-03 2.102369998824363e-03
49 3.345556927844510e-03 2.133620413433566e-03
50 3.177043232095753e-03 2.161954659745148e-03
51 3.004183866170548e-03 2.187384310525591e-03
52 2.827250937107278e-03 2.209920938541373e-03
53 2.646516551944326e-03 2.229576116558975e-03
54 2.462252817720074e-03 2.246361417344877e-03
55 2.274731841472909e-03 2.260288413665556e-03
56 2.084225730241215e-03 2.271368678287498e-03
57 1.891006591063376e-03 2.279613783977177e-03
58 1.695346530977773e-03 2.285035303501076e-03
59 1.497517657022793e-03 2.287644809625673e-03
60 1.297792076236820e-03 2.287453875117451e-03
61 1.096441895658237e-03 2.284474072742889e-03
62 8.937392223254286e-04 2.278716975268465e-03
63 6.899561632767778e-04 2.270194155460660e-03
64 4.853648255506702e-04 2.258917186085955e-03
65 2.802373161854889e-04 2.244897639910830e-03
66 7.484574221961744e-05 2.228147089701763e-03
67 -1.305377893085594e-04 2.208677108225235e-03
68 -3.356411713606583e-04 2.186499268247727e-03
69 -5.401922968982937e-04 2.161625142535718e-03
70 -7.439190588830836e-04 2.134066303855688e-03
71 -9.465493502766433e-04 2.103834324974117e-03
72 -1.147811064040587e-03 2.070940778657486e-03
73 -1.347432093136533e-03 2.035397237672272e-03
74 -1.545140330526096e-03 1.997215274784959e-03
75 -1.740663669170893e-03 1.956406462762024e-03
76 -1.933730002032539e-03 1.912982374369949e-03
77 -2.124067222072651e-03 1.866954582375212e-03
78 -2.311403222252844e-03 1.818334659544294e-03
79 -2.495465895534735e-03 1.767134178643676e-03
80 -2.675983134879937e-03 1.713364712439836e-03
81 -2.852682833250070e-03 1.657037833699255e-03
82 -3.025292883606749e-03 1.598165115188413e-03
83 -3.193541178911589e-03 1.536758129673789e-03
84 -3.357155612126205e-03 1.472828449921865e-03
85 -3.515864076212215e-03 1.406387648699119e-03
86 -3.669394464131234e-03 1.337447298772032e-03
87 -3.817474668844880e-03 1.266018972907084e-03
88 -3.959832583314764e-03 1.192114243870755e-03
89 -4.096196100502506e-03 1.115744684429524e-03
90 -4.226293113369723e-03 1.036921867349872e-03
91 -4.349851514878028e-03 9.556573653982783e-04
92 -4.466599197989037e-03 8.719627513412236e-04
93 -4.576264055664369e-03 7.858495979451878e-04
94 -4.678573980865638e-03 6.973294779766499e-04
95 -4.773256866554459e-03 6.064139642020907e-04
96 -4.860040605692449e-03 5.131146293879904e-04
97 -4.938653091241223e-03 4.174430463008288e-04
98 -5.008822216162400e-03 3.194107877070851e-04
99 -5.070275873417593e-03 2.190294263732398e-04
100 -5.112568214288946e-03 1.300757098443900e-04
101 -5.140003245884521e-03 4.098704744491966e-05
102 -5.153051881509040e-03 -4.814341396869077e-05
103 -5.152185034467234e-03 -1.372225275399602e-04
104 -5.137873618063830e-03 -2.261571464124080e-04
105 -5.110588545603549e-03 -3.148541237295530e-04
106 -5.070800730391125e-03 -4.032203126349149e-04
107 -5.018981085731278e-03 -4.911625662720123e-04
108 -4.955600524928736e-03 -5.785877377843645e-04
109 -4.881129961288230e-03 -6.654026803154911e-04
110 -4.796040308114482e-03 -7.515142470089106e-04
111 -4.700802478712218e-03 -8.368292910081425e-04
112 -4.595887386386167e-03 -9.212546654567059e-04
113 -4.481765944441055e-03 -1.004697223498121e-03
114 -4.358909066181609e-03 -1.087063818275905e-03
115 -4.227787664912553e-03 -1.168261302933578e-03
116 -4.088872653938617e-03 -1.248196530614659e-03
117 -3.942634946564522e-03 -1.326776354462667e-03
118 -3.789545456095000e-03 -1.403907627621123e-03
119 -3.630075095834777e-03 -1.479497203233544e-03
120 -3.464694779088576e-03 -1.553451934443450e-03
121 -3.293875419161125e-03 -1.625678674394359e-03
122 -3.118087929357154e-03 -1.696084276229793e-03
123 -2.937803222981382e-03 -1.764575593093267e-03
124 -2.753492213338542e-03 -1.831059478128304e-03
125 -2.565625813733360e-03 -1.895442784478421e-03
126 -2.374674937470559e-03 -1.957632365287139e-03
127 -2.181110497854868e-03 -2.017535073697975e-03
128 -1.985403408191014e-03 -2.075057762854449e-03
129 -1.788024581783720e-03 -2.130107285900081e-03
130 -1.589444931937718e-03 -2.182590495978388e-03
131 -1.390135371957729e-03 -2.232414246232892e-03
132 -1.190566815148482e-03 -2.279485389807110e-03
133 -9.912101748147043e-04 -2.323710779844562e-03
134 -7.925363642611204e-04 -2.364997269488768e-03
135 -5.950162967924592e-04 -2.403251711883246e-03
136 -3.991208857134451e-04 -2.438380960171515e-03
137 -2.053210443288050e-04 -2.470291867497094e-03
138 -1.408768594326691e-05 -2.498891287003504e-03
139 1.741082761384453e-04 -2.524086071834263e-03
140 3.587959286116033e-04 -2.545783075132888e-03
141 5.395043581714803e-04 -2.563889150042903e-03
142 7.157626515133516e-04 -2.578311149707823e-03
143 8.870998953324896e-04 -2.588955927271168e-03
144 1.053045176324167e-03 -2.595730335876459e-03
145 1.213127581183659e-03 -2.598541228667213e-03
146 1.366876196606237e-03 -2.597295458786950e-03
147 1.513820109287177e-03 -2.591899879379190e-03
148 1.653488405921751e-03 -2.582261343587450e-03
149 1.785410173205233e-03 -2.568286704555252e-03

Lines

1 1 2
2 2 3
3 3 4
4 4 5
5 5 6
6 6 7
7 7 8
8 8 9
9 9 10
10 10 11
11 11 12
12 12 13
13 13 14
14 14 15
15 15 16
16 16 17
17 17 18
18 18 19
19 19 20
20 20 21
21 21 22
22 22 23
23 23 24
24 24 25
25 25 26
26 26 27
27 27 28
28 28 29
29 29 30
30 30 31
31 31 32
32 32 33
33 33 34
34 34 35
35 35 36
36 36 37
37 37 38
38 38 39
39 39 40
40 40 41
41 41 42
42 42 43
43 43 44
44 44 45
45 45 46
46 46 47
47 47 48
48 48 49
49 49 50
50 50 51
51 51 52
52 52 53
53 53 54
54 54 55
55 55 56
56 56 57
57 57 58
58 58 59
59 59 60
60 60 61
61 61 62
62 62 63
63 63 64
64 64 65
65 65 66
66 66 67
67 67 68
68 68 69
69 69 70
70 70 71
71 71 72
72 72 73
73 73 74
74 74 75
75 75 76
76 76 77
77 77 78
78 78 79
79 79 80
80 80 81
81 81 82
82 82 83
83 83 84
84 84 85
85 85 86
86 86 87
87 87 88
88 88 89
89 89 90
90 90 91
91 91 92
92 92 93
93 93 94
94 94 95
95 95 96
96 96 97
97 97 98
98 98 99
99 99 100
100 100 101
101 101 102
102 102 103
103 103 104
104 104 105
105 105 106
106 106 107
107 107 108
108 108 109
109 109 110
110 110 111
111 111 112
112 112 113
113 113 114
114 114 115
115 115 116
116 116 117
117 117 118
118 118 119
119 119 120
120 120 121
121 121 122
122 122 123
123 123 124
124 124 125
125 125 126
126 126 127
127 127 128
128 128 129
129 129 130
130 130 131
131 131 132
132 132 133
133 133 134
134 134 135
135 135 136
136 136 137
137 137 138
138 138 139
139 139 140
140 140 141
141 141 142
142 142 143
143 143 144
144 144 145
145 145 146
146 146 147
147 147 148
148 148 149
149 149 1
