shape_90

163 points
163 lines

Points

1 -5.041380306919620e-03 -1.053110748996478e-03
2 -4.979839193618944e-03 -1.151217531531467e-03
3 -4.909520202085412e-03 -1.247487561710375e-03
4 -4.830705399572775e-03 -1.341877049816806e-03
5 -4.743676853334778e-03 -1.434342206134363e-03
6 -4.648716630625171e-03 -1.524839240946650e-03
7 -4.546106798697701e-03 -1.613324364537273e-03
8 -4.436129424806117e-03 -1.699753787189833e-03
9 -4.319066576204166e-03 -1.784083719187936e-03
10 -4.195200320145595e-03 -1.866270370815184e-03
11 -4.064812723884155e-03 -1.946269952355183e-03
12 -3.928185854673593e-03 -2.024038674091536e-03
13 -3.785601779767653e-03 -2.099532746307846e-03
14 -3.637342566420089e-03 -2.172708379287718e-03
15 -3.483690281884646e-03 -2.243521783314756e-03
16 -3.324926993415073e-03 -2.311929168672564e-03
17 -3.161334768265116e-03 -2.377886745644745e-03
18 -2.993195673688524e-03 -2.441350724514903e-03
19 -2.820791776939045e-03 -2.502277315566642e-03
20 -2.644405145270430e-03 -2.560622729083568e-03
21 -2.464317845936423e-03 -2.616343175349283e-03
22 -2.280811946190775e-03 -2.669394864647390e-03
23 -2.094169513287230e-03 -2.719734007261495e-03
24 -1.904672614479538e-03 -2.767316813475199e-03
25 -1.712603317021449e-03 -2.812099493572110e-03
26 -1.518243688166710e-03 -2.854038257835828e-03
27 -1.321875795169067e-03 -2.893089316549960e-03
28 -1.123781705282270e-03 -2.929208879998108e-03
29 -9.242434857600660e-04 -2.962353158463876e-03
30 -7.235432038562039e-04 -2.992478362230870e-03
31 -5.219629268244318e-04 -3.019540701582690e-03
32 -3.197847219184957e-04 -3.043496386802944e-03
33 -1.172906563921465e-04 -3.064301628175234e-03
34 8.523720250086919e-05 -3.081912635983162e-03
35 2.875167875068049e-04 -3.096285620510337e-03
36 4.892660313719100e-04 -3.107376792040358e-03
37 6.902028668424388e-04 -3.115142360856831e-03
38 8.900452266646413e-04 -3.119538537243360e-03
39 1.088511043584769e-03 -3.120521531483548e-03
40 1.285318250349078e-03 -3.118047553861001e-03
41 1.480184779703815e-03 -3.112072814659320e-03
42 1.672828564395236e-03 -3.102553524162110e-03
43 1.862967537169591e-03 -3.089445892652976e-03
44 2.050319630773132e-03 -3.072706130415520e-03
45 2.234602777952112e-03 -3.052290447733349e-03
46 2.415534911452782e-03 -3.028155054890064e-03
47 2.592833964021396e-03 -3.000256162169270e-03
48 2.766217868404203e-03 -2.968549979854571e-03
49 2.935404557347458e-03 -2.932992718229570e-03
50 3.100111963597409e-03 -2.893540587577872e-03
51 3.260058019900312e-03 -2.850149798183081e-03
52 3.414960659002418e-03 -2.802776560328800e-03
53 3.564537813649977e-03 -2.751377084298634e-03
54 3.708507416589243e-03 -2.695907580376185e-03
55 3.846587400566467e-03 -2.636324258845060e-03
56 3.978495698327902e-03 -2.572583329988860e-03
57 4.103950242619799e-03 -2.504641004091189e-03
58 4.222668966188412e-03 -2.432453491435653e-03
59 4.334369801779990e-03 -2.355977002305855e-03
60 4.438770682140786e-03 -2.275167746985399e-03
61 4.519591761177654e-03 -2.200184250963918e-03
62 4.589937692726937e-03 -2.117531964784623e-03
63 4.650082330004861e-03 -2.027569820922260e-03
64 4.700299526227658e-03 -1.930656751851573e-03
65 4.740863134611557e-03 -1.827151690047307e-03
66 4.772047008372784e-03 -1.717413567984209e-03
67 4.794125000727574e-03 -1.601801318137023e-03
68 4.807370964892151e-03 -1.480673872980493e-03
69 4.812058754082748e-03 -1.354390164989366e-03
70 4.808462221515596e-03 -1.223309126638387e-03
71 4.796855220406918e-03 -1.087789690402299e-03
72 4.777511603972948e-03 -9.481907887558484e-04
73 4.750705225429918e-03 -8.048713541737816e-04
74 4.716709937994052e-03 -6.581903191308421e-04
75 4.675799594881580e-03 -5.085066161017752e-04
76 4.628248049308737e-03 -3.561791775613271e-04
77 4.574329154491747e-03 -2.015669359842420e-04
78 4.514316763646839e-03 -4.502882384526481e-05
79 4.448484729990246e-03 1.130762263808589e-04
80 4.377106906738198e-03 2.723892822193837e-04
81 4.300457147106918e-03 4.325514111955654e-04
82 4.218809304312642e-03 5.932036808346582e-04
83 4.132437231571598e-03 7.539871586619170e-04
84 4.041614782100012e-03 9.145429122025964e-04
85 3.946615809114117e-03 1.074512008981952e-03
86 3.847714165830143e-03 1.233535516525238e-03
87 3.745183705464318e-03 1.391254502357710e-03
88 3.639298281232869e-03 1.547310034004623e-03
89 3.530331746352030e-03 1.701343178991230e-03
90 3.418557954038027e-03 1.852995004842788e-03
91 3.304250757507092e-03 2.001906579084551e-03
92 3.187684009975452e-03 2.147718969241774e-03
93 3.069131564659337e-03 2.290073242839712e-03
94 2.948867274774979e-03 2.428610467403619e-03
95 2.827164993538603e-03 2.562971710458752e-03
96 2.704298574166444e-03 2.692798039530363e-03
97 2.580541869874725e-03 2.817730522143709e-03
98 2.456168733879680e-03 2.937410225824044e-03
99 2.331453019397538e-03 3.051478218096623e-03
100 2.206668579644526e-03 3.159575566486701e-03
101 2.082089267836876e-03 3.261343338519533e-03
102 1.957988937190817e-03 3.356422601720374e-03
103 1.834641440922577e-03 3.444454423614478e-03
104 1.712320632248386e-03 3.525079871727102e-03
105 1.591300364384475e-03 3.597940013583498e-03
106 1.471854490547072e-03 3.662675916708923e-03
107 1.354256863952406e-03 3.718928648628629e-03
108 1.238781337816707e-03 3.766339276867875e-03
109 1.125701765356205e-03 3.804548868951914e-03
110 1.015291999787129e-03 3.833198492406000e-03
111 9.078258943257084e-04 3.851929214755389e-03
112 7.936442202844940e-04 3.862190237162314e-03
113 6.735591162695831e-04 3.864484266504208e-03
114 5.479222150405887e-04 3.859047350006046e-03
115 4.170851493571240e-04 3.846115534892805e-03
116 2.813995519788018e-04 3.825924868389461e-03
117 1.412170556652350e-04 3.798711397720990e-03
118 -3.110706823963377e-06 3.764711170112370e-03
119 -1.512321027291805e-04 3.724160232788576e-03
120 -3.027954992908035e-04 3.677294632974584e-03
121 -4.574492637492192e-04 3.624350417895370e-03
122 -6.148417633448147e-04 3.565563634775912e-03
123 -7.746213653179780e-04 3.501170330841184e-03
124 -9.364364369090946e-04 3.431406553316165e-03
125 -1.099935345358552e-03 3.356508349425829e-03
126 -1.264766457906738e-03 3.276711766395154e-03
127 -1.430578141794040e-03 3.192252851449114e-03
128 -1.597018764260843e-03 3.103367651812688e-03
129 -1.763736692547536e-03 3.010292214710851e-03
130 -1.930380293894506e-03 2.913262587368579e-03
131 -2.096597935542139e-03 2.812514817010849e-03
132 -2.262037984730823e-03 2.708284950862636e-03
133 -2.426348808700943e-03 2.600809036148918e-03
134 -2.589178774692889e-03 2.490323120094671e-03
135 -2.750176249947047e-03 2.377063249924869e-03
136 -2.908989601703804e-03 2.261265472864492e-03
137 -3.065267197203547e-03 2.143165836138515e-03
138 -3.218657403686662e-03 2.023000386971912e-03
139 -3.368808588393537e-03 1.901005172589663e-03
140 -3.515369118564560e-03 1.777416240216741e-03
141 -3.657987361440117e-03 1.652469637078125e-03
142 -3.796311684260596e-03 1.526401410398789e-03
143 -3.929990454266383e-03 1.399447607403710e-03
144 -4.058672038697865e-03 1.271844275317865e-03
145 -4.182004804795429e-03 1.143827461366230e-03
146 -4.299637119799463e-03 1.015633212773781e-03
147 -4.411217350950353e-03 8.874975767654949e-04
148 -4.516393865488487e-03 7.596566005663474e-04
149 -4.614815030654253e-03 6.323463314013149e-04
150 -4.706129213688036e-03 5.058028164953738e-04
151 -4.789984781830223e-03 3.802621030735002e-04
152 -4.866030102321202e-03 2.559602383606709e-04
153 -4.933913542401361e-03 1.331332695818617e-04
154 -4.993283469311086e-03 1.201724396204901e-05
155 -5.043788250290763e-03 -1.071517912737906e-04
156 -5.085076252580781e-03 -2.241377889006810e-04
157 -5.116795843421527e-03 -3.387047016936460e-04
158 -5.138595390053386e-03 -4.506164824277091e-04
159 -5.150123259716747e-03 -5.596370838778948e-04
160 -5.151027819651996e-03 -6.655304588192255e-04
161 -5.140957437099520e-03 -7.680605600267256e-04
162 -5.119560479299710e-03 -8.669913402754185e-04
163 -5.086485313492946e-03 -9.620867523403281e-04

Lines

1 1 2
2 2 3
3 3 4
4 4 5
5 5 6
6 6 7
7 7 8
8 8 9
9 9 10
10 10 11
11 11 12
12 12 13
13 13 14
14 14 15
15 15 16
16 16 17
17 17 18
18 18 19
19 19 20
20 20 21
21 21 22
22 22 23
23 23 24
24 24 25
25 25 26
26 26 27
27 27 28
28 28 29
29 29 30
30 30 31
31 31 32
32 32 33
33 33 34
34 34 35
35 35 36
36 36 37
37 37 38
38 38 39
39 39 40
40 40 41
41 41 42
42 42 43
43 43 44
44 44 45
45 45 46
46 46 47
47 47 48
48 48 49
49 49 50
50 50 51
51 51 52
52 52 53
53 53 54
54 54 55
55 55 56
56 56 57
57 57 58
58 58 59
59 59 60
60 60 61
61 61 62
62 62 63
63 63 64
64 64 65
65 65 66
66 66 67
67 67 68
68 68 69
69 69 70
70 70 71
71 71 72
72 72 73
73 73 74
74 74 75
75 75 76
76 76 77
77 77 78
78 78 79
79 79 80
80 80 81
81 81 82
82 82 83
83 83 84
84 84 85
85 85 86
86 86 87
87 87 88
88 88 89
89 89 90
90 90 91
91 91 92
92 92 93
93 93 94
94 94 95
95 95 96
96 96 97
97 97 98
98 98 99
99 99 100
100 100 101
101 101 102
102 102 103
103 103 104
104 104 105
105 105 106
106 106 107
107 107 108
108 108 109
109 109 110
110 110 111
111 111 112
112 112 113
113 113 114
114 114 115
115 115 116
116 116 117
117 117 118
118 118 119
119 119 120
120 120 121
121 121 122
122 122 123
123 123 124
124 124 125
125 125 126
126 126 127
127 127 128
128 128 129
129 129 130
130 130 131
131 131 132
132 132 133
133 133 134
134 134 135
135 135 136
136 136 137
137 137 138
138 138 139
139 139 140
140 140 141
141 141 142
142 142 143
143 143 144
144 144 145
145 145 146
146 146 147
147 147 148
148 148 149
149 149 150
150 150 151
151 151 152
152 152 153
153 153 154
154 154 155
155 155 156
156 156 157
157 157 158
158 158 159
159 159 160
160 160 161
161 161 162
162 162 163
163 163 1
