shape_67

129 points
129 lines

Points

1 2.262649350166181e-03 -4.258432599466324e-03
2 2.316909956391426e-03 -4.356517955639008e-03
3 2.359713638920128e-03 -4.433236435114661e-03
4 2.391461806307870e-03 -4.489339072730479e-03
5 2.412555867110233e-03 -4.525576903323674e-03
6 2.423397229882806e-03 -4.542700961731447e-03
7 2.424387303181168e-03 -4.541462282791008e-03
8 2.415927495560904e-03 -4.522611901339558e-03
9 2.398419215577597e-03 -4.486900852214304e-03
10 2.372263871786834e-03 -4.435080170252455e-03
11 2.337862872744193e-03 -4.367900890291207e-03
12 2.295617627005261e-03 -4.286114047167773e-03
13 2.245929543125622e-03 -4.190470675719357e-03
14 2.189200029660856e-03 -4.081721810783160e-03
15 2.125830495166551e-03 -3.960618487196394e-03
16 2.056222348198290e-03 -3.827911739796260e-03
17 1.980776997311653e-03 -3.684352603419962e-03
18 1.899895851062226e-03 -3.530692112904709e-03
19 1.813980318005592e-03 -3.367681303087706e-03
20 1.723431806697335e-03 -3.196071208806154e-03
21 1.628651725693040e-03 -3.016612864897264e-03
22 1.530041483548287e-03 -2.830057306198237e-03
23 1.428002488818662e-03 -2.637155567546278e-03
24 1.322936150059749e-03 -2.438658683778598e-03
25 1.215243875827130e-03 -2.235317689732395e-03
26 1.105327074676389e-03 -2.027883620244878e-03
27 9.935871551631100e-04 -1.817107510153252e-03
28 8.804255258428772e-04 -1.603740394294722e-03
29 7.662435952712724e-04 -1.388533307506493e-03
30 6.514427720038799e-04 -1.172237284625770e-03
31 5.364244645962841e-04 -9.556033604897594e-04
32 4.215900816040680e-04 -7.393825699356668e-04
33 3.073410315828150e-04 -5.243259478006957e-04
34 1.940787230881084e-04 -3.111845289220519e-04
35 8.220456467553296e-05 -1.007093481369419e-04
36 -2.788003509932928e-05 1.063485597174308e-04
37 -1.357736676808939e-04 3.092381598038602e-04
38 -2.410749245135775e-04 5.072084172851409e-04
39 -3.433823970417961e-04 6.995082973240668e-04
40 -4.422946767099670e-04 8.853867650834342e-04
41 -5.374103549625061e-04 1.064092785726037e-03
42 -6.283280232438295e-04 1.234875324414670e-03
43 -7.146462729983546e-04 1.396983346312128e-03
44 -7.959636956704971e-04 1.549665816581206e-03
45 -8.718788827046737e-04 1.692171700384698e-03
46 -9.419904255453004e-04 1.823749962885400e-03
47 -1.005896915636794e-03 1.943649569246105e-03
48 -1.063196944423571e-03 2.051119484629610e-03
49 -1.098798649989118e-03 2.117613795926278e-03
50 -1.141069496850911e-03 2.196106695323077e-03
51 -1.189282764443716e-03 2.285273870377817e-03
52 -1.242711732202296e-03 2.383791008648306e-03
53 -1.300629679561418e-03 2.490333797692354e-03
54 -1.362309885955846e-03 2.603577925067768e-03
55 -1.427025630820343e-03 2.722199078332359e-03
56 -1.494050193589676e-03 2.844872945043935e-03
57 -1.562656853698608e-03 2.970275212760306e-03
58 -1.632118890581905e-03 3.097081569039279e-03
59 -1.701709583674330e-03 3.223967701438664e-03
60 -1.770702212410650e-03 3.349609297516271e-03
61 -1.838370056225629e-03 3.472682044829907e-03
62 -1.903986394554030e-03 3.591861630937383e-03
63 -1.966824506830619e-03 3.705823743396507e-03
64 -2.026157672490161e-03 3.813244069765087e-03
65 -2.081259170967420e-03 3.912798297600934e-03
66 -2.131402281697161e-03 4.003162114461855e-03
67 -2.175860284114149e-03 4.083011207905660e-03
68 -2.213906457653148e-03 4.151021265490158e-03
69 -2.244814081748924e-03 4.205867974773157e-03
70 -2.267856435836241e-03 4.246227023312467e-03
71 -2.282306799349862e-03 4.270774098665898e-03
72 -2.287438451724554e-03 4.278184888391256e-03
73 -2.282524672395081e-03 4.267135080046353e-03
74 -2.266838740796208e-03 4.236300361188996e-03
75 -2.239653936362699e-03 4.184356419376995e-03
76 -2.174810313969330e-03 4.061333324085658e-03
77 -2.108256188113874e-03 3.935055040722786e-03
78 -2.040052705874141e-03 3.805641921318432e-03
79 -1.970261014327938e-03 3.673214317902648e-03
80 -1.898942260553074e-03 3.537892582505486e-03
81 -1.826157591627358e-03 3.399797067156997e-03
82 -1.751968154628599e-03 3.259048123887234e-03
83 -1.676435096634602e-03 3.115766104726247e-03
84 -1.599619564723180e-03 2.970071361704089e-03
85 -1.521582705972138e-03 2.822084246850811e-03
86 -1.442385667459287e-03 2.671925112196465e-03
87 -1.362089596262433e-03 2.519714309771103e-03
88 -1.280755639459386e-03 2.365572191604776e-03
89 -1.198444944127954e-03 2.209619109727537e-03
90 -1.115218657345945e-03 2.051975416169437e-03
91 -1.031137926191169e-03 1.892761462960528e-03
92 -9.462638977414321e-04 1.732097602130861e-03
93 -8.606577190745447e-04 1.570104185710489e-03
94 -7.743805372683148e-04 1.406901565729463e-03
95 -6.874934994005505e-04 1.242610094217834e-03
96 -6.000577525490604e-04 1.077350123205656e-03
97 -5.121344437916529e-04 9.112420047229790e-04
98 -4.237847202061361e-04 7.444060907998547e-04
99 -3.350697288703192e-04 5.769627334663360e-04
100 -2.460506168620100e-04 4.090322847524733e-04
101 -1.567885312590175e-04 2.407350966883197e-04
102 -6.734461913914940e-05 7.219152130392537e-05
103 2.221997241978476e-05 -9.647808937065536e-05
104 1.118440963399777e-04 -2.651533833053738e-04
105 2.014666055436203e-04 -4.337140084701764e-04
106 2.910263529529045e-04 -6.020396128350116e-04
107 3.804621914900214e-04 -7.700098443698281e-04
108 4.697129740771630e-04 -9.375043510445739e-04
109 5.587175536365206e-04 -1.104402780829197e-03
110 6.474147830902857e-04 -1.270584781693646e-03
111 7.357435153606500e-04 -1.435930001607869e-03
112 8.236426033698053e-04 -1.600318088541814e-03
113 9.110509000399425e-04 -1.763628690465430e-03
114 9.979072582932537e-04 -1.925741455348664e-03
115 1.084150531051930e-03 -2.086536031161465e-03
116 1.169719571238163e-03 -2.245892065873781e-03
117 1.254553231774145e-03 -2.403689207455561e-03
118 1.338590365582067e-03 -2.559807103876753e-03
119 1.421769825584121e-03 -2.714125403107304e-03
120 1.504030464702497e-03 -2.866523753117164e-03
121 1.585311135859389e-03 -3.016881801876279e-03
122 1.665550691976987e-03 -3.165079197354600e-03
123 1.744687985977482e-03 -3.310995587522074e-03
124 1.822661870783068e-03 -3.454510620348650e-03
125 1.899411199315933e-03 -3.595503943804273e-03
126 1.974874824498271e-03 -3.733855205858895e-03
127 2.048991599252274e-03 -3.869444054482463e-03
128 2.121700376500132e-03 -4.002150137644924e-03
129 2.192940009164038e-03 -4.131853103316229e-03

Lines

1 1 2
2 2 3
3 3 4
4 4 5
5 5 6
6 6 7
7 7 8
8 8 9
9 9 10
10 10 11
11 11 12
12 12 13
13 13 14
14 14 15
15 15 16
16 16 17
17 17 18
18 18 19
19 19 20
20 20 21
21 21 22
22 22 23
23 23 24
24 24 25
25 25 26
26 26 27
27 27 28
28 28 29
29 29 30
30 30 31
31 31 32
32 32 33
33 33 34
34 34 35
35 35 36
36 36 37
37 37 38
38 38 39
39 39 40
40 40 41
41 41 42
42 42 43
43 43 44
44 44 45
45 45 46
46 46 47
47 47 48
48 48 49
49 49 50
50 50 51
51 51 52
52 52 53
53 53 54
54 54 55
55 55 56
56 56 57
57 57 58
58 58 59
59 59 60
60 60 61
61 61 62
62 62 63
63 63 64
64 64 65
65 65 66
66 66 67
67 67 68
68 68 69
69 69 70
70 70 71
71 71 72
72 72 73
73 73 74
74 74 75
75 75 76
76 76 77
77 77 78
78 78 79
79 79 80
80 80 81
81 81 82
82 82 83
83 83 84
84 84 85
85 85 86
86 86 87
87 87 88
88 88 89
89 89 90
90 90 91
91 91 92
92 92 93
93 93 94
94 94 95
95 95 96
96 96 97
97 97 98
98 98 99
99 99 100
100 100 101
101 101 102
102 102 103
103 103 104
104 104 105
105 105 106
106 106 107
107 107 108
108 108 109
109 109 110
110 110 111
111 111 112
112 112 113
113 113 114
114 114 115
115 115 116
116 116 117
117 117 118
118 118 119
119 119 120
120 120 121
121 121 122
122 122 123
123 123 124
124 124 125
125 125 126
126 126 127
127 127 128
128 128 129
129 129 1
