shape_30

135 points
135 lines

Points

1 -3.371895986452790e-03 7.567586936069248e-05
2 -3.263120729206910e-03 5.948243412264481e-05
3 -3.142088439247118e-03 4.119969192905878e-05
4 -3.009412900728672e-03 2.095652949019142e-05
5 -2.865707897806831e-03 -1.118166483700285e-06
6 -2.711587214636850e-03 -2.489550928235934e-05
7 -2.547664635373986e-03 -5.024661219552873e-05
8 -2.374553944173499e-03 -7.704258851295138e-05
9 -2.192868925190644e-03 -1.051545515243704e-04
10 -2.003223362580680e-03 -1.344536145195288e-04
11 -1.806231040498862e-03 -1.648108907881693e-04
12 -1.602505743100448e-03 -1.960974936200352e-04
13 -1.392661254540697e-03 -2.281845363048694e-04
14 -1.177311358974864e-03 -2.609431321324148e-04
15 -9.570698405582065e-04 -2.942443943924144e-04
16 -7.325504834459825e-04 -3.279594363746116e-04
17 -5.043670717934499e-04 -3.619593713687487e-04
18 -2.731333897558649e-04 -3.961153126645691e-04
19 -3.946322148848417e-05 -4.302983735518160e-04
20 1.960296488534346e-04 -4.643796673202320e-04
21 4.327314371146318e-04 -4.982303072595599e-04
22 6.700283591398530e-04 -5.317214066595433e-04
23 9.073066307738412e-04 -5.647240788099250e-04
24 1.143952467861338e-03 -5.971094370004478e-04
25 1.379352086247086e-03 -6.287485945208548e-04
26 1.612891701775827e-03 -6.595126646608888e-04
27 1.843957530292306e-03 -6.892727607102934e-04
28 2.071935787641266e-03 -7.178999959588109e-04
29 2.296212689667447e-03 -7.452654836961843e-04
30 2.516174452215593e-03 -7.712403372121573e-04
31 2.731207291130449e-03 -7.956956697964723e-04
32 2.940697422256754e-03 -8.185025947388724e-04
33 3.144031061439251e-03 -8.395322253291006e-04
34 3.340594424522687e-03 -8.586556748568999e-04
35 3.529773727351800e-03 -8.757440566120133e-04
36 3.710955185771337e-03 -8.906684838841839e-04
37 3.883525015626037e-03 -9.033000699631547e-04
38 4.046869432760645e-03 -9.135099281386686e-04
39 4.200374653019904e-03 -9.211691717004685e-04
40 4.343426892248555e-03 -9.261489139382977e-04
41 4.475412366291340e-03 -9.283202681418984e-04
42 4.595717290993006e-03 -9.275543476010146e-04
43 4.703727882198291e-03 -9.237222656053886e-04
44 4.798830355751941e-03 -9.166951354447641e-04
45 4.880410927498696e-03 -9.063440704088832e-04
46 4.947855813283301e-03 -8.925401837874896e-04
47 5.000551228950499e-03 -8.751545888703259e-04
48 5.037883390345031e-03 -8.540583989471353e-04
49 5.059238513311640e-03 -8.291227273076607e-04
50 5.064002813695073e-03 -8.002186872416451e-04
51 5.051562507340065e-03 -7.672173920388315e-04
52 5.021303810091365e-03 -7.299899549889628e-04
53 4.972612937793713e-03 -6.884074893817822e-04
54 4.904876106291853e-03 -6.423411085070326e-04
55 4.817479531430526e-03 -5.916619256544568e-04
56 4.708383943795059e-03 -5.345782974653585e-04
57 4.594369122805214e-03 -4.793225011079848e-04
58 4.475594136258794e-03 -4.258582747640354e-04
59 4.352218051953602e-03 -3.741493566152099e-04
60 4.224399937687445e-03 -3.241594848432086e-04
61 4.092298861258128e-03 -2.758523976297318e-04
62 3.956073890463453e-03 -2.291918331564785e-04
63 3.815884093101224e-03 -1.841415296051493e-04
64 3.671888536969248e-03 -1.406652251574441e-04
65 3.524246289865327e-03 -9.872665799506272e-05
66 3.373116419587266e-03 -5.828956629970495e-05
67 3.218657993932874e-03 -1.931768825307093e-05
68 3.061030080699947e-03 1.822523796313965e-05
69 2.900391747686294e-03 5.437547416722661e-05
70 2.736902062689722e-03 8.916928217749017e-05
71 2.570720093508030e-03 1.226429238122303e-04
72 2.402004907939026e-03 1.548326608897472e-04
73 2.230915573780514e-03 1.857747552283409e-04
74 2.057611158830298e-03 2.155054686463114e-04
75 1.882250730886182e-03 2.440610629619588e-04
76 1.704993357745971e-03 2.714777999935832e-04
77 1.525998107207468e-03 2.977919415594846e-04
78 1.345424047068479e-03 3.230397494779632e-04
79 1.163430245126809e-03 3.472574855673191e-04
80 9.801757691802605e-04 3.704814116458520e-04
81 7.958196870266388e-04 3.927477895318624e-04
82 6.105210664637493e-04 4.140928810436502e-04
83 4.244389752893949e-04 4.345529479995154e-04
84 2.377324813013803e-04 4.541642522177582e-04
85 5.056065229751014e-05 4.729630555166787e-04
86 -1.369174439244099e-04 4.909856197145768e-04
87 -3.245427395665773e-04 5.082682066297527e-04
88 -5.121561668311877e-04 5.248470780805065e-04
89 -6.995986579204340e-04 5.407584958851381e-04
90 -8.867111450365151e-04 5.560387218619477e-04
91 -1.073334560381625e-03 5.707240178292355e-04
92 -1.259309836157958e-03 5.848506456053011e-04
93 -1.444477904567713e-03 5.984548670084452e-04
94 -1.628679697813083e-03 6.115729438569674e-04
95 -1.811756148096265e-03 6.242411379691681e-04
96 -1.993548187619452e-03 6.364957111633470e-04
97 -2.173896748584843e-03 6.483729252578044e-04
98 -2.352642763194631e-03 6.599090420708404e-04
99 -2.529627163651012e-03 6.711403234207550e-04
100 -2.704690882156184e-03 6.821030311258485e-04
101 -2.877674850912340e-03 6.928334270044204e-04
102 -3.048420002121675e-03 7.033677728747712e-04
103 -3.216767267986388e-03 7.137423305552011e-04
104 -3.382557580708672e-03 7.239933618640099e-04
105 -3.545631872490721e-03 7.341571286194978e-04
106 -3.705831075534734e-03 7.442698926399645e-04
107 -3.862996122042906e-03 7.543679157437107e-04
108 -4.016967944217431e-03 7.644874597490360e-04
109 -4.167587474260505e-03 7.746647864742409e-04
110 -4.314695644374324e-03 7.849361577376249e-04
111 -4.458133386761084e-03 7.953378353574884e-04
112 -4.597741633622979e-03 8.059060811521315e-04
113 -4.733361317162207e-03 8.166771569398543e-04
114 -4.777232429870729e-03 8.169070808462776e-04
115 -4.801643139141168e-03 8.092527390806475e-04
116 -4.808034992769592e-03 7.944190608793293e-04
117 -4.797849538552066e-03 7.731109754786887e-04
118 -4.772528324284650e-03 7.460334121150901e-04
119 -4.733512897763408e-03 7.138913000248983e-04
120 -4.682244806784405e-03 6.773895684444791e-04
121 -4.620165599143707e-03 6.372331466101974e-04
122 -4.548716822637373e-03 5.941269637584180e-04
123 -4.469340025061469e-03 5.487759491255061e-04
124 -4.383476754212058e-03 5.018850319478265e-04
125 -4.292568557885204e-03 4.541591414617446e-04
126 -4.198056983876972e-03 4.063032069036254e-04
127 -4.101383579983423e-03 3.590221575098338e-04
128 -4.003989894000623e-03 3.130209225167351e-04
129 -3.907317473724635e-03 2.690044311606942e-04
130 -3.812807866951521e-03 2.276776126780762e-04
131 -3.721902621477347e-03 1.897453963052462e-04
132 -3.636043285098175e-03 1.559127112785691e-04
133 -3.556671405610071e-03 1.268844868344101e-04
134 -3.485228530809095e-03 1.033656522091344e-04
135 -3.423156208491314e-03 8.606113663910678e-05

Lines

1 1 2
2 2 3
3 3 4
4 4 5
5 5 6
6 6 7
7 7 8
8 8 9
9 9 10
10 10 11
11 11 12
12 12 13
13 13 14
14 14 15
15 15 16
16 16 17
17 17 18
18 18 19
19 19 20
20 20 21
21 21 22
22 22 23
23 23 24
24 24 25
25 25 26
26 26 27
27 27 28
28 28 29
29 29 30
30 30 31
31 31 32
32 32 33
33 33 34
34 34 35
35 35 36
36 36 37
37 37 38
38 38 39
39 39 40
40 40 41
41 41 42
42 42 43
43 43 44
44 44 45
45 45 46
46 46 47
47 47 48
48 48 49
49 49 50
50 50 51
51 51 52
52 52 53
53 53 54
54 54 55
55 55 56
56 56 57
57 57 58
58 58 59
59 59 60
60 60 61
61 61 62
62 62 63
63 63 64
64 64 65
65 65 66
66 66 67
67 67 68
68 68 69
69 69 70
70 70 71
71 71 72
72 72 73
73 73 74
74 74 75
75 75 76
76 76 77
77 77 78
78 78 79
79 79 80
80 80 81
81 81 82
82 82 83
83 83 84
84 84 85
85 85 86
86 86 87
87 87 88
88 88 89
89 89 90
90 90 91
91 91 92
92 92 93
93 93 94
94 94 95
95 95 96
96 96 97
97 97 98
98 98 99
99 99 100
100 100 101
101 101 102
102 102 103
103 103 104
104 104 105
105 105 106
106 106 107
107 107 108
108 108 109
109 109 110
110 110 111
111 111 112
112 112 113
113 113 114
114 114 115
115 115 116
116 116 117
117 117 118
118 118 119
119 119 120
120 120 121
121 121 122
122 122 123
123 123 124
124 124 125
125 125 126
126 126 127
127 127 128
128 128 129
129 129 130
130 130 131
131 131 132
132 132 133
133 133 134
134 134 135
135 135 1
