shape_16

144 points
144 lines

Points

1 -3.419411148039567e-03 -3.257552403019825e-03
2 -3.439767540592643e-03 -3.312550133117508e-03
3 -3.444365320389731e-03 -3.359541457143741e-03
4 -3.434029845833771e-03 -3.398816527812903e-03
5 -3.409586475327705e-03 -3.430665497839368e-03
6 -3.371860567274474e-03 -3.455378519937513e-03
7 -3.321677480077014e-03 -3.473245746821710e-03
8 -3.259862572138273e-03 -3.484557331206339e-03
9 -3.187241201861185e-03 -3.489603425805772e-03
10 -3.104638727648692e-03 -3.488674183334385e-03
11 -3.012880507903737e-03 -3.482059756506555e-03
12 -2.912791901029259e-03 -3.470050298036657e-03
13 -2.805198265428197e-03 -3.452935960639066e-03
14 -2.690924959503495e-03 -3.431006897028158e-03
15 -2.570797341658090e-03 -3.404553259918310e-03
16 -2.445640770294924e-03 -3.373865202023893e-03
17 -2.316280603816939e-03 -3.339232876059289e-03
18 -2.183542200627072e-03 -3.300946434738867e-03
19 -2.048250919128268e-03 -3.259296030777007e-03
20 -1.911232117723463e-03 -3.214571816888082e-03
21 -1.773311154815601e-03 -3.167063945786469e-03
22 -1.635313388807621e-03 -3.117062570186544e-03
23 -1.498064178102464e-03 -3.064857842802681e-03
24 -1.362388881103070e-03 -3.010739916349256e-03
25 -1.229112856212379e-03 -2.954998943540644e-03
26 -1.099061461833333e-03 -2.897925077091222e-03
27 -9.730600563688723e-04 -2.839808469715365e-03
28 -8.519339982219370e-04 -2.780939274127448e-03
29 -7.365086457954674e-04 -2.721607643041847e-03
30 -6.276093574924042e-04 -2.662103729172937e-03
31 -5.260614917156879e-04 -2.602717685235094e-03
32 -4.326904068682593e-04 -2.543739663942693e-03
33 -3.483214613530585e-04 -2.485459818010110e-03
34 -2.737800135730264e-04 -2.428168300151721e-03
35 -2.098914219311035e-04 -2.372155263081900e-03
36 -1.574810448302302e-04 -2.317710859515024e-03
37 -8.689435805074691e-05 -2.234493668297979e-03
38 -1.088923490091739e-05 -2.141616933942212e-03
39 7.017260889114798e-05 -2.039571225115573e-03
40 1.559294575973389e-04 -1.928847110485909e-03
41 2.460195954895450e-04 -1.809935158721065e-03
42 3.400813068396557e-04 -1.683325938488891e-03
43 4.377528759195608e-04 -1.549510018457234e-03
44 5.386725870011502e-04 -1.408977967293940e-03
45 6.424787243563132e-04 -1.262220353666858e-03
46 7.488095722569401e-04 -1.109727746243835e-03
47 8.573034149749194e-04 -9.519907136927182e-04
48 9.675985367821413e-04 -7.894998246813547e-04
49 1.079333221950496e-03 -6.227456478775926e-04
50 1.192145754751872e-03 -4.522187519492791e-04
51 1.305674419458161e-03 -2.784097055642613e-04
52 1.419557500341250e-03 -1.018090773903873e-04
53 1.533433281673030e-03 7.709256390449615e-05
54 1.646940047725392e-03 2.578046496525409e-04
55 1.759716082770223e-03 4.398366111859004e-04
56 1.871399671079414e-03 6.226978798367268e-04
57 1.981629096924854e-03 8.058978869371718e-04
58 2.090042644578434e-03 9.889460638193895e-04
59 2.196278598312043e-03 1.171351841815532e-03
60 2.299975242397570e-03 1.352624652257752e-03
61 2.400770861106905e-03 1.532273926478200e-03
62 2.498303738711939e-03 1.709809095809032e-03
63 2.592212159484560e-03 1.884739591582399e-03
64 2.682134407696657e-03 2.056574845130452e-03
65 2.767708767620121e-03 2.224824287785345e-03
66 2.848573523526843e-03 2.388997350879232e-03
67 2.924366959688710e-03 2.548603465744264e-03
68 2.994727360377613e-03 2.703152063712594e-03
69 3.059293009865440e-03 2.852152576116373e-03
70 3.117702192424082e-03 2.995114434287756e-03
71 3.169593192325430e-03 3.131547069558894e-03
72 3.214604293841372e-03 3.260959913261939e-03
73 3.252373781243798e-03 3.382862396729045e-03
74 3.282539938804598e-03 3.496763951292365e-03
75 3.304741050795661e-03 3.602174008284051e-03
76 3.318615401488876e-03 3.698601999036255e-03
77 3.323801275156133e-03 3.785557354881129e-03
78 3.319936956069323e-03 3.862549507150826e-03
79 3.306660728500336e-03 3.929087887177500e-03
80 3.283610876721060e-03 3.984681926293304e-03
81 3.250425685003385e-03 4.028841055830387e-03
82 3.206743437619199e-03 4.061074707120905e-03
83 3.152202418840396e-03 4.080892311497010e-03
84 3.086440912938862e-03 4.087803300290852e-03
85 3.009097204186488e-03 4.081317104834586e-03
86 2.919809576855163e-03 4.060943156460365e-03
87 2.808419724988092e-03 4.025603863974990e-03
88 2.695327310119103e-03 3.983398694198348e-03
89 2.580629101322346e-03 3.934528023602879e-03
90 2.464421867671970e-03 3.879192228661022e-03
91 2.346802378242128e-03 3.817591685845216e-03
92 2.227867402106969e-03 3.749926771627899e-03
93 2.107713708340640e-03 3.676397862481508e-03
94 1.986438066017295e-03 3.597205334878486e-03
95 1.864137244211082e-03 3.512549565291268e-03
96 1.740908011996153e-03 3.422630930192297e-03
97 1.616847138446656e-03 3.327649806054008e-03
98 1.492051392636741e-03 3.227806569348840e-03
99 1.366617543640559e-03 3.123301596549233e-03
100 1.240642360532260e-03 3.014335264127626e-03
101 1.114222612385993e-03 2.901107948556458e-03
102 9.874550682759098e-04 2.783820026308168e-03
103 8.604364972761590e-04 2.662671873855191e-03
104 7.332636684608908e-04 2.537863867669971e-03
105 6.060333509042564e-04 2.409596384224944e-03
106 4.788423136804047e-04 2.278069799992551e-03
107 3.517873258634863e-04 2.143484491445228e-03
108 2.249651565276506e-04 2.006040835055416e-03
109 9.847257474704759e-05 1.865939207295551e-03
110 -2.759365040417139e-05 1.723379984638075e-03
111 -1.531367498518568e-04 1.578563543555426e-03
112 -2.780599545218595e-04 1.431690260520043e-03
113 -4.022664953400290e-04 1.282960512004362e-03
114 -5.256596032322151e-04 1.132574674480824e-03
115 -6.481425091242674e-04 9.807331244218686e-04
116 -7.696184439420360e-04 8.276362382999341e-04
117 -8.899906386113720e-04 6.734843925874580e-04
118 -1.009162324058124e-03 5.184779637568807e-04
119 -1.127036731208141e-03 3.628173282806406e-04
120 -1.243517090987276e-03 2.067028626311751e-04
121 -1.358506634321377e-03 5.033494328092509e-05
122 -1.471908592136294e-03 -1.060860532976724e-04
123 -1.583626195357878e-03 -2.623597506321770e-04
124 -1.693562674911977e-03 -4.182857722501503e-04
125 -1.801621261724443e-03 -5.736637416791549e-04
126 -1.907705186721124e-03 -7.282932824467499e-04
127 -2.011717680827872e-03 -8.819740180804987e-04
128 -2.113561974970536e-03 -1.034505572107960e-03
129 -2.213141300074965e-03 -1.185687568056697e-03
130 -2.310358887067010e-03 -1.335319629454270e-03
131 -2.405117966872522e-03 -1.483201379828240e-03
132 -2.497321770417349e-03 -1.629132442706170e-03
133 -2.586873528627342e-03 -1.772912441615619e-03
134 -2.673676472428351e-03 -1.914341000084149e-03
135 -2.757633832746224e-03 -2.053217741639321e-03
136 -2.838648840506814e-03 -2.189342289808696e-03
137 -2.916624726635970e-03 -2.322514268119837e-03
138 -2.991464722059540e-03 -2.452533300100302e-03
139 -3.063072057703376e-03 -2.579199009277655e-03
140 -3.131349964493328e-03 -2.702311019179456e-03
141 -3.196201673355245e-03 -2.821668953333266e-03
142 -3.257530415214978e-03 -2.937072435266648e-03
143 -3.315239420998375e-03 -3.048321088507160e-03
144 -3.369231921631289e-03 -3.155214536582366e-03

Lines

1 1 2
2 2 3
3 3 4
4 4 5
5 5 6
6 6 7
7 7 8
8 8 9
9 9 10
10 10 11
11 11 12
12 12 13
13 13 14
14 14 15
15 15 16
16 16 17
17 17 18
18 18 19
19 19 20
20 20 21
21 21 22
22 22 23
23 23 24
24 24 25
25 25 26
26 26 27
27 27 28
28 28 29
29 29 30
30 30 31
31 31 32
32 32 33
33 33 34
34 34 35
35 35 36
36 36 37
37 37 38
38 38 39
39 39 40
40 40 41
41 41 42
42 42 43
43 43 44
44 44 45
45 45 46
46 46 47
47 47 48
48 48 49
49 49 50
50 50 51
51 51 52
52 52 53
53 53 54
54 54 55
55 55 56
56 56 57
57 57 58
58 58 59
59 59 60
60 60 61
61 61 62
62 62 63
63 63 64
64 64 65
65 65 66
66 66 67
67 67 68
68 68 69
69 69 70
70 70 71
71 71 72
72 72 73
73 73 74
74 74 75
75 75 76
76 76 77
77 77 78
78 78 79
79 79 80
80 80 81
81 81 82
82 82 83
83 83 84
84 84 85
85 85 86
86 86 87
87 87 88
88 88 89
89 89 90
90 90 91
91 91 92
92 92 93
93 93 94
94 94 95
95 95 96
96 96 97
97 97 98
98 98 99
99 99 100
100 100 101
101 101 102
102 102 103
103 103 104
104 104 105
105 105 106
106 106 107
107 107 108
108 108 109
109 109 110
110 110 111
111 111 112
112 112 113
113 113 114
114 114 115
115 115 116
116 116 117
117 117 118
118 118 119
119 119 120
120 120 121
121 121 122
122 122 123
123 123 124
124 124 125
125 125 126
126 126 127
127 127 128
128 128 129
129 129 130
130 130 131
131 131 132
132 132 133
133 133 134
134 134 135
135 135 136
136 136 137
137 137 138
138 138 139
139 139 140
140 140 141
141 141 142
142 142 143
143 143 144
144 144 1
