shape_97

162 points
162 lines

Points

1 -3.186977798116926e-03 -3.189457977714272e-04
2 -3.092216837911216e-03 -3.503666586845656e-04
3 -2.989302391860940e-03 -3.837688191878461e-04
4 -2.878583758486386e-03 -4.190228394810300e-04
5 -2.760410236307842e-03 -4.559992797638785e-04
6 -2.635131123845592e-03 -4.945687002361524e-04
7 -2.503095719619923e-03 -5.346016610976130e-04
8 -2.364653322151124e-03 -5.759687225480215e-04
9 -2.220153229959478e-03 -6.185404447871390e-04
10 -2.069944741565275e-03 -6.621873880147267e-04
11 -1.914377155488799e-03 -7.067801124305461e-04
12 -1.753799770250338e-03 -7.521891782343575e-04
13 -1.588561884370178e-03 -7.982851456259224e-04
14 -1.419012796368605e-03 -8.449385748050026e-04
15 -1.245501804765908e-03 -8.920200259713582e-04
16 -1.068378208082370e-03 -9.394000593247512e-04
17 -8.879913048382817e-04 -9.869492350649425e-04
18 -7.046903935539268e-04 -1.034538113391693e-03
19 -5.188247727495931e-04 -1.082037254504764e-03
20 -3.307437409455664e-04 -1.129317218603917e-03
21 -1.407965966621336e-04 -1.176248565888913e-03
22 5.066736158041775e-05 -1.222701856559513e-03
23 2.432988352618026e-04 -1.268547650815478e-03
24 4.367485258617336e-04 -1.313656508856569e-03
25 6.306671348599235e-04 -1.357898990882547e-03
26 8.247053637360874e-04 -1.401145657093174e-03
27 1.018513913969937e-03 -1.443267067688211e-03
28 1.211743487041187e-03 -1.484133782867419e-03
29 1.404044784429549e-03 -1.523616362830558e-03
30 1.595068507614738e-03 -1.561585367777391e-03
31 1.784465358076468e-03 -1.597911357907678e-03
32 1.971886037294449e-03 -1.632464893421181e-03
33 2.156981246748398e-03 -1.665116534517661e-03
34 2.339401687918027e-03 -1.695736841396878e-03
35 2.518798062283051e-03 -1.724196374258594e-03
36 2.694821071323181e-03 -1.750365693302571e-03
37 2.867121416518129e-03 -1.774115358728568e-03
38 3.035349799347613e-03 -1.795315930736348e-03
39 3.199156921291345e-03 -1.813837969525671e-03
40 3.358193483829037e-03 -1.829552035296300e-03
41 3.512110188440402e-03 -1.842328688247993e-03
42 3.660557736605154e-03 -1.852038488580514e-03
43 3.803186829803008e-03 -1.858551996493623e-03
44 3.939648169513675e-03 -1.861739772187082e-03
45 4.069592457216870e-03 -1.861472375860651e-03
46 4.192670394392306e-03 -1.857620367714091e-03
47 4.308532682519696e-03 -1.850054307947164e-03
48 4.416830023078753e-03 -1.838644756759631e-03
49 4.517213117549192e-03 -1.823262274351253e-03
50 4.609332667410725e-03 -1.803777420921791e-03
51 4.692839374143067e-03 -1.780060756671007e-03
52 4.767383939225931e-03 -1.751982841798661e-03
53 4.832617064139027e-03 -1.719414236504514e-03
54 4.888189450362073e-03 -1.682225500988329e-03
55 4.933751799374779e-03 -1.640287195449866e-03
56 4.968954812656861e-03 -1.593469880088885e-03
57 4.993449191688031e-03 -1.541644115105149e-03
58 5.006885637948003e-03 -1.484680460698418e-03
59 5.008914852916491e-03 -1.422449477068454e-03
60 4.999187538073205e-03 -1.354821724415017e-03
61 4.977354394897863e-03 -1.281667762937869e-03
62 4.943066124870175e-03 -1.202858152836772e-03
63 4.895666637862324e-03 -1.115048770446444e-03
64 4.841676579199657e-03 -1.028696317350617e-03
65 4.781273727439991e-03 -9.437917085785397e-04
66 4.714635861141148e-03 -8.603258591594650e-04
67 4.641940758860946e-03 -7.782896841226420e-04
68 4.563366199157206e-03 -6.976740984973225e-04
69 4.479089960587749e-03 -6.184700173127571e-04
70 4.389289821710392e-03 -5.406683555981963e-04
71 4.294143561082959e-03 -4.642600283828912e-04
72 4.193828957263265e-03 -3.892359506960920e-04
73 4.088523788809134e-03 -3.155870375670499e-04
74 3.978405834278387e-03 -2.433042040250157e-04
75 3.863652872228838e-03 -1.723783650992399e-04
76 3.744442681218313e-03 -1.028004358189735e-04
77 3.620953039804628e-03 -3.456133121346708e-05
78 3.493361726545604e-03 3.234803368802842e-05
79 3.361846519999062e-03 9.793674385626247e-05
80 3.226585198722823e-03 1.622138842619839e-04
81 3.087755541274705e-03 2.251885398759422e-04
82 2.945535326212526e-03 2.868697956688867e-04
83 2.800102332094109e-03 3.472667366115667e-04
84 2.651634337477272e-03 4.063884476747310e-04
85 2.500309120919839e-03 4.642440138291292e-04
86 2.346304460979626e-03 5.208425200455103e-04
87 2.189798136214452e-03 5.761930512946237e-04
88 2.030967925182140e-03 6.303046925472188e-04
89 1.869991606440507e-03 6.831865287740445e-04
90 1.707046958547378e-03 7.348476449458503e-04
91 1.542311760060569e-03 7.852971260333849e-04
92 1.375963789537898e-03 8.345440570073983e-04
93 1.208180825537189e-03 8.825975228386392e-04
94 1.039140646616260e-03 9.294666084978569e-04
95 8.690210313329331e-04 9.751603989558009e-04
96 6.979997582450247e-04 1.019687979183220e-03
97 5.262546059103580e-04 1.063058434150864e-03
98 3.539633528867511e-04 1.105280848829482e-03
99 1.813037777320235e-04 1.146364308189823e-03
100 8.453659003997717e-06 1.186317897202636e-03
101 -1.644092247395098e-04 1.225150700838671e-03
102 -3.371070949406756e-04 1.262871804068676e-03
103 -5.094621730416828e-04 1.299490291863401e-03
104 -6.812966804847099e-04 1.335015249193596e-03
105 -8.524328387119364e-04 1.369455761030010e-03
106 -1.022692869165544e-03 1.402820912343390e-03
107 -1.191898993287710e-03 1.435119788104488e-03
108 -1.359873432520619e-03 1.466361473284052e-03
109 -1.526438408306448e-03 1.496555052852831e-03
110 -1.691416142087376e-03 1.525709611781575e-03
111 -1.854628855305585e-03 1.553834235041033e-03
112 -2.015898769403254e-03 1.580938007601954e-03
113 -2.175048105822565e-03 1.607030014435087e-03
114 -2.331899086005696e-03 1.632119340511182e-03
115 -2.486273931394827e-03 1.656215070800988e-03
116 -2.637994863432140e-03 1.679326290275253e-03
117 -2.786884103559813e-03 1.701462083904728e-03
118 -2.932763873220027e-03 1.722631536660162e-03
119 -3.075456393854963e-03 1.742843733512303e-03
120 -3.214783886906799e-03 1.762107759431901e-03
121 -3.350568573817716e-03 1.780432699389706e-03
122 -3.482632676029895e-03 1.797827638356465e-03
123 -3.610798414985514e-03 1.814301661302930e-03
124 -3.734888012126756e-03 1.829863853199848e-03
125 -3.854723688895798e-03 1.844523299017970e-03
126 -3.970127666734821e-03 1.858289083728044e-03
127 -4.080922167086007e-03 1.871170292300819e-03
128 -4.186929411391533e-03 1.883176009707045e-03
129 -4.287971621093582e-03 1.894315320917472e-03
130 -4.332995741525576e-03 1.894201832701554e-03
131 -4.369733974948335e-03 1.883557894482127e-03
132 -4.398523314793425e-03 1.863001517611564e-03
133 -4.419700754492421e-03 1.833150713442244e-03
134 -4.433603287476892e-03 1.794623493326544e-03
135 -4.440567907178407e-03 1.748037868616840e-03
136 -4.440931607028540e-03 1.694011850665509e-03
137 -4.435031380458856e-03 1.633163450824925e-03
138 -4.423204220900932e-03 1.566110680447469e-03
139 -4.405787121786330e-03 1.493471550885514e-03
140 -4.383117076546629e-03 1.415864073491439e-03
141 -4.355531078613392e-03 1.333906259617618e-03
142 -4.323366121418195e-03 1.248216120616431e-03
143 -4.286959198392607e-03 1.159411667840252e-03
144 -4.246647302968195e-03 1.068110912641459e-03
145 -4.202767428576532e-03 9.749318663724281e-04
146 -4.155656568649190e-03 8.804925403855361e-04
147 -4.105651716617737e-03 7.854109460331595e-04
148 -4.053089865913745e-03 6.903050946676751e-04
149 -3.998308009968783e-03 5.957929976414593e-04
150 -3.941643142214421e-03 5.024926663068891e-04
151 -3.883432256082231e-03 4.110221120163407e-04
152 -3.824012345003782e-03 3.219993461221910e-04
153 -3.763720402410646e-03 2.360423799768167e-04
154 -3.702893421734392e-03 1.537692249325943e-04
155 -3.641868396406591e-03 7.579789234190044e-05
156 -3.580982319858813e-03 2.746393557111592e-06
157 -3.520572185522628e-03 -6.476726006939533e-05
158 -3.460974986829607e-03 -1.261250571852438e-04
159 -3.402527717211320e-03 -1.807089864380571e-04
160 -3.345567370099339e-03 -2.279010364754589e-04
161 -3.290430938925232e-03 -2.670831959450722e-04
162 -3.237455417120571e-03 -2.976374534945204e-04

Lines

1 1 2
2 2 3
3 3 4
4 4 5
5 5 6
6 6 7
7 7 8
8 8 9
9 9 10
10 10 11
11 11 12
12 12 13
13 13 14
14 14 15
15 15 16
16 16 17
17 17 18
18 18 19
19 19 20
20 20 21
21 21 22
22 22 23
23 23 24
24 24 25
25 25 26
26 26 27
27 27 28
28 28 29
29 29 30
30 30 31
31 31 32
32 32 33
33 33 34
34 34 35
35 35 36
36 36 37
37 37 38
38 38 39
39 39 40
40 40 41
41 41 42
42 42 43
43 43 44
44 44 45
45 45 46
46 46 47
47 47 48
48 48 49
49 49 50
50 50 51
51 51 52
52 52 53
53 53 54
54 54 55
55 55 56
56 56 57
57 57 58
58 58 59
59 59 60
60 60 61
61 61 62
62 62 63
63 63 64
64 64 65
65 65 66
66 66 67
67 67 68
68 68 69
69 69 70
70 70 71
71 71 72
72 72 73
73 73 74
74 74 75
75 75 76
76 76 77
77 77 78
78 78 79
79 79 80
80 80 81
81 81 82
82 82 83
83 83 84
84 84 85
85 85 86
86 86 87
87 87 88
88 88 89
89 89 90
90 90 91
91 91 92
92 92 93
93 93 94
94 94 95
95 95 96
96 96 97
97 97 98
98 98 99
99 99 100
100 100 101
101 101 102
102 102 103
103 103 104
104 104 105
105 105 106
106 106 107
107 107 108
108 108 109
109 109 110
110 110 111
111 111 112
112 112 113
113 113 114
114 114 115
115 115 116
116 116 117
117 117 118
118 118 119
119 119 120
120 120 121
121 121 122
122 122 123
123 123 124
124 124 125
125 125 126
126 126 127
127 127 128
128 128 129
129 129 130
130 130 131
131 131 132
132 132 133
133 133 134
134 134 135
135 135 136
136 136 137
137 137 138
138 138 139
139 139 140
140 140 141
141 141 142
142 142 143
143 143 144
144 144 145
145 145 146
146 146 147
147 147 148
148 148 149
149 149 150
150 150 151
151 151 152
152 152 153
153 153 154
154 154 155
155 155 156
156 156 157
157 157 158
158 158 159
159 159 160
160 160 161
161 161 162
162 162 1
