shape_59

135 points
135 lines

Points

1 -7.584721056522253e-04 -2.647345710595130e-03
2 -7.064294687144515e-04 -2.722626766106333e-03
3 -6.404307591579243e-04 -2.798896517988992e-03
4 -5.614567580044661e-04 -2.875798695491432e-03
5 -4.704882462758991e-04 -2.952977027861977e-03
6 -3.685060049940461e-04 -3.030075244348952e-03
7 -2.564908151807298e-04 -3.106737074200684e-03
8 -1.354234578577726e-04 -3.182606246665496e-03
9 -6.284714046996747e-06 -3.257326490991711e-03
10 1.299446352297747e-04 -3.330541536427659e-03
11 2.722838089507195e-04 -3.401895112221658e-03
12 4.197520260940152e-04 -3.471030947622040e-03
13 5.713685056378388e-04 -3.537592771877124e-03
14 7.261524665603683e-04 -3.601224314235238e-03
15 8.831231278397813e-04 -3.661569303944706e-03
16 1.041299708454254e-03 -3.718271470253852e-03
17 1.199701427381966e-03 -3.770974542411002e-03
18 1.357347503601093e-03 -3.819322249664482e-03
19 1.513257156089812e-03 -3.862958321262613e-03
20 1.666449603826303e-03 -3.901526486453724e-03
21 1.815944065788741e-03 -3.934670474486138e-03
22 1.960759760955305e-03 -3.962034014608179e-03
23 2.099915908304171e-03 -3.983260836068174e-03
24 2.232431726813518e-03 -3.997994668114445e-03
25 2.357326435461522e-03 -4.005879239995319e-03
26 2.473619253226362e-03 -4.006558280959120e-03
27 2.580329399086214e-03 -3.999675520254173e-03
28 2.676476092019257e-03 -3.984874687128804e-03
29 2.761078551003667e-03 -3.961799510831336e-03
30 2.833155995017623e-03 -3.930093720610094e-03
31 2.891727643039300e-03 -3.889401045713405e-03
32 2.935812714046877e-03 -3.839365215389591e-03
33 2.964430427018533e-03 -3.779629958886978e-03
34 2.976600000932443e-03 -3.709839005453891e-03
35 2.971340654766785e-03 -3.629636084338655e-03
36 2.947110894043191e-03 -3.492467239432068e-03
37 2.919387392345542e-03 -3.349852944685759e-03
38 2.888225066771413e-03 -3.202073193360149e-03
39 2.853678834418385e-03 -3.049407978715663e-03
40 2.815803612384031e-03 -2.892137294012719e-03
41 2.774654317765930e-03 -2.730541132511738e-03
42 2.730285867661660e-03 -2.564899487473144e-03
43 2.682753179168796e-03 -2.395492352157357e-03
44 2.632111169384916e-03 -2.222599719824798e-03
45 2.578414755407596e-03 -2.046501583735889e-03
46 2.521718854334412e-03 -1.867477937151050e-03
47 2.462078383262944e-03 -1.685808773330704e-03
48 2.399548259290767e-03 -1.501774085535272e-03
49 2.334183399515457e-03 -1.315653867025173e-03
50 2.266038721034594e-03 -1.127728111060832e-03
51 2.195169140945752e-03 -9.382768109026684e-04
52 2.121629576346509e-03 -7.475799598111038e-04
53 2.045474944334443e-03 -5.559175510465589e-04
54 1.966760162007128e-03 -3.635695778694550e-04
55 1.885540146462144e-03 -1.708160335402155e-04
56 1.801869814797067e-03 2.206308868074012e-05
57 1.715804084109473e-03 2.147877955329913e-04
58 1.627397871496940e-03 4.070780937561148e-04
59 1.536706094057045e-03 5.986539900896896e-04
60 1.443783668887364e-03 7.892354912732948e-04
61 1.348685513085474e-03 9.785426040465096e-04
62 1.251466543748952e-03 1.166295335148912e-03
63 1.152181677975376e-03 1.352213691320081e-03
64 1.050885832862322e-03 1.536017679299596e-03
65 9.476339255073673e-04 1.717427305827034e-03
66 8.424808730080886e-04 1.896162577641974e-03
67 7.354815924620634e-04 2.071943501483994e-03
68 6.266910009668676e-04 2.244490084092676e-03
69 5.161640156200787e-04 2.413522332207594e-03
70 4.039555535192733e-04 2.578760252568332e-03
71 2.901205317620294e-04 2.739923851914463e-03
72 1.747138674459228e-04 2.896733136985569e-03
73 5.779047766853031e-05 3.048908114521231e-03
74 -6.059472047256997e-05 3.196168791261022e-03
75 -1.803868098798018e-04 3.338235173944523e-03
76 -3.015308734555880e-04 3.474827269311314e-03
77 -4.239719941023521e-04 3.605665084100974e-03
78 -5.476552547225174e-04 3.730468625053079e-03
79 -6.725257382185061e-04 3.848957898907210e-03
80 -7.985285274927412e-04 3.960852912402943e-03
81 -9.256087054476473e-04 4.065873672279860e-03
82 -1.053711354985646e-03 4.163740185277538e-03
83 -1.182781559009160e-03 4.254172458135555e-03
84 -1.312764400420613e-03 4.336890497593492e-03
85 -1.443604962122429e-03 4.411614310390924e-03
86 -1.575248327017030e-03 4.478063903267433e-03
87 -1.707639578006839e-03 4.535959282962596e-03
88 -1.840723797994280e-03 4.585020456215994e-03
89 -1.974446069881776e-03 4.624967429767202e-03
90 -2.087125461742326e-03 4.647146281400317e-03
91 -2.189386333850915e-03 4.651966302853738e-03
92 -2.281521656572645e-03 4.640071969999010e-03
93 -2.363824400272624e-03 4.612107758707681e-03
94 -2.436587535315960e-03 4.568718144851299e-03
95 -2.500104032067756e-03 4.510547604301409e-03
96 -2.554666860893120e-03 4.438240612929558e-03
97 -2.600568992157158e-03 4.352441646607291e-03
98 -2.638103396224977e-03 4.253795181206162e-03
99 -2.667563043461680e-03 4.142945692597710e-03
100 -2.689240904232376e-03 4.020537656653484e-03
101 -2.703429948902172e-03 3.887215549245031e-03
102 -2.710423147836171e-03 3.743623846243897e-03
103 -2.710513471399483e-03 3.590407023521632e-03
104 -2.703993889957212e-03 3.428209556949781e-03
105 -2.691157373874463e-03 3.257675922399888e-03
106 -2.672296893516344e-03 3.079450595743505e-03
107 -2.647705419247961e-03 2.894178052852174e-03
108 -2.617675921434420e-03 2.702502769597444e-03
109 -2.582501370440827e-03 2.505069221850862e-03
110 -2.542474736632288e-03 2.302521885483974e-03
111 -2.497888990373909e-03 2.095505236368326e-03
112 -2.449037102030799e-03 1.884663750375469e-03
113 -2.396212041968059e-03 1.670641903376945e-03
114 -2.339706780550799e-03 1.454084171244302e-03
115 -2.279814288144126e-03 1.235635029849086e-03
116 -2.216827535113143e-03 1.015938955062848e-03
117 -2.151039491822957e-03 7.956404227571303e-04
118 -2.082743128638675e-03 5.753839088034806e-04
119 -2.012231415925405e-03 3.558138890734467e-04
120 -1.939797324048250e-03 1.375748394385764e-04
121 -1.865733823372317e-03 -7.868876422958656e-05
122 -1.790333884262713e-03 -2.923324460594934e-04
123 -1.713890477084544e-03 -5.027117301795966e-04
124 -1.636696572202915e-03 -7.091821407183516e-04
125 -1.559045139982934e-03 -9.110992018042107e-04
126 -1.481229150789706e-03 -1.107818437565627e-03
127 -1.403541574988338e-03 -1.298695372131052e-03
128 -1.326275382943936e-03 -1.483085529628941e-03
129 -1.249723545021605e-03 -1.660344434187748e-03
130 -1.174179031586453e-03 -1.829827609935924e-03
131 -1.099934813003585e-03 -1.990890581001923e-03
132 -1.027283859638107e-03 -2.142888871514199e-03
133 -9.565191418551258e-04 -2.285178005601205e-03
134 -8.879336300197482e-04 -2.417113507391392e-03
135 -8.218202944970790e-04 -2.538050901013216e-03

Lines

1 1 2
2 2 3
3 3 4
4 4 5
5 5 6
6 6 7
7 7 8
8 8 9
9 9 10
10 10 11
11 11 12
12 12 13
13 13 14
14 14 15
15 15 16
16 16 17
17 17 18
18 18 19
19 19 20
20 20 21
21 21 22
22 22 23
23 23 24
24 24 25
25 25 26
26 26 27
27 27 28
28 28 29
29 29 30
30 30 31
31 31 32
32 32 33
33 33 34
34 34 35
35 35 36
36 36 37
37 37 38
38 38 39
39 39 40
40 40 41
41 41 42
42 42 43
43 43 44
44 44 45
45 45 46
46 46 47
47 47 48
48 48 49
49 49 50
50 50 51
51 51 52
52 52 53
53 53 54
54 54 55
55 55 56
56 56 57
57 57 58
58 58 59
59 59 60
60 60 61
61 61 62
62 62 63
63 63 64
64 64 65
65 65 66
66 66 67
67 67 68
68 68 69
69 69 70
70 70 71
71 71 72
72 72 73
73 73 74
74 74 75
75 75 76
76 76 77
77 77 78
78 78 79
79 79 80
80 80 81
81 81 82
82 82 83
83 83 84
84 84 85
85 85 86
86 86 87
87 87 88
88 88 89
89 89 90
90 90 91
91 91 92
92 92 93
93 93 94
94 94 95
95 95 96
96 96 97
97 97 98
98 98 99
99 99 100
100 100 101
101 101 102
102 102 103
103 103 104
104 104 105
105 105 106
106 106 107
107 107 108
108 108 109
109 109 110
110 110 111
111 111 112
112 112 113
113 113 114
114 114 115
115 115 116
116 116 117
117 117 118
118 118 119
119 119 120
120 120 121
121 121 122
122 122 123
123 123 124
124 124 125
125 125 126
126 126 127
127 127 128
128 128 129
129 129 130
130 130 131
131 131 132
132 132 133
133 133 134
134 134 135
135 135 1
