shape_58

183 points
183 lines

Points

1 4.127483535404499e-03 -3.493331401779621e-03
2 4.175603796111398e-03 -3.414689362712655e-03
3 4.216109094671560e-03 -3.332993318312670e-03
4 4.249163443897317e-03 -3.248343592163552e-03
5 4.274930856601007e-03 -3.160840507849183e-03
6 4.293575345594968e-03 -3.070584388953449e-03
7 4.305260923691534e-03 -2.977675559060236e-03
8 4.310151603703043e-03 -2.882214341753426e-03
9 4.308411398441831e-03 -2.784301060616903e-03
10 4.300204320720230e-03 -2.684036039234554e-03
11 4.285694383350584e-03 -2.581519601190263e-03
12 4.265045599145223e-03 -2.476852070067914e-03
13 4.238421980916486e-03 -2.370133769451391e-03
14 4.205987541476709e-03 -2.261465022924580e-03
15 4.167906293638227e-03 -2.150946154071365e-03
16 4.124342250213377e-03 -2.038677486475629e-03
17 4.075459424014495e-03 -1.924759343721256e-03
18 4.021421827853917e-03 -1.809292049392135e-03
19 3.962393474543980e-03 -1.692375927072147e-03
20 3.898538376897018e-03 -1.574111300345176e-03
21 3.830020547725372e-03 -1.454598492795109e-03
22 3.757003999841374e-03 -1.333937828005828e-03
23 3.679652746057362e-03 -1.212229629561220e-03
24 3.598130799185670e-03 -1.089574221045168e-03
25 3.512602172038639e-03 -9.660719260415573e-04
26 3.423230877428600e-03 -8.418230681342716e-04
27 3.330180928167892e-03 -7.169279709071954e-04
28 3.233616337068851e-03 -5.914869579442141e-04
29 3.133701116943811e-03 -4.656003528292104e-04
30 3.030599280605112e-03 -3.393684791460714e-04
31 2.924474840865086e-03 -2.128916604786804e-04
32 2.815491810536072e-03 -8.627022041092059e-05
33 2.703814202430406e-03 4.039551747332046e-05
34 2.589606029360425e-03 1.670052295901608e-04
35 2.473031304138465e-03 2.934585923557153e-04
36 2.354254039576859e-03 4.196552821860986e-04
37 2.233438248487946e-03 5.454949754974270e-04
38 2.110747943684063e-03 6.708773487058160e-04
39 1.986347137977543e-03 7.957020782273814e-04
40 1.860399844180726e-03 9.198688404782373e-04
41 1.733070075105947e-03 1.043277311874500e-03
42 1.604521843565541e-03 1.165827168832285e-03
43 1.474919162371844e-03 1.287418087767708e-03
44 1.344426044337194e-03 1.407949745096884e-03
45 1.213206502273925e-03 1.527321817235930e-03
46 1.081424548994376e-03 1.645433980600959e-03
47 9.492441973108815e-04 1.762185911608087e-03
48 8.168294600357786e-04 1.877477286673431e-03
49 6.843443499814024e-04 1.991207782213105e-03
50 5.519528799600894e-04 2.103277074643225e-03
51 4.198190627841755e-04 2.213584840379908e-03
52 2.881069112659984e-04 2.322030755839268e-03
53 1.569804382178936e-04 2.428514497437419e-03
54 2.660365645219711e-05 2.532935741590479e-03
55 -1.028594212187550e-04 2.635194164714562e-03
56 -2.312447819826262e-04 2.735189443225784e-03
57 -3.583884130270812e-04 2.832821253540261e-03
58 -4.841263015397824e-04 2.927989272074108e-03
59 -6.082944347083936e-04 3.020593175243440e-03
60 -7.307287997205794e-04 3.110532639464372e-03
61 -8.512653837640032e-04 3.197707341153021e-03
62 -9.697401740263292e-04 3.282016956725502e-03
63 -1.085989157695222e-03 3.363361162597931e-03
64 -1.199848321958342e-03 3.441639635186421e-03
65 -1.311153654003356e-03 3.516752050907091e-03
66 -1.419741141017927e-03 3.588598086176053e-03
67 -1.525446770189719e-03 3.657077417409425e-03
68 -1.628106528706396e-03 3.722089721023323e-03
69 -1.727556403755621e-03 3.783534673433860e-03
70 -1.823632382525058e-03 3.841311951057152e-03
71 -1.916170452202371e-03 3.895321230309317e-03
72 -2.005006599975223e-03 3.945462187606466e-03
73 -2.059438031407929e-03 3.969747110712425e-03
74 -2.116927502064156e-03 3.984320920138291e-03
75 -2.177222321994245e-03 3.989571238429134e-03
76 -2.240069801248538e-03 3.985885688130024e-03
77 -2.305217249877379e-03 3.973651891786029e-03
78 -2.372411977931108e-03 3.953257471942220e-03
79 -2.441401295460068e-03 3.925090051143667e-03
80 -2.511932512514603e-03 3.889537251935438e-03
81 -2.583752939145053e-03 3.846986696862605e-03
82 -2.656609885401760e-03 3.797826008470233e-03
83 -2.730250661335068e-03 3.742442809303395e-03
84 -2.804422576995318e-03 3.681224721907159e-03
85 -2.878872942432854e-03 3.614559368826597e-03
86 -2.953349067698015e-03 3.542834372606774e-03
87 -3.027598262841147e-03 3.466437355792764e-03
88 -3.101367837912589e-03 3.385755940929633e-03
89 -3.174405102962683e-03 3.301177750562452e-03
90 -3.246457368041775e-03 3.213090407236292e-03
91 -3.317271943200204e-03 3.121881533496220e-03
92 -3.386596138488314e-03 3.027938751887307e-03
93 -3.454177263956446e-03 2.931649684954621e-03
94 -3.519762629654942e-03 2.833401955243232e-03
95 -3.583099545634145e-03 2.733583185298211e-03
96 -3.643935321944397e-03 2.632580997664626e-03
97 -3.702017268636040e-03 2.530783014887546e-03
98 -3.757092695759418e-03 2.428576859512042e-03
99 -3.808908913364871e-03 2.326350154083183e-03
100 -3.857213231502741e-03 2.224490521146039e-03
101 -3.901752960223372e-03 2.123385583245678e-03
102 -3.942275409577105e-03 2.023422962927170e-03
103 -3.978527889614283e-03 1.924990282735585e-03
104 -4.010257710385248e-03 1.828475165215993e-03
105 -4.037212181940341e-03 1.734265232913461e-03
106 -4.059138614329907e-03 1.642748108373061e-03
107 -4.075784317604286e-03 1.554311414139862e-03
108 -4.086896601813821e-03 1.469342772758934e-03
109 -4.092222777008853e-03 1.388229806775344e-03
110 -4.091510153239724e-03 1.311360138734164e-03
111 -4.084506040556780e-03 1.239121391180463e-03
112 -4.070957749010359e-03 1.171901186659309e-03
113 -4.050612588650805e-03 1.110087147715773e-03
114 -4.023217869528460e-03 1.054066896894925e-03
115 -3.988520901693667e-03 1.004228056741832e-03
116 -3.923349870322782e-03 9.265293193454377e-04
117 -3.853227147019894e-03 8.455197094337123e-04
118 -3.778305372659912e-03 7.613639588527224e-04
119 -3.698737188117745e-03 6.742267994485343e-04
120 -3.614675234268300e-03 5.842729630672142e-04
121 -3.526272151986488e-03 4.916671815548283e-04
122 -3.433680582147217e-03 3.965741867574429e-04
123 -3.337053165625397e-03 2.991587105211244e-04
124 -3.236542543295934e-03 1.995854846919390e-04
125 -3.132301356033739e-03 9.801924111595268e-05
126 -3.024482244713720e-03 -5.375288360767841e-06
127 -2.913237850210787e-03 -1.104333718921565e-04
128 -2.798720813399848e-03 -2.169902776321474e-04
129 -2.681083775155810e-03 -3.248812737346734e-04
130 -2.560479376353585e-03 -4.339416283536691e-04
131 -2.437060257868079e-03 -5.440066096430678e-04
132 -2.310979060574203e-03 -6.549114857568033e-04
133 -2.182388425346864e-03 -7.664915248488093e-04
134 -2.051440993060974e-03 -8.785819950730199e-04
135 -1.918289404591438e-03 -9.910181645833690e-04
136 -1.783086300813166e-03 -1.103635301533789e-03
137 -1.645984322601067e-03 -1.216268674078215e-03
138 -1.507136110830052e-03 -1.328753550370580e-03
139 -1.366694306375025e-03 -1.440925198564817e-03
140 -1.224811550110898e-03 -1.552618886814862e-03
141 -1.081640482912581e-03 -1.663669883274648e-03
142 -9.373337456549794e-04 -1.773913456098107e-03
143 -7.920439792130043e-04 -1.883184873439175e-03
144 -6.459238244615644e-04 -1.991319403451784e-03
145 -4.991259222755680e-04 -2.098152314289868e-03
146 -3.518029135299233e-04 -2.203518874107361e-03
147 -2.041074390995396e-04 -2.307254351058198e-03
148 -5.619213985932653e-05 -2.409194013296312e-03
149 9.179034331580768e-05 -2.509173128975635e-03
150 2.396873695509548e-04 -2.607026966250103e-03
151 3.873462979712052e-04 -2.702590793273648e-03
152 5.346144877016513e-04 -2.795699878200206e-03
153 6.813392978673821e-04 -2.886189489183707e-03
154 8.273680875934908e-04 -2.973894894378088e-03
155 9.725482160050686e-04 -3.058651361937283e-03
156 1.116727042227204e-03 -3.140294160015224e-03
157 1.259751925384993e-03 -3.218658556765844e-03
158 1.401470224603522e-03 -3.293579820343079e-03
159 1.541729299007885e-03 -3.364893218900862e-03
160 1.680376507723172e-03 -3.432434020593126e-03
161 1.817259209874474e-03 -3.496037493573806e-03
162 1.952224764586885e-03 -3.555538905996834e-03
163 2.085120530985492e-03 -3.610773526016144e-03
164 2.215793868195389e-03 -3.661576621785672e-03
165 2.344092135341666e-03 -3.707783461459349e-03
166 2.469862691549416e-03 -3.749229313191111e-03
167 2.592952895943727e-03 -3.785749445134890e-03
168 2.713210107649692e-03 -3.817179125444620e-03
169 2.830481685792403e-03 -3.843353622274236e-03
170 2.944614989496950e-03 -3.864108203777671e-03
171 3.055457377888425e-03 -3.879278138108857e-03
172 3.162856210091918e-03 -3.888698693421730e-03
173 3.266658845232522e-03 -3.892205137870224e-03
174 3.366712642435325e-03 -3.889632739608270e-03
175 3.462864960825423e-03 -3.880816766789805e-03
176 3.554963159527903e-03 -3.865592487568760e-03
177 3.642854597667859e-03 -3.843795170099071e-03
178 3.726386634370380e-03 -3.815260082534671e-03
179 3.805406628760559e-03 -3.779822493029493e-03
180 3.879761939963484e-03 -3.737317669737471e-03
181 3.949299927104252e-03 -3.687580880812539e-03
182 4.013867949307948e-03 -3.630447394408631e-03
183 4.073313365699667e-03 -3.565752478679680e-03

Lines

1 1 2
2 2 3
3 3 4
4 4 5
5 5 6
6 6 7
7 7 8
8 8 9
9 9 10
10 10 11
11 11 12
12 12 13
13 13 14
14 14 15
15 15 16
16 16 17
17 17 18
18 18 19
19 19 20
20 20 21
21 21 22
22 22 23
23 23 24
24 24 25
25 25 26
26 26 27
27 27 28
28 28 29
29 29 30
30 30 31
31 31 32
32 32 33
33 33 34
34 34 35
35 35 36
36 36 37
37 37 38
38 38 39
39 39 40
40 40 41
41 41 42
42 42 43
43 43 44
44 44 45
45 45 46
46 46 47
47 47 48
48 48 49
49 49 50
50 50 51
51 51 52
52 52 53
53 53 54
54 54 55
55 55 56
56 56 57
57 57 58
58 58 59
59 59 60
60 60 61
61 61 62
62 62 63
63 63 64
64 64 65
65 65 66
66 66 67
67 67 68
68 68 69
69 69 70
70 70 71
71 71 72
72 72 73
73 73 74
74 74 75
75 75 76
76 76 77
77 77 78
78 78 79
79 79 80
80 80 81
81 81 82
82 82 83
83 83 84
84 84 85
85 85 86
86 86 87
87 87 88
88 88 89
89 89 90
90 90 91
91 91 92
92 92 93
93 93 94
94 94 95
95 95 96
96 96 97
97 97 98
98 98 99
99 99 100
100 100 101
101 101 102
102 102 103
103 103 104
104 104 105
105 105 106
106 106 107
107 107 108
108 108 109
109 109 110
110 110 111
111 111 112
112 112 113
113 113 114
114 114 115
115 115 116
116 116 117
117 117 118
118 118 119
119 119 120
120 120 121
121 121 122
122 122 123
123 123 124
124 124 125
125 125 126
126 126 127
127 127 128
128 128 129
129 129 130
130 130 131
131 131 132
132 132 133
133 133 134
134 134 135
135 135 136
136 136 137
137 137 138
138 138 139
139 139 140
140 140 141
141 141 142
142 142 143
143 143 144
144 144 145
145 145 146
146 146 147
147 147 148
148 148 149
149 149 150
150 150 151
151 151 152
152 152 153
153 153 154
154 154 155
155 155 156
156 156 157
157 157 158
158 158 159
159 159 160
160 160 161
161 161 162
162 162 163
163 163 164
164 164 165
165 165 166
166 166 167
167 167 168
168 168 169
169 169 170
170 170 171
171 171 172
172 172 173
173 173 174
174 174 175
175 175 176
176 176 177
177 177 178
178 178 179
179 179 180
180 180 181
181 181 182
182 182 183
183 183 1
