shape_45

166 points
166 lines

Points

1 1.579704065523985e-03 -2.736207787713854e-03
2 1.659366571904052e-03 -2.734138885178850e-03
3 1.743692511081469e-03 -2.723235434968979e-03
4 1.832318269089492e-03 -2.703866157501563e-03
5 1.924880231961378e-03 -2.676399773193927e-03
6 2.021014785730386e-03 -2.641205002463397e-03
7 2.120358316429772e-03 -2.598650565727296e-03
8 2.222547210092793e-03 -2.549105183402948e-03
9 2.327217852752704e-03 -2.492937575907677e-03
10 2.434006630442766e-03 -2.430516463658811e-03
11 2.542549929196232e-03 -2.362210567073669e-03
12 2.652484135046360e-03 -2.288388606569578e-03
13 2.763445634026410e-03 -2.209419302563863e-03
14 2.875070812169634e-03 -2.125671375473846e-03
15 2.986996055509293e-03 -2.037513545716854e-03
16 3.098857750078643e-03 -1.945314533710211e-03
17 3.210292281910940e-03 -1.849443059871239e-03
18 3.320936037039442e-03 -1.750267844617265e-03
19 3.430425401497406e-03 -1.648157608365612e-03
20 3.538396761318088e-03 -1.543481071533604e-03
21 3.644486502534746e-03 -1.436606954538567e-03
22 3.748331011180636e-03 -1.327903977797823e-03
23 3.849566673289015e-03 -1.217740861728698e-03
24 3.947829874893142e-03 -1.106486326748516e-03
25 4.042757002026272e-03 -9.945090932746018e-04
26 4.133984440721663e-03 -8.821778817242785e-04
27 4.221148577012571e-03 -7.698614125148713e-04
28 4.303885796932254e-03 -6.579284060637048e-04
29 4.381832486513967e-03 -5.467475827881023e-04
30 4.454625031790969e-03 -4.366876631053890e-04
31 4.521899818796517e-03 -3.281173674328889e-04
32 4.583293233563868e-03 -2.214054161879270e-04
33 4.638441662126278e-03 -1.169205297878265e-04
34 4.686981490517004e-03 -1.503142864991256e-05
35 4.728549104769303e-03 8.389316680849027e-05
36 4.762780890916434e-03 1.794845361700586e-04
37 4.789313234991652e-03 2.713739590174678e-04
38 4.807782523028214e-03 3.591927149333931e-04
39 4.817825141059376e-03 4.425720835005099e-04
40 4.819077475118398e-03 5.211433443014947e-04
41 4.811175911238535e-03 5.945377769190227e-04
42 4.793756835453045e-03 6.623866609357694e-04
43 4.766456633795183e-03 7.243212759344112e-04
44 4.728911692298208e-03 7.799729014976229e-04
45 4.680758396995375e-03 8.289728172080806e-04
46 4.621633133919945e-03 8.709523026484598e-04
47 4.525396863169552e-03 9.258696415638474e-04
48 4.423140613192387e-03 9.802193822958439e-04
49 4.315071821463132e-03 1.033952046322579e-03
50 4.201397925456472e-03 1.087018155122180e-03
51 4.082326362647089e-03 1.139368230172779e-03
52 3.958064570509670e-03 1.190952792952503e-03
53 3.828819986518897e-03 1.241722364939483e-03
54 3.694800048149454e-03 1.291627467611846e-03
55 3.556212192876026e-03 1.340618622447723e-03
56 3.413263858173296e-03 1.388646350925243e-03
57 3.266162481515949e-03 1.435661174522535e-03
58 3.115115500378667e-03 1.481613614717728e-03
59 2.960330352236135e-03 1.526454192988951e-03
60 2.802014474563038e-03 1.570133430814334e-03
61 2.640375304834058e-03 1.612601849672007e-03
62 2.475620280523881e-03 1.653809971040097e-03
63 2.307956839107189e-03 1.693708316396735e-03
64 2.137592418058666e-03 1.732247407220049e-03
65 1.964734454852998e-03 1.769377764988169e-03
66 1.789590386964867e-03 1.805049911179224e-03
67 1.612367651868958e-03 1.839214367271344e-03
68 1.433273687039954e-03 1.871821654742658e-03
69 1.252515929952540e-03 1.902822295071294e-03
70 1.070301818081400e-03 1.932166809735383e-03
71 8.868387889012159e-04 1.959805720213053e-03
72 7.023342798866739e-04 1.985689547982433e-03
73 5.169957285124570e-04 2.009768814521653e-03
74 3.310305722532496e-04 2.031994041308842e-03
75 1.446462485837349e-04 2.052315749822129e-03
76 -4.194980502140247e-05 2.070684461539645e-03
77 -2.285501510874790e-04 2.087050697939517e-03
78 -4.149473521398105e-04 2.101364980499874e-03
79 -6.009339707037132e-04 2.113577830698848e-03
80 -7.863025693045029e-04 2.123639770014565e-03
81 -9.708457104674961e-04 2.131501319925156e-03
82 -1.154355956718008e-03 2.137113001908750e-03
83 -1.336625870581356e-03 2.140425337443477e-03
84 -1.517448014582855e-03 2.141388848007465e-03
85 -1.696614951247822e-03 2.139954055078844e-03
86 -1.873919243101572e-03 2.136071480135742e-03
87 -2.049153452669422e-03 2.129691644656290e-03
88 -2.222110142476687e-03 2.120765070118615e-03
89 -2.392581875048684e-03 2.109242278000850e-03
90 -2.560361212910729e-03 2.095073789781120e-03
91 -2.725240718588138e-03 2.078210126937557e-03
92 -2.887012954606227e-03 2.058601810948289e-03
93 -3.045470483490310e-03 2.036199363291446e-03
94 -3.200405867765707e-03 2.010953305445156e-03
95 -3.351611669957733e-03 1.982814158887550e-03
96 -3.498880452591700e-03 1.951732445096756e-03
97 -3.642004778192930e-03 1.917658685550903e-03
98 -3.780777209286734e-03 1.880543401728122e-03
99 -3.914990308398432e-03 1.840337115106540e-03
100 -4.044436638053339e-03 1.796990347164287e-03
101 -4.168908760776768e-03 1.750453619379494e-03
102 -4.288199239094038e-03 1.700677453230288e-03
103 -4.402100635530466e-03 1.647612370194798e-03
104 -4.510405512611365e-03 1.591208891751155e-03
105 -4.612906432862054e-03 1.531417539377488e-03
106 -4.709395958807847e-03 1.468188834551925e-03
107 -4.799666652974060e-03 1.401473298752597e-03
108 -4.883511077886012e-03 1.331221453457631e-03
109 -4.960721796069015e-03 1.257383820145158e-03
110 -5.031091370048387e-03 1.179910920293306e-03
111 -5.084435796794550e-03 1.108010436722405e-03
112 -5.125217474177829e-03 1.034078115866711e-03
113 -5.153791792499765e-03 9.582310124480984e-04
114 -5.170514142061897e-03 8.805861811884415e-04
115 -5.175739913165765e-03 8.012606768096161e-04
116 -5.169824496112910e-03 7.203715540334972e-04
117 -5.153123281204869e-03 6.380358675819602e-04
118 -5.125991658743186e-03 5.543706721768794e-04
119 -5.088785019029396e-03 4.694930225401304e-04
120 -5.041858752365047e-03 3.835199733935887e-04
121 -4.985568249051673e-03 2.965685794591291e-04
122 -4.920268899390812e-03 2.087558954586262e-04
123 -4.846316093684007e-03 1.201989761139554e-04
124 -4.764065222232799e-03 3.101487614699204e-05
125 -4.673871675338728e-03 -5.867934972038889e-05
126 -4.576090843303330e-03 -1.487666467663128e-04
127 -4.471078116428147e-03 -2.391299602689039e-04
128 -4.359188885014722e-03 -3.296522355062874e-04
129 -4.240778539364594e-03 -4.202164177565883e-04
130 -4.116202469779296e-03 -5.107054522979313e-04
131 -3.985816066560374e-03 -6.010022844084415e-04
132 -3.849974720009371e-03 -6.909898593662437e-04
133 -3.709033820427822e-03 -7.805511224494629e-04
134 -3.563348758117265e-03 -8.695690189362237e-04
135 -3.413274923379245e-03 -9.579264941046517e-04
136 -3.259167706515300e-03 -1.045506493232871e-03
137 -3.101382497826971e-03 -1.132191961599007e-03
138 -2.940274687615794e-03 -1.217865844481185e-03
139 -2.776199666183313e-03 -1.302411087157529e-03
140 -2.609512823831067e-03 -1.385710634906164e-03
141 -2.440569550860596e-03 -1.467647433005216e-03
142 -2.269725237573438e-03 -1.548104426732808e-03
143 -2.097335274271135e-03 -1.626964561367067e-03
144 -1.923755051255226e-03 -1.704110782186116e-03
145 -1.749339958827253e-03 -1.779426034468082e-03
146 -1.574445387288752e-03 -1.852793263491088e-03
147 -1.399426726941266e-03 -1.924095414533261e-03
148 -1.224639368086335e-03 -1.993215432872723e-03
149 -1.050438701025497e-03 -2.060036263787601e-03
150 -8.771801160602925e-04 -2.124440852556020e-03
151 -7.052190034922626e-04 -2.186312144456103e-03
152 -5.349107536229467e-04 -2.245533084765977e-03
153 -3.666107567538847e-04 -2.301986618763767e-03
154 -2.006744031866155e-04 -2.355555691727595e-03
155 -3.745708322267971e-05 -2.406123248935590e-03
156 1.226858128363812e-04 -2.453572235665873e-03
157 2.793988946890289e-04 -2.497785597196572e-03
158 4.323267720337241e-04 -2.538646278805811e-03
159 5.811140545689260e-04 -2.576037225771714e-03
160 7.254053519930938e-04 -2.609841383372406e-03
161 8.648452740046883e-04 -2.639941696886014e-03
162 9.990784303021704e-04 -2.666221111590660e-03
163 1.127749430584000e-03 -2.688562572764471e-03
164 1.250502884548635e-03 -2.706849025685570e-03
165 1.366983401894537e-03 -2.720963415632084e-03
166 1.476835592320168e-03 -2.730788687882137e-03

Lines

1 1 2
2 2 3
3 3 4
4 4 5
5 5 6
6 6 7
7 7 8
8 8 9
9 9 10
10 10 11
11 11 12
12 12 13
13 13 14
14 14 15
15 15 16
16 16 17
17 17 18
18 18 19
19 19 20
20 20 21
21 21 22
22 22 23
23 23 24
24 24 25
25 25 26
26 26 27
27 27 28
28 28 29
29 29 30
30 30 31
31 31 32
32 32 33
33 33 34
34 34 35
35 35 36
36 36 37
37 37 38
38 38 39
39 39 40
40 40 41
41 41 42
42 42 43
43 43 44
44 44 45
45 45 46
46 46 47
47 47 48
48 48 49
49 49 50
50 50 51
51 51 52
52 52 53
53 53 54
54 54 55
55 55 56
56 56 57
57 57 58
58 58 59
59 59 60
60 60 61
61 61 62
62 62 63
63 63 64
64 64 65
65 65 66
66 66 67
67 67 68
68 68 69
69 69 70
70 70 71
71 71 72
72 72 73
73 73 74
74 74 75
75 75 76
76 76 77
77 77 78
78 78 79
79 79 80
80 80 81
81 81 82
82 82 83
83 83 84
84 84 85
85 85 86
86 86 87
87 87 88
88 88 89
89 89 90
90 90 91
91 91 92
92 92 93
93 93 94
94 94 95
95 95 96
96 96 97
97 97 98
98 98 99
99 99 100
100 100 101
101 101 102
102 102 103
103 103 104
104 104 105
105 105 106
106 106 107
107 107 108
108 108 109
109 109 110
110 110 111
111 111 112
112 112 113
113 113 114
114 114 115
115 115 116
116 116 117
117 117 118
118 118 119
119 119 120
120 120 121
121 121 122
122 122 123
123 123 124
124 124 125
125 125 126
126 126 127
127 127 128
128 128 129
129 129 130
130 130 131
131 131 132
132 132 133
133 133 134
134 134 135
135 135 136
136 136 137
137 137 138
138 138 139
139 139 140
140 140 141
141 141 142
142 142 143
143 143 144
144 144 145
145 145 146
146 146 147
147 147 148
148 148 149
149 149 150
150 150 151
151 151 152
152 152 153
153 153 154
154 154 155
155 155 156
156 156 157
157 157 158
158 158 159
159 159 160
160 160 161
161 161 162
162 162 163
163 163 164
164 164 165
165 165 166
166 166 1
