shape_60

156 points
156 lines

Points

1 -4.924311504016978e-03 -1.550608619190816e-03
2 -4.934540123762315e-03 -1.657054112505642e-03
3 -4.932324312445836e-03 -1.755908398655301e-03
4 -4.918044305450438e-03 -1.847348926677212e-03
5 -4.892080338159027e-03 -1.931553145608796e-03
6 -4.854812645954503e-03 -2.008698504487471e-03
7 -4.806621464219771e-03 -2.078962452350656e-03
8 -4.747887028337732e-03 -2.142522438235770e-03
9 -4.678989573691287e-03 -2.199555911180232e-03
10 -4.600309335663342e-03 -2.250240320221464e-03
11 -4.512226549636795e-03 -2.294753114396881e-03
12 -4.415121450994552e-03 -2.333271742743904e-03
13 -4.309374275119516e-03 -2.365973654299954e-03
14 -4.195365257394584e-03 -2.393036298102447e-03
15 -4.073474633202663e-03 -2.414637123188803e-03
16 -3.944082637926657e-03 -2.430953578596443e-03
17 -3.807569506949461e-03 -2.442163113362784e-03
18 -3.664315475653985e-03 -2.448443176525246e-03
19 -3.514700779423128e-03 -2.449971217121250e-03
20 -3.359105653639793e-03 -2.446924684188211e-03
21 -3.197910333686882e-03 -2.439481026763552e-03
22 -3.031495054947300e-03 -2.427817693884690e-03
23 -2.860240052803942e-03 -2.412112134589045e-03
24 -2.684525562639719e-03 -2.392541797914036e-03
25 -2.504731819837530e-03 -2.369284132897083e-03
26 -2.321239059780276e-03 -2.342516588575604e-03
27 -2.134427517850859e-03 -2.312416613987017e-03
28 -1.944677429432187e-03 -2.279161658168745e-03
29 -1.752369029907156e-03 -2.242929170158204e-03
30 -1.557882554658671e-03 -2.203896598992814e-03
31 -1.361598239069634e-03 -2.162241393709994e-03
32 -1.163896318522949e-03 -2.118141003347163e-03
33 -9.651570284015164e-04 -2.071772876941741e-03
34 -7.657606040882376e-04 -2.023314463531147e-03
35 -5.660872809660193e-04 -1.972943212152799e-03
36 -3.665172944177596e-04 -1.920836571844118e-03
37 -1.674308798263629e-04 -1.867171991642522e-03
38 3.079172742526812e-05 -1.812126920585430e-03
39 2.277702919542330e-04 -1.755878807710262e-03
40 4.231245783776280e-04 -1.698605102054435e-03
41 6.164743513125504e-04 -1.640483252655372e-03
42 8.074393753760974e-04 -1.581690708550489e-03
43 9.956394151853685e-04 -1.522404918777207e-03
44 1.180694235357460e-03 -1.462803332372943e-03
45 1.362223600509469e-03 -1.403063398375119e-03
46 1.539847275258494e-03 -1.343362565821152e-03
47 1.713185024221633e-03 -1.283878283748461e-03
48 1.881856612015982e-03 -1.224788001194468e-03
49 2.045481803258641e-03 -1.166269167196589e-03
50 2.203680362566706e-03 -1.108499230792244e-03
51 2.356072054557273e-03 -1.051655641018853e-03
52 2.502276643847444e-03 -9.959158469138342e-04
53 2.641913895054313e-03 -9.414572975146076e-04
54 2.774603572794978e-03 -8.884574418585922e-04
55 2.899965441686538e-03 -8.370937289832066e-04
56 3.017619266346090e-03 -7.875436079258706e-04
57 3.127184811390730e-03 -7.399845277240029e-04
58 3.228281841437558e-03 -6.945939374150229e-04
59 3.320530121103671e-03 -6.515492860363498e-04
60 3.376680904679315e-03 -6.185711187860326e-04
61 3.432484138476657e-03 -5.737877611664503e-04
62 3.487756123368177e-03 -5.179497044209679e-04
63 3.542313160226355e-03 -4.518074397929506e-04
64 3.595971549923679e-03 -3.761114585257631e-04
65 3.648547593332624e-03 -2.916122518627703e-04
66 3.699857591325676e-03 -1.990603110473370e-04
67 3.749717844775316e-03 -9.920612732282840e-05
68 3.797944654554027e-03 7.199808067390814e-06
69 3.844354321534290e-03 1.194070038799556e-04
70 3.888763146588588e-03 2.366649688715009e-04
71 3.930987430589403e-03 3.582232117986621e-04
72 3.970843474409214e-03 4.833312414180741e-04
73 4.008147578920509e-03 6.112385664863715e-04
74 4.042716044995766e-03 7.411946957601903e-04
75 4.074365173507466e-03 8.724491379961652e-04
76 4.102911265328094e-03 1.004251401950931e-03
77 4.128170621330131e-03 1.135850996381123e-03
78 4.149959542386059e-03 1.266497430043376e-03
79 4.168094329368360e-03 1.395440211694326e-03
80 4.182391283149515e-03 1.521928850090606e-03
81 4.192666704602009e-03 1.645212853988854e-03
82 4.198736894598321e-03 1.764541732145703e-03
83 4.200418154010934e-03 1.879164993317789e-03
84 4.197526783712331e-03 1.988332146261746e-03
85 4.189879084574994e-03 2.091292699734210e-03
86 4.177291357471404e-03 2.187296162491816e-03
87 4.159579903274044e-03 2.275592043291199e-03
88 4.136561022855394e-03 2.355429850888993e-03
89 4.108051017087939e-03 2.426059094041835e-03
90 4.073866186844159e-03 2.486729281506359e-03
91 4.033822832996538e-03 2.536689922039201e-03
92 3.987737256417556e-03 2.575190524396994e-03
93 3.935425757979697e-03 2.601480597336375e-03
94 3.876704638555440e-03 2.614809649613979e-03
95 3.811390199017269e-03 2.614427189986440e-03
96 3.691827833736703e-03 2.600788708926872e-03
97 3.566981427129638e-03 2.585357036129425e-03
98 3.437080204132424e-03 2.568134061482858e-03
99 3.302353389681412e-03 2.549121674875927e-03
100 3.163030208712951e-03 2.528321766197393e-03
101 3.019339886163392e-03 2.505736225336013e-03
102 2.871511646969087e-03 2.481366942180548e-03
103 2.719774716066385e-03 2.455215806619753e-03
104 2.564358318391636e-03 2.427284708542388e-03
105 2.405491678881191e-03 2.397575537837212e-03
106 2.243404022471399e-03 2.366090184392982e-03
107 2.078324574098614e-03 2.332830538098458e-03
108 1.910482558699182e-03 2.297798488842398e-03
109 1.740107201209456e-03 2.260995926513561e-03
110 1.567427726565785e-03 2.222424741000704e-03
111 1.392673359704521e-03 2.182086822192588e-03
112 1.216073325562012e-03 2.139984059977968e-03
113 1.037856849074611e-03 2.096118344245605e-03
114 8.582531551786662e-04 2.050491564884257e-03
115 6.774914688105290e-04 2.003105611782683e-03
116 4.958010149065496e-04 1.953962374829640e-03
117 3.134110184030773e-04 1.903063743913886e-03
118 1.305507042364649e-04 1.850411608924182e-03
119 -5.255070265693894e-05 1.796007859749286e-03
120 -2.356639773407836e-04 1.739854386277955e-03
121 -4.185598948787191e-04 1.681953078398948e-03
122 -6.010092303343941e-04 1.622305826001024e-03
123 -7.827827587714596e-04 1.560914518972941e-03
124 -9.636512552535638e-04 1.497781047203458e-03
125 -1.143385494844357e-03 1.432907300581333e-03
126 -1.321756252607489e-03 1.366295168995324e-03
127 -1.498534303606610e-03 1.297946542334191e-03
128 -1.673490422905368e-03 1.227863310486692e-03
129 -1.846395385567413e-03 1.156047363341584e-03
130 -2.017019966656397e-03 1.082500590787627e-03
131 -2.185134941235966e-03 1.007224882713579e-03
132 -2.350511084369773e-03 9.302221290081980e-04
133 -2.512919171121465e-03 8.514942195602435e-04
134 -2.672129976554693e-03 7.710430442584733e-04
135 -2.827914275733106e-03 6.888704929916464e-04
136 -2.980042843720354e-03 6.049784556485206e-04
137 -3.128286455580088e-03 5.193688221178549e-04
138 -3.272415886375955e-03 4.320434822884077e-04
139 -3.412201911171608e-03 3.430043260489367e-04
140 -3.547415305030693e-03 2.522532432882015e-04
141 -3.677826843016862e-03 1.597921238949601e-04
142 -3.803207300193762e-03 6.562285775797140e-05
143 -3.923327451625045e-03 -3.025266523400674e-05
144 -4.037958072374361e-03 -1.278325551922156e-04
145 -4.146869937505359e-03 -2.271149222278966e-04
146 -4.249833822081687e-03 -3.280978764522915e-04
147 -4.346620501166998e-03 -4.307795279766413e-04
148 -4.437000749824939e-03 -5.351579869121888e-04
149 -4.520745343119159e-03 -6.412313633701740e-04
150 -4.597625056113311e-03 -7.489977674618389e-04
151 -4.667410663871041e-03 -8.584553092984251e-04
152 -4.729872941456001e-03 -9.696020989911743e-04
153 -4.784782663931841e-03 -1.082436246651328e-03
154 -4.831910606362207e-03 -1.196955862390127e-03
155 -4.871027543810754e-03 -1.313159056318815e-03
156 -4.901904251341126e-03 -1.431043938548630e-03

Lines

1 1 2
2 2 3
3 3 4
4 4 5
5 5 6
6 6 7
7 7 8
8 8 9
9 9 10
10 10 11
11 11 12
12 12 13
13 13 14
14 14 15
15 15 16
16 16 17
17 17 18
18 18 19
19 19 20
20 20 21
21 21 22
22 22 23
23 23 24
24 24 25
25 25 26
26 26 27
27 27 28
28 28 29
29 29 30
30 30 31
31 31 32
32 32 33
33 33 34
34 34 35
35 35 36
36 36 37
37 37 38
38 38 39
39 39 40
40 40 41
41 41 42
42 42 43
43 43 44
44 44 45
45 45 46
46 46 47
47 47 48
48 48 49
49 49 50
50 50 51
51 51 52
52 52 53
53 53 54
54 54 55
55 55 56
56 56 57
57 57 58
58 58 59
59 59 60
60 60 61
61 61 62
62 62 63
63 63 64
64 64 65
65 65 66
66 66 67
67 67 68
68 68 69
69 69 70
70 70 71
71 71 72
72 72 73
73 73 74
74 74 75
75 75 76
76 76 77
77 77 78
78 78 79
79 79 80
80 80 81
81 81 82
82 82 83
83 83 84
84 84 85
85 85 86
86 86 87
87 87 88
88 88 89
89 89 90
90 90 91
91 91 92
92 92 93
93 93 94
94 94 95
95 95 96
96 96 97
97 97 98
98 98 99
99 99 100
100 100 101
101 101 102
102 102 103
103 103 104
104 104 105
105 105 106
106 106 107
107 107 108
108 108 109
109 109 110
110 110 111
111 111 112
112 112 113
113 113 114
114 114 115
115 115 116
116 116 117
117 117 118
118 118 119
119 119 120
120 120 121
121 121 122
122 122 123
123 123 124
124 124 125
125 125 126
126 126 127
127 127 128
128 128 129
129 129 130
130 130 131
131 131 132
132 132 133
133 133 134
134 134 135
135 135 136
136 136 137
137 137 138
138 138 139
139 139 140
140 140 141
141 141 142
142 142 143
143 143 144
144 144 145
145 145 146
146 146 147
147 147 148
148 148 149
149 149 150
150 150 151
151 151 152
152 152 153
153 153 154
154 154 155
155 155 156
156 156 1
