shape_94

179 points
179 lines

Points

1 4.162046169951604e-03 -2.300858993167530e-03
2 4.226407191323454e-03 -2.308984225487216e-03
3 4.280320652567848e-03 -2.309922654216869e-03
4 4.324120219501679e-03 -2.303946639954122e-03
5 4.358139557941833e-03 -2.291328543296606e-03
6 4.382712333705204e-03 -2.272340724841953e-03
7 4.398172212608679e-03 -2.247255545187795e-03
8 4.404852860469152e-03 -2.216345364931765e-03
9 4.403087943103513e-03 -2.179882544671493e-03
10 4.393211126328648e-03 -2.138139445004612e-03
11 4.375556075961452e-03 -2.091388426528754e-03
12 4.350456457818815e-03 -2.039901849841551e-03
13 4.318245937717625e-03 -1.983952075540634e-03
14 4.279258181474775e-03 -1.923811464223637e-03
15 4.233826854907154e-03 -1.859752376488190e-03
16 4.182285623831654e-03 -1.792047172931927e-03
17 4.124968154065161e-03 -1.720968214152477e-03
18 4.062208111424570e-03 -1.646787860747473e-03
19 3.994339161726768e-03 -1.569778473314548e-03
20 3.921694970788649e-03 -1.490212412451333e-03
21 3.844609204427100e-03 -1.408362038755461e-03
22 3.763415528459014e-03 -1.324499712824563e-03
23 3.678447608701282e-03 -1.238897795256272e-03
24 3.590039110970791e-03 -1.151828646648218e-03
25 3.498523701084433e-03 -1.063564627598034e-03
26 3.404235044859099e-03 -9.743780987033524e-04
27 3.307506808111679e-03 -8.845414205618052e-04
28 3.208672656659063e-03 -7.943269537710235e-04
29 3.108066256318142e-03 -7.040070589286393e-04
30 3.006021272905806e-03 -6.138540966322853e-04
31 2.902871372238946e-03 -5.241404274795933e-04
32 2.798950220134450e-03 -4.351384120681944e-04
33 2.694591482409212e-03 -3.471204109957213e-04
34 2.590128824880121e-03 -2.603587848598055e-04
35 2.485895913364066e-03 -1.751258942580795e-04
36 2.382226413677940e-03 -9.169409978817526e-05
37 2.279453991638631e-03 -1.033576204772396e-05
38 2.177912313063031e-03 6.867675836564195e-05
39 2.077935043768029e-03 1.450711008542907e-04
40 1.979855849570516e-03 2.185749048205899e-04
41 1.884008396287383e-03 2.889158096669083e-04
42 1.790726349735520e-03 3.558214547956136e-04
43 1.700343375731817e-03 4.190194796090738e-04
44 1.613193140093164e-03 4.782375235096571e-04
45 1.529609308636454e-03 5.332032258997311e-04
46 1.449925547178574e-03 5.836442261816647e-04
47 1.374475521536416e-03 6.292881637578255e-04
48 1.303592897526871e-03 6.698626780305814e-04
49 1.237611340966827e-03 7.050954084023005e-04
50 1.176864517673178e-03 7.347139942753512e-04
51 1.105235611099287e-03 7.667432416560862e-04
52 1.026146961854877e-03 8.003202378257925e-04
53 9.399500361759029e-04 8.353312008198487e-04
54 8.469963002983207e-04 8.716623486736346e-04
55 7.476372204580859e-04 9.091998994225300e-04
56 6.422242628911551e-04 9.478300711019144e-04
57 5.311088938334837e-04 9.874390817471673e-04
58 4.146425795210273e-04 1.027913149393667e-03
59 2.931767861897421e-04 1.069138492076795e-03
60 1.670629800755841e-04 1.111001327831930e-03
61 3.665262741450873e-05 1.153387874694451e-03
62 -9.770280555752800e-05 1.196184350699738e-03
63 -2.356518526045702e-04 1.239276973883170e-03
64 -3.768430474906625e-04 1.282551962280128e-03
65 -5.209249239798479e-04 1.325895533925990e-03
66 -6.675460158361718e-04 1.369193906856135e-03
67 -8.163548568236775e-04 1.412333299105944e-03
68 -9.669999807064099e-04 1.455199928710796e-03
69 -1.119129921248413e-03 1.497680013706070e-03
70 -1.272393212213730e-03 1.539659772127146e-03
71 -1.426438387366406e-03 1.581025422009403e-03
72 -1.580913980470486e-03 1.621663181388222e-03
73 -1.735468525290011e-03 1.661459268298981e-03
74 -1.889750555589029e-03 1.700299900777059e-03
75 -2.043408605131582e-03 1.738071296857838e-03
76 -2.196091207681714e-03 1.774659674576695e-03
77 -2.347446897003471e-03 1.809951251969011e-03
78 -2.497124206860895e-03 1.843832247070165e-03
79 -2.644771671018032e-03 1.876188877915536e-03
80 -2.790037823238924e-03 1.906907362540503e-03
81 -2.932571197287616e-03 1.935873918980448e-03
82 -3.072020326928154e-03 1.962974765270749e-03
83 -3.208033745924580e-03 1.988096119446784e-03
84 -3.340259988040939e-03 2.011124199543935e-03
85 -3.468347587041275e-03 2.031945223597581e-03
86 -3.591945076689632e-03 2.050445409643100e-03
87 -3.710700990750056e-03 2.066510975715873e-03
88 -3.824263862986587e-03 2.080028139851279e-03
89 -3.932282227163272e-03 2.090883120084697e-03
90 -4.034404617044155e-03 2.098962134451508e-03
91 -4.130279566393282e-03 2.104151400987090e-03
92 -4.219555608974693e-03 2.106337137726823e-03
93 -4.301881278552435e-03 2.105405562706086e-03
94 -4.376905108890551e-03 2.101242893960260e-03
95 -4.444275633753087e-03 2.093735349524723e-03
96 -4.503641386904083e-03 2.082769147434855e-03
97 -4.554650902107590e-03 2.068230505726036e-03
98 -4.596952713127645e-03 2.050005642433645e-03
99 -4.630195353728297e-03 2.027980775593061e-03
100 -4.654027357673587e-03 2.002042123239664e-03
101 -4.668097258727561e-03 1.972075903408834e-03
102 -4.672053590654263e-03 1.937968334135950e-03
103 -4.665544887217737e-03 1.899605633456391e-03
104 -4.648219682182026e-03 1.856874019405538e-03
105 -4.619726509311177e-03 1.809659710018769e-03
106 -4.579713902369231e-03 1.757848923331464e-03
107 -4.527830395120234e-03 1.701327877379003e-03
108 -4.451637699984150e-03 1.625342029243000e-03
109 -4.372705301038327e-03 1.549523717784397e-03
110 -4.291098670850003e-03 1.473890701277925e-03
111 -4.206883281986411e-03 1.398460737998314e-03
112 -4.120124607014789e-03 1.323251586220296e-03
113 -4.030888118502377e-03 1.248281004218603e-03
114 -3.939239289016410e-03 1.173566750267965e-03
115 -3.845243591124123e-03 1.099126582643113e-03
116 -3.748966497392751e-03 1.024978259618778e-03
117 -3.650473480389538e-03 9.511395394696921e-04
118 -3.549830012681716e-03 8.776281804705856e-04
119 -3.447101566836520e-03 8.044619408961895e-04
120 -3.342353615421189e-03 7.316585790212353e-04
121 -3.235651631002961e-03 6.592358531204543e-04
122 -3.127061086149072e-03 5.872115214685773e-04
123 -3.016647453426757e-03 5.156033423403350e-04
124 -2.904476205403253e-03 4.444290740104588e-04
125 -2.790612814645800e-03 3.737064747536803e-04
126 -2.675122753721631e-03 3.034533028447299e-04
127 -2.558071495197985e-03 2.336873165583389e-04
128 -2.439524511642097e-03 1.644262741692383e-04
129 -2.319547275621206e-03 9.568793395215964e-05
130 -2.198205259702548e-03 2.749005418183369e-05
131 -2.075563936453357e-03 -4.014960686700875e-05
132 -1.951688778440873e-03 -1.072132909196361e-04
133 -1.826645258232332e-03 -1.736832397013174e-04
134 -1.700498848394972e-03 -2.395416949373215e-04
135 -1.573315021496026e-03 -3.047708983529176e-04
136 -1.445159250102733e-03 -3.693530916733743e-04
137 -1.316097006782332e-03 -4.332705166239603e-04
138 -1.186193764102057e-03 -4.965054149299453e-04
139 -1.055514994629144e-03 -5.590400283165976e-04
140 -9.241261709308316e-04 -6.208565985091861e-04
141 -7.920927655743565e-04 -6.819373672329798e-04
142 -6.594802511269554e-04 -7.422645762132475e-04
143 -5.263541001558635e-04 -8.018204671752586e-04
144 -3.927797852283187e-04 -8.605872818442816e-04
145 -2.588227789115593e-04 -9.185472619455850e-04
146 -1.245485537728201e-04 -9.756826492044381e-04
147 9.977417620662715e-06 -1.031975685346110e-03
148 1.446896627016513e-04 -1.087408612095871e-03
149 2.795227089029086e-04 -1.141963671178986e-03
150 4.144110836571971e-04 -1.195623104320727e-03
151 5.492893143972831e-04 -1.248369153246363e-03
152 6.840919285559276e-04 -1.300184059681163e-03
153 8.187534535658927e-04 -1.351050065350393e-03
154 9.532084168599439e-04 -1.400949411979325e-03
155 1.087391345870844e-03 -1.449864341293227e-03
156 1.221236768031356e-03 -1.497777095017368e-03
157 1.354679210774243e-03 -1.544669914877016e-03
158 1.487653201532267e-03 -1.590525042597441e-03
159 1.620093267738194e-03 -1.635324719903911e-03
160 1.751933936824786e-03 -1.679051188521696e-03
161 1.883109736224804e-03 -1.721686690176064e-03
162 2.013555193371014e-03 -1.763213466592284e-03
163 2.143204835696180e-03 -1.803613759495626e-03
164 2.271993190633063e-03 -1.842869810611358e-03
165 2.399854785614427e-03 -1.880963861664748e-03
166 2.526724148073033e-03 -1.917878154381066e-03
167 2.652535805441650e-03 -1.953594930485581e-03
168 2.777224285153036e-03 -1.988096431703562e-03
169 2.900724114639956e-03 -2.021364899760277e-03
170 3.022969821335172e-03 -2.053382576380995e-03
171 3.143895932671451e-03 -2.084131703290986e-03
172 3.263436976081553e-03 -2.113594522215519e-03
173 3.381527478998240e-03 -2.141753274879861e-03
174 3.498101968854278e-03 -2.168590203009282e-03
175 3.613094973082430e-03 -2.194087548329052e-03
176 3.726441019115459e-03 -2.218227552564438e-03
177 3.838074634386126e-03 -2.240992457440710e-03
178 3.947930346327197e-03 -2.262364504683137e-03
179 4.055942682371436e-03 -2.282325936016987e-03

Lines

1 1 2
2 2 3
3 3 4
4 4 5
5 5 6
6 6 7
7 7 8
8 8 9
9 9 10
10 10 11
11 11 12
12 12 13
13 13 14
14 14 15
15 15 16
16 16 17
17 17 18
18 18 19
19 19 20
20 20 21
21 21 22
22 22 23
23 23 24
24 24 25
25 25 26
26 26 27
27 27 28
28 28 29
29 29 30
30 30 31
31 31 32
32 32 33
33 33 34
34 34 35
35 35 36
36 36 37
37 37 38
38 38 39
39 39 40
40 40 41
41 41 42
42 42 43
43 43 44
44 44 45
45 45 46
46 46 47
47 47 48
48 48 49
49 49 50
50 50 51
51 51 52
52 52 53
53 53 54
54 54 55
55 55 56
56 56 57
57 57 58
58 58 59
59 59 60
60 60 61
61 61 62
62 62 63
63 63 64
64 64 65
65 65 66
66 66 67
67 67 68
68 68 69
69 69 70
70 70 71
71 71 72
72 72 73
73 73 74
74 74 75
75 75 76
76 76 77
77 77 78
78 78 79
79 79 80
80 80 81
81 81 82
82 82 83
83 83 84
84 84 85
85 85 86
86 86 87
87 87 88
88 88 89
89 89 90
90 90 91
91 91 92
92 92 93
93 93 94
94 94 95
95 95 96
96 96 97
97 97 98
98 98 99
99 99 100
100 100 101
101 101 102
102 102 103
103 103 104
104 104 105
105 105 106
106 106 107
107 107 108
108 108 109
109 109 110
110 110 111
111 111 112
112 112 113
113 113 114
114 114 115
115 115 116
116 116 117
117 117 118
118 118 119
119 119 120
120 120 121
121 121 122
122 122 123
123 123 124
124 124 125
125 125 126
126 126 127
127 127 128
128 128 129
129 129 130
130 130 131
131 131 132
132 132 133
133 133 134
134 134 135
135 135 136
136 136 137
137 137 138
138 138 139
139 139 140
140 140 141
141 141 142
142 142 143
143 143 144
144 144 145
145 145 146
146 146 147
147 147 148
148 148 149
149 149 150
150 150 151
151 151 152
152 152 153
153 153 154
154 154 155
155 155 156
156 156 157
157 157 158
158 158 159
159 159 160
160 160 161
161 161 162
162 162 163
163 163 164
164 164 165
165 165 166
166 166 167
167 167 168
168 168 169
169 169 170
170 170 171
171 171 172
172 172 173
173 173 174
174 174 175
175 175 176
176 176 177
177 177 178
178 178 179
179 179 1
