shape_6

163 points
163 lines

Points

1 -2.966298945377857e-03 -3.813307342010233e-03
2 -2.894005372155650e-03 -3.746710759998248e-03
3 -2.819752579150632e-03 -3.676998107257425e-03
4 -2.743605408294144e-03 -3.604252862454086e-03
5 -2.665628701517524e-03 -3.528558504254548e-03
6 -2.585887300752111e-03 -3.449998511325131e-03
7 -2.504446047929244e-03 -3.368656362332153e-03
8 -2.421369784980264e-03 -3.284615535941934e-03
9 -2.336723353836509e-03 -3.197959510820792e-03
10 -2.250571596429319e-03 -3.108771765635048e-03
11 -2.162979354690031e-03 -3.017135779051016e-03
12 -2.074011470549987e-03 -2.923135029735022e-03
13 -1.983732785940524e-03 -2.826852996353379e-03
14 -1.892208142792983e-03 -2.728373157572409e-03
15 -1.799502383038702e-03 -2.627778992058429e-03
16 -1.705680348609021e-03 -2.525153978477759e-03
17 -1.610806881435278e-03 -2.420581595496718e-03
18 -1.514946823448814e-03 -2.314145321781626e-03
19 -1.418165016580968e-03 -2.205928635998801e-03
20 -1.320526302763077e-03 -2.096015016814560e-03
21 -1.222095523926482e-03 -1.984487942895223e-03
22 -1.122937522002523e-03 -1.871430892907111e-03
23 -1.023117138922538e-03 -1.756927345516542e-03
24 -9.226992166178652e-04 -1.641060779389832e-03
25 -8.217485970198461e-04 -1.523914673193304e-03
26 -7.203301220598180e-04 -1.405572505593275e-03
27 -6.185086336691217e-04 -1.286117755256065e-03
28 -5.163489737790959e-04 -1.165633900847991e-03
29 -4.139159843210786e-04 -1.044204421035373e-03
30 -3.112745072264104e-04 -9.219127944845294e-04
31 -2.084893844264307e-04 -7.988424998617806e-04
32 -1.056254578524779e-04 -6.750770158334446e-04
33 -2.747569435891143e-06 -5.506998210658396e-04
34 1.000794388919901e-04 -4.257943942252855e-04
35 2.027907251998261e-04 -3.004442139781012e-04
36 3.053214475562777e-04 -1.747327589906057e-04
37 4.076067640300069e-04 -4.874350792911690e-05
38 5.095818326896730e-04 7.744006054004505e-05
39 6.111818116039378e-04 2.037344677505622e-04
40 7.123418588414614e-04 3.300562350361145e-04
41 8.129971324709052e-04 4.563218837303846e-04
42 9.130827905609293e-04 5.824479351670518e-04
43 1.012533991180195e-03 7.083509106797983e-04
44 1.111285892397363e-03 8.339473316023047e-04
45 1.209273652281094e-03 9.591537192682529e-04
46 1.306432428900048e-03 1.083886595011323e-03
47 1.402697380322887e-03 1.208062480165196e-03
48 1.498003664618271e-03 1.331597896063553e-03
49 1.592286439854862e-03 1.454409364040076e-03
50 1.685480864101319e-03 1.576413405428446e-03
51 1.777522095426304e-03 1.697526541562343e-03
52 1.868345291898478e-03 1.817665293775449e-03
53 1.957885611586500e-03 1.936746183401444e-03
54 2.046078212559033e-03 2.054685731774011e-03
55 2.132858252884736e-03 2.171400460226829e-03
56 2.218160890632271e-03 2.286806890093581e-03
57 2.301921283870299e-03 2.400821542707945e-03
58 2.384074590667479e-03 2.513360939403606e-03
59 2.464555969092473e-03 2.624341601514242e-03
60 2.543300577213943e-03 2.733680050373536e-03
61 2.620243573100546e-03 2.841292807315167e-03
62 2.695320114820948e-03 2.947096393672819e-03
63 2.768465360443805e-03 3.051007330780171e-03
64 2.839614468037781e-03 3.152942139970904e-03
65 2.908702595671535e-03 3.252817342578700e-03
66 2.975664901413728e-03 3.350549459937239e-03
67 3.040436543333021e-03 3.446055013380204e-03
68 3.102952679498076e-03 3.539250524241274e-03
69 3.163148467977552e-03 3.630052513854131e-03
70 3.197058672640592e-03 3.684042068579040e-03
71 3.220459444683367e-03 3.726969034383546e-03
72 3.233756986610507e-03 3.759232841350436e-03
73 3.237357500926645e-03 3.781232919562502e-03
74 3.231667190136413e-03 3.793368699102539e-03
75 3.217092256744442e-03 3.796039610053334e-03
76 3.194038903255363e-03 3.789645082497677e-03
77 3.162913332173807e-03 3.774584546518361e-03
78 3.124121746004409e-03 3.751257432198179e-03
79 3.078070347251796e-03 3.720063169619918e-03
80 3.025165338420602e-03 3.681401188866372e-03
81 2.965812922015457e-03 3.635670920020329e-03
82 2.900419300540994e-03 3.583271793164582e-03
83 2.829390676501843e-03 3.524603238381922e-03
84 2.753133252402637e-03 3.460064685755138e-03
85 2.672053230748005e-03 3.390055565367021e-03
86 2.586556814042582e-03 3.314975307300367e-03
87 2.497050204790996e-03 3.235223341637960e-03
88 2.403939605497881e-03 3.151199098462594e-03
89 2.307631218667869e-03 3.063302007857063e-03
90 2.208531246805590e-03 2.971931499904153e-03
91 2.107045892415674e-03 2.877487004686657e-03
92 2.003581358002755e-03 2.780367952287366e-03
93 1.898543846071463e-03 2.680973772789071e-03
94 1.792339559126431e-03 2.579703896274561e-03
95 1.685374699672289e-03 2.476957752826630e-03
96 1.578055470213670e-03 2.373134772528067e-03
97 1.470788073255204e-03 2.268634385461665e-03
98 1.363978711301522e-03 2.163856021710212e-03
99 1.258033586857257e-03 2.059199111356500e-03
100 1.153358902427041e-03 1.955063084483321e-03
101 1.050360860515503e-03 1.851847371173465e-03
102 9.494456636272777e-04 1.749951401509724e-03
103 8.510195142669942e-04 1.649774605574887e-03
104 7.554886149392840e-04 1.551716413451746e-03
105 6.632591681487796e-04 1.456176255223093e-03
106 5.747373764001125e-04 1.363553560971717e-03
107 4.903294421979136e-04 1.274247760780410e-03
108 4.104415680468146e-04 1.188658284731963e-03
109 3.354799564514467e-04 1.107184562909167e-03
110 2.658508099164419e-04 1.030226025394812e-03
111 2.019603309464316e-04 9.581821022716902e-04
112 1.442147220460470e-04 8.914522236225916e-04
113 9.302018571991974e-05 8.304358195303076e-04
114 3.545130316984641e-05 7.597881125744951e-04
115 -2.672128642993725e-05 6.821037077770301e-04
116 -9.322164452637786e-05 5.977634492983593e-04
117 -1.637738325664220e-04 5.071481812989301e-04
118 -2.381019119970162e-04 4.106387479391896e-04
119 -3.159299442651072e-04 3.086159933795852e-04
120 -3.969819908176420e-04 2.014607617805642e-04
121 -4.809821131015663e-04 8.955389730257346e-05
122 -5.676543725638275e-04 -2.672375589393947e-05
123 -6.567228306513721e-04 -1.469913536485277e-04
124 -7.479115488111464e-04 -2.708680518007437e-04
125 -8.409445884900972e-04 -3.979730061901403e-04
126 -9.355460111351712e-04 -5.279253726562704e-04
127 -1.031439878193315e-03 -6.603443070386871e-04
128 -1.128350251111475e-03 -7.948489651769426e-04
129 -1.226001191336598e-03 -9.310585029105896e-04
130 -1.324116760315631e-03 -1.068592076079182e-03
131 -1.422421019495520e-03 -1.207068840522271e-03
132 -1.520638030323213e-03 -1.346107952079411e-03
133 -1.618491854245654e-03 -1.485328566590153e-03
134 -1.715706552709792e-03 -1.624349839894051e-03
135 -1.812006187162572e-03 -1.762790927830658e-03
136 -1.907114819050942e-03 -1.900270986239526e-03
137 -2.000756509821847e-03 -2.036409170960208e-03
138 -2.092655320922235e-03 -2.170824637832257e-03
139 -2.182535313799052e-03 -2.303136542695225e-03
140 -2.270120549899246e-03 -2.432964041388666e-03
141 -2.355135090669762e-03 -2.559926289752133e-03
142 -2.437302997557547e-03 -2.683642443625177e-03
143 -2.516348332009548e-03 -2.803731658847353e-03
144 -2.591995155472710e-03 -2.919813091258211e-03
145 -2.663967529393983e-03 -3.031505896697307e-03
146 -2.731989515220310e-03 -3.138429231004192e-03
147 -2.795785174398639e-03 -3.240202250018418e-03
148 -2.855078568375918e-03 -3.336444109579539e-03
149 -2.909593758599091e-03 -3.426773965527108e-03
150 -2.959054806515108e-03 -3.510810973700676e-03
151 -3.003185773570912e-03 -3.588174289939798e-03
152 -3.041710721213452e-03 -3.658483070084026e-03
153 -3.074353710889674e-03 -3.721356469972912e-03
154 -3.100838804046525e-03 -3.776413645446011e-03
155 -3.120890062130951e-03 -3.823273752342873e-03
156 -3.134231546589897e-03 -3.861555946503052e-03
157 -3.140587318870314e-03 -3.890879383766102e-03
158 -3.139681440419145e-03 -3.910863219971573e-03
159 -3.131237972683338e-03 -3.921126610959020e-03
160 -3.114980977109839e-03 -3.921288712567995e-03
161 -3.090634515145594e-03 -3.910968680638051e-03
162 -3.057922648237552e-03 -3.889785671008742e-03
163 -3.016569437832657e-03 -3.857358839519618e-03

Lines

1 1 2
2 2 3
3 3 4
4 4 5
5 5 6
6 6 7
7 7 8
8 8 9
9 9 10
10 10 11
11 11 12
12 12 13
13 13 14
14 14 15
15 15 16
16 16 17
17 17 18
18 18 19
19 19 20
20 20 21
21 21 22
22 22 23
23 23 24
24 24 25
25 25 26
26 26 27
27 27 28
28 28 29
29 29 30
30 30 31
31 31 32
32 32 33
33 33 34
34 34 35
35 35 36
36 36 37
37 37 38
38 38 39
39 39 40
40 40 41
41 41 42
42 42 43
43 43 44
44 44 45
45 45 46
46 46 47
47 47 48
48 48 49
49 49 50
50 50 51
51 51 52
52 52 53
53 53 54
54 54 55
55 55 56
56 56 57
57 57 58
58 58 59
59 59 60
60 60 61
61 61 62
62 62 63
63 63 64
64 64 65
65 65 66
66 66 67
67 67 68
68 68 69
69 69 70
70 70 71
71 71 72
72 72 73
73 73 74
74 74 75
75 75 76
76 76 77
77 77 78
78 78 79
79 79 80
80 80 81
81 81 82
82 82 83
83 83 84
84 84 85
85 85 86
86 86 87
87 87 88
88 88 89
89 89 90
90 90 91
91 91 92
92 92 93
93 93 94
94 94 95
95 95 96
96 96 97
97 97 98
98 98 99
99 99 100
100 100 101
101 101 102
102 102 103
103 103 104
104 104 105
105 105 106
106 106 107
107 107 108
108 108 109
109 109 110
110 110 111
111 111 112
112 112 113
113 113 114
114 114 115
115 115 116
116 116 117
117 117 118
118 118 119
119 119 120
120 120 121
121 121 122
122 122 123
123 123 124
124 124 125
125 125 126
126 126 127
127 127 128
128 128 129
129 129 130
130 130 131
131 131 132
132 132 133
133 133 134
134 134 135
135 135 136
136 136 137
137 137 138
138 138 139
139 139 140
140 140 141
141 141 142
142 142 143
143 143 144
144 144 145
145 145 146
146 146 147
147 147 148
148 148 149
149 149 150
150 150 151
151 151 152
152 152 153
153 153 154
154 154 155
155 155 156
156 156 157
157 157 158
158 158 159
159 159 160
160 160 161
161 161 162
162 162 163
163 163 1
