shape_62

187 points
187 lines

Points

1 -2.504837802918899e-03 -4.522803123366987e-03
2 -2.396340481266269e-03 -4.557637855837248e-03
3 -2.282761734176603e-03 -4.586281834183939e-03
4 -2.164324117406130e-03 -4.608854997808855e-03
5 -2.041250186711082e-03 -4.625477286113796e-03
6 -1.913762497847692e-03 -4.636268638500559e-03
7 -1.782083606572191e-03 -4.641348994370941e-03
8 -1.646436068640811e-03 -4.640838293126738e-03
9 -1.507042439809784e-03 -4.634856474169748e-03
10 -1.364125275835342e-03 -4.623523476901772e-03
11 -1.217907132473717e-03 -4.606959240724603e-03
12 -1.068610565481140e-03 -4.585283705040040e-03
13 -9.164581306138428e-04 -4.558616809249883e-03
14 -7.616723836280577e-04 -4.527078492755925e-03
15 -6.044758802800166e-04 -4.490788694959966e-03
16 -4.450911763259507e-04 -4.449867355263804e-03
17 -2.837408275220925e-04 -4.404434413069236e-03
18 -1.206473896246735e-04 -4.354609807778058e-03
19 4.396658161007461e-05 -4.300513478792070e-03
20 2.098785304259198e-04 -4.242265365513067e-03
21 3.768659010666302e-04 -4.179985407342847e-03
22 5.447061377759743e-04 -4.113793543683208e-03
23 7.131766847977199e-04 -4.043809713935948e-03
24 8.820549863756356e-04 -3.970153857502864e-03
25 1.051118486753489e-03 -3.892945913785753e-03
26 1.220144630175050e-03 -3.812305822186413e-03
27 1.388910860884084e-03 -3.728353522106642e-03
28 1.557194623124362e-03 -3.641208952948235e-03
29 1.724773361139650e-03 -3.550992054112993e-03
30 1.891424519173717e-03 -3.457822765002712e-03
31 2.056925541470331e-03 -3.361821025019187e-03
32 2.221053872273261e-03 -3.263106773564220e-03
33 2.383586955826275e-03 -3.161799950039605e-03
34 2.544302236373140e-03 -3.058020493847141e-03
35 2.702977158157625e-03 -2.951888344388625e-03
36 2.859389165423499e-03 -2.843523441065855e-03
37 3.013315702414528e-03 -2.733045723280628e-03
38 3.164534213374483e-03 -2.620575130434740e-03
39 3.312822142547131e-03 -2.506231601929991e-03
40 3.457956934176239e-03 -2.390135077168178e-03
41 3.599716032505576e-03 -2.272405495551097e-03
42 3.737876881778911e-03 -2.153162796480547e-03
43 3.872216926240010e-03 -2.032526919358324e-03
44 4.002513610132645e-03 -1.910617803586228e-03
45 4.128544377700580e-03 -1.787555388566053e-03
46 4.250086673187586e-03 -1.663459613699599e-03
47 4.366917940837430e-03 -1.538450418388663e-03
48 4.478815624893880e-03 -1.412647742035043e-03
49 4.585557169600705e-03 -1.286171524040534e-03
50 4.686920019201674e-03 -1.159141703806936e-03
51 4.782681617940552e-03 -1.031678220736045e-03
52 4.872619410061111e-03 -9.039010142296597e-04
53 4.956510839807116e-03 -7.759300236895766e-04
54 5.034133351422338e-03 -6.478851885175937e-04
55 5.105264389150543e-03 -5.198864481155084e-04
56 5.169681397235499e-03 -3.920537418851179e-04
57 5.227161819920977e-03 -2.645070092282199e-04
58 5.277483101450742e-03 -1.373661895466118e-04
59 5.320422686068564e-03 -1.075122224209125e-05
60 5.355758018018211e-03 1.152179532835446e-04
61 5.383266541543451e-03 2.404213976284981e-04
62 5.402725700888051e-03 3.647391713909719e-04
63 5.413912940295781e-03 4.880513351691684e-04
64 5.416605704010409e-03 6.102379495612901e-04
65 5.410581436275702e-03 7.311790751655397e-04
66 5.395636753526490e-03 8.488195722758894e-04
67 5.371505020956900e-03 9.655534676859559e-04
68 5.338444157119814e-03 1.081316753434263e-03
69 5.296712080568124e-03 1.196045421559335e-03
70 5.246566709854706e-03 1.309675464099696e-03
71 5.188265963532447e-03 1.422142873093871e-03
72 5.122067760154230e-03 1.533383640580383e-03
73 5.048230018272946e-03 1.643333758597757e-03
74 4.967010656441472e-03 1.751929219184516e-03
75 4.878667593212694e-03 1.859106014379186e-03
76 4.783458747139495e-03 1.964800136220289e-03
77 4.681642036774764e-03 2.068947576746352e-03
78 4.573475380671383e-03 2.171484327995897e-03
79 4.459216697382232e-03 2.272346382007449e-03
80 4.339123905460199e-03 2.371469730819531e-03
81 4.213454923458171e-03 2.468790366470670e-03
82 4.082467669929030e-03 2.564244280999388e-03
83 3.946420063425657e-03 2.657767466444208e-03
84 3.805570022500938e-03 2.749295914843656e-03
85 3.660175465707761e-03 2.838765618236258e-03
86 3.510494311599006e-03 2.926112568660534e-03
87 3.356784478727558e-03 3.011272758155011e-03
88 3.199303885646303e-03 3.094182178758212e-03
89 3.038310450908124e-03 3.174776822508663e-03
90 2.874062093065906e-03 3.252992681444887e-03
91 2.706816730672531e-03 3.328765747605407e-03
92 2.536832282280885e-03 3.402032013028748e-03
93 2.364366666443854e-03 3.472727469753436e-03
94 2.189677801714321e-03 3.540788109817993e-03
95 2.013023606645167e-03 3.606149925260943e-03
96 1.834661999789280e-03 3.668748908120811e-03
97 1.654850899699545e-03 3.728521050436123e-03
98 1.473848224928844e-03 3.785402344245400e-03
99 1.291911894030061e-03 3.839328781587168e-03
100 1.109299825556080e-03 3.890236354499950e-03
101 9.262699380597882e-04 3.938061055022272e-03
102 7.430801500940682e-04 3.982738875192657e-03
103 5.599883802118026e-04 4.024205807049628e-03
104 3.772525469658768e-04 4.062397842631712e-03
105 1.951305689091773e-04 4.097250973977431e-03
106 1.388036459458619e-05 4.128701193125309e-03
107 -1.662401474250130e-04 4.156684492113874e-03
108 -3.449730485967359e-04 4.181136862981646e-03
109 -5.220604203676954e-04 4.201994297767149e-03
110 -6.972443441850089e-04 4.219192788508910e-03
111 -8.702669014957939e-04 4.232668327245451e-03
112 -1.040870173747165e-03 4.242356906015298e-03
113 -1.208796242386236e-03 4.248194516856974e-03
114 -1.373787188860124e-03 4.250117151809003e-03
115 -1.535585094615947e-03 4.248060802909910e-03
116 -1.693932041100818e-03 4.241961462198219e-03
117 -1.848570109761852e-03 4.231755121712454e-03
118 -1.999241382046167e-03 4.217377773491138e-03
119 -2.145687939400879e-03 4.198765409572799e-03
120 -2.287651863273102e-03 4.175854021995956e-03
121 -2.424875235109952e-03 4.148579602799136e-03
122 -2.557100136358545e-03 4.116878144020864e-03
123 -2.684068648465997e-03 4.080685637699663e-03
124 -2.805522852879425e-03 4.039938075874056e-03
125 -2.921204831045941e-03 3.994571450582569e-03
126 -3.030856664412664e-03 3.944521753863727e-03
127 -3.134220434426710e-03 3.889724977756052e-03
128 -3.231038222535192e-03 3.830117114298068e-03
129 -3.318733541313094e-03 3.766297431108488e-03
130 -3.402589741970483e-03 3.694018903201528e-03
131 -3.482630416544968e-03 3.613586861258173e-03
132 -3.558879157074162e-03 3.525306635959418e-03
133 -3.631359555595673e-03 3.429483557986248e-03
134 -3.700095204147111e-03 3.326422958019659e-03
135 -3.765109694766084e-03 3.216430166740635e-03
136 -3.826426619490208e-03 3.099810514830170e-03
137 -3.884069570357087e-03 2.976869332969251e-03
138 -3.938062139404336e-03 2.847911951838871e-03
139 -3.988427918669561e-03 2.713243702120017e-03
140 -4.035190500190375e-03 2.573169914493681e-03
141 -4.078373476004387e-03 2.427995919640853e-03
142 -4.118000438149205e-03 2.278027048242521e-03
143 -4.154094978662443e-03 2.123568630979677e-03
144 -4.186680689581711e-03 1.964925998533310e-03
145 -4.215781162944614e-03 1.802404481584410e-03
146 -4.241419990788768e-03 1.636309410813966e-03
147 -4.263620765151781e-03 1.466946116902971e-03
148 -4.282407078071261e-03 1.294619930532413e-03
149 -4.297802521584820e-03 1.119636182383280e-03
150 -4.309830687730069e-03 9.423002031365651e-04
151 -4.318515168544618e-03 7.629173234732572e-04
152 -4.323879556066074e-03 5.817928740743453e-04
153 -4.325947442332050e-03 3.992321856208200e-04
154 -4.324742419380156e-03 2.155405887936721e-04
155 -4.320288079248003e-03 3.102341427389087e-05
156 -4.312608013973197e-03 -1.540140072575343e-04
157 -4.301725815593350e-03 -3.392663451196130e-04
158 -4.287665076146075e-03 -5.244282686313544e-04
159 -4.270449387668979e-03 -7.091944471117692e-04
160 -4.250102342199674e-03 -8.932595498798689e-04
161 -4.226647531775768e-03 -1.076318246254663e-03
162 -4.200108548434873e-03 -1.258065205555158e-03
163 -4.170508984214598e-03 -1.438195097100369e-03
164 -4.137872431152554e-03 -1.616402590209303e-03
165 -4.102222481286350e-03 -1.792382354200971e-03
166 -4.063582726653596e-03 -1.965829058394382e-03
167 -4.021976759291905e-03 -2.136437372108548e-03
168 -3.977428171238883e-03 -2.303901964662478e-03
169 -3.929960554532141e-03 -2.467917505375182e-03
170 -3.879597501209292e-03 -2.628178663565670e-03
171 -3.826362603307944e-03 -2.784380108552953e-03
172 -3.770279452865707e-03 -2.936216509656038e-03
173 -3.711371641920191e-03 -3.083382536193939e-03
174 -3.649662762509007e-03 -3.225572857485663e-03
175 -3.585176406669765e-03 -3.362482142850222e-03
176 -3.517936166440075e-03 -3.493805061606626e-03
177 -3.447965633857545e-03 -3.619236283073884e-03
178 -3.375288400959789e-03 -3.738470476571006e-03
179 -3.299928059784413e-03 -3.851202311417003e-03
180 -3.221908202369031e-03 -3.957126456930886e-03
181 -3.141252420751250e-03 -4.055937582431660e-03
182 -3.057984306968682e-03 -4.147330357238342e-03
183 -2.972127453058936e-03 -4.230999450669936e-03
184 -2.883705451059624e-03 -4.306639532045458e-03
185 -2.792741893008354e-03 -4.373945270683913e-03
186 -2.699260370942735e-03 -4.432611335904312e-03
187 -2.603284476900381e-03 -4.482332397025667e-03

Lines

1 1 2
2 2 3
3 3 4
4 4 5
5 5 6
6 6 7
7 7 8
8 8 9
9 9 10
10 10 11
11 11 12
12 12 13
13 13 14
14 14 15
15 15 16
16 16 17
17 17 18
18 18 19
19 19 20
20 20 21
21 21 22
22 22 23
23 23 24
24 24 25
25 25 26
26 26 27
27 27 28
28 28 29
29 29 30
30 30 31
31 31 32
32 32 33
33 33 34
34 34 35
35 35 36
36 36 37
37 37 38
38 38 39
39 39 40
40 40 41
41 41 42
42 42 43
43 43 44
44 44 45
45 45 46
46 46 47
47 47 48
48 48 49
49 49 50
50 50 51
51 51 52
52 52 53
53 53 54
54 54 55
55 55 56
56 56 57
57 57 58
58 58 59
59 59 60
60 60 61
61 61 62
62 62 63
63 63 64
64 64 65
65 65 66
66 66 67
67 67 68
68 68 69
69 69 70
70 70 71
71 71 72
72 72 73
73 73 74
74 74 75
75 75 76
76 76 77
77 77 78
78 78 79
79 79 80
80 80 81
81 81 82
82 82 83
83 83 84
84 84 85
85 85 86
86 86 87
87 87 88
88 88 89
89 89 90
90 90 91
91 91 92
92 92 93
93 93 94
94 94 95
95 95 96
96 96 97
97 97 98
98 98 99
99 99 100
100 100 101
101 101 102
102 102 103
103 103 104
104 104 105
105 105 106
106 106 107
107 107 108
108 108 109
109 109 110
110 110 111
111 111 112
112 112 113
113 113 114
114 114 115
115 115 116
116 116 117
117 117 118
118 118 119
119 119 120
120 120 121
121 121 122
122 122 123
123 123 124
124 124 125
125 125 126
126 126 127
127 127 128
128 128 129
129 129 130
130 130 131
131 131 132
132 132 133
133 133 134
134 134 135
135 135 136
136 136 137
137 137 138
138 138 139
139 139 140
140 140 141
141 141 142
142 142 143
143 143 144
144 144 145
145 145 146
146 146 147
147 147 148
148 148 149
149 149 150
150 150 151
151 151 152
152 152 153
153 153 154
154 154 155
155 155 156
156 156 157
157 157 158
158 158 159
159 159 160
160 160 161
161 161 162
162 162 163
163 163 164
164 164 165
165 165 166
166 166 167
167 167 168
168 168 169
169 169 170
170 170 171
171 171 172
172 172 173
173 173 174
174 174 175
175 175 176
176 176 177
177 177 178
178 178 179
179 179 180
180 180 181
181 181 182
182 182 183
183 183 184
184 184 185
185 185 186
186 186 187
187 187 1
