shape_40

164 points
164 lines

Points

1 -4.334151165267808e-03 -2.548497940806733e-03
2 -4.322082394436293e-03 -2.644816210908958e-03
3 -4.298008747165379e-03 -2.735716968337393e-03
4 -4.262363238507825e-03 -2.821285759460267e-03
5 -4.215578883516404e-03 -2.901608130645804e-03
6 -4.158088697243878e-03 -2.976769628262233e-03
7 -4.090325694743008e-03 -3.046855798677780e-03
8 -4.012722891066562e-03 -3.111952188260675e-03
9 -3.925713301267305e-03 -3.172144343379142e-03
10 -3.829729940397999e-03 -3.227517810401408e-03
11 -3.725205823511412e-03 -3.278158135695704e-03
12 -3.612573965660306e-03 -3.324150865630253e-03
13 -3.492267381897446e-03 -3.365581546573284e-03
14 -3.364719087275600e-03 -3.402535724893025e-03
15 -3.230362096847529e-03 -3.435098946957701e-03
16 -3.089629425665998e-03 -3.463356759135541e-03
17 -2.942954088783774e-03 -3.487394707794773e-03
18 -2.790769101253620e-03 -3.507298339303622e-03
19 -2.633507478128301e-03 -3.523153200030315e-03
20 -2.471602234460581e-03 -3.535044836343081e-03
21 -2.305486385303226e-03 -3.543058794610147e-03
22 -2.135592945708999e-03 -3.547280621199738e-03
23 -1.962354930730666e-03 -3.547795862480084e-03
24 -1.786205355420992e-03 -3.544690064819410e-03
25 -1.607577234832741e-03 -3.538048774585944e-03
26 -1.426903584018678e-03 -3.527957538147914e-03
27 -1.244617418031568e-03 -3.514501901873547e-03
28 -1.061151751924175e-03 -3.497767412131068e-03
29 -8.769396007492625e-04 -3.477839615288707e-03
30 -6.924139795595987e-04 -3.454804057714689e-03
31 -5.080079034079449e-04 -3.428746285777243e-03
32 -3.241543873470681e-04 -3.399751845844595e-03
33 -1.412864464297311e-04 -3.367906284284973e-03
34 4.016290429130055e-05 -3.333295147466603e-03
35 2.197606497632612e-04 -3.296003981757714e-03
36 3.970737749333882e-04 -3.256118333526532e-03
37 5.716692647489139e-04 -3.213723749141283e-03
38 7.431141041570769e-04 -3.168905774970197e-03
39 9.109752781051107e-04 -3.121749957381498e-03
40 1.074819771540250e-03 -3.072341842743416e-03
41 1.234214569409732e-03 -3.020766977424176e-03
42 1.388726656660791e-03 -2.967110907792007e-03
43 1.537923018240662e-03 -2.911459180215136e-03
44 1.681370639096581e-03 -2.853897341061788e-03
45 1.818636504175783e-03 -2.794510936700192e-03
46 1.949287598425503e-03 -2.733385513498576e-03
47 2.072890906792976e-03 -2.670606617825165e-03
48 2.189013414225438e-03 -2.606259796048188e-03
49 2.297222105670124e-03 -2.540430594535871e-03
50 2.397083966074270e-03 -2.473204559656442e-03
51 2.488165980385110e-03 -2.404667237778128e-03
52 2.570035133549882e-03 -2.334904175269156e-03
53 2.642258410515817e-03 -2.264000918497753e-03
54 2.707052910287033e-03 -2.188980771958502e-03
55 2.769553393079916e-03 -2.104293305529359e-03
56 2.829722391625534e-03 -2.010392348827188e-03
57 2.887522438654958e-03 -1.907731731468856e-03
58 2.942916066899258e-03 -1.796765283071229e-03
59 2.995865809089502e-03 -1.677946833251170e-03
60 3.046334197956763e-03 -1.551730211625548e-03
61 3.094283766232108e-03 -1.418569247811227e-03
62 3.139677046646606e-03 -1.278917771425072e-03
63 3.182476571931331e-03 -1.133229612083950e-03
64 3.222644874817349e-03 -9.819585994047255e-04
65 3.260144488035729e-03 -8.255585630042646e-04
66 3.294937944317544e-03 -6.644833324994339e-04
67 3.326987776393862e-03 -4.991867375070973e-04
68 3.356256516995753e-03 -3.301226076441212e-04
69 3.382706698854287e-03 -1.577447725273722e-04
70 3.406300854700533e-03 1.749293822628545e-05
71 3.427001517265561e-03 1.951366949999857e-04
72 3.444771219280441e-03 3.747326681768630e-04
73 3.459572493476244e-03 5.558270281400511e-04
74 3.471367872584036e-03 7.379659452726853e-04
75 3.480119889334890e-03 9.206955899578993e-04
76 3.485791076459876e-03 1.103562132578827e-03
77 3.488343966690061e-03 1.286111743518604e-03
78 3.487741092756516e-03 1.467890593160364e-03
79 3.483944987390313e-03 1.648444851887241e-03
80 3.476918183322519e-03 1.827320690082370e-03
81 3.466623213284205e-03 2.004064278128886e-03
82 3.453022610006439e-03 2.178221786409921e-03
83 3.436078906220293e-03 2.349339385308612e-03
84 3.415754634656835e-03 2.516963245208091e-03
85 3.392012328047137e-03 2.680639536491495e-03
86 3.364814519122266e-03 2.839914429541956e-03
87 3.334123740613293e-03 2.994334094742610e-03
88 3.299902525251289e-03 3.143444702476590e-03
89 3.262113405767321e-03 3.286792423127031e-03
90 3.220718914892461e-03 3.423923427077067e-03
91 3.175681585357778e-03 3.554383884709834e-03
92 3.126963949894342e-03 3.677719966408464e-03
93 3.074528541233221e-03 3.793477842556093e-03
94 3.018337892105487e-03 3.901203683535855e-03
95 2.958354535242209e-03 4.000443659730884e-03
96 2.894541003374456e-03 4.090743941524313e-03
97 2.826859829233299e-03 4.171650699299282e-03
98 2.755273545549808e-03 4.242710103438917e-03
99 2.679744685055051e-03 4.303468324326359e-03
100 2.600235780480098e-03 4.353471532344739e-03
101 2.516709364556021e-03 4.392265897877193e-03
102 2.429127970013886e-03 4.419397591306854e-03
103 2.337454129584766e-03 4.434412783016857e-03
104 2.241650375999730e-03 4.436857643390337e-03
105 2.123144201860760e-03 4.428543903897063e-03
106 2.001646673551084e-03 4.413257753456514e-03
107 1.877328039840181e-03 4.391173720953340e-03
108 1.750358549497534e-03 4.362466335272186e-03
109 1.620908451292622e-03 4.327310125297693e-03
110 1.489147993994924e-03 4.285879619914511e-03
111 1.355247426373923e-03 4.238349348007286e-03
112 1.219376997199099e-03 4.184893838460661e-03
113 1.081706955239931e-03 4.125687620159286e-03
114 9.424075492659008e-04 4.060905221987803e-03
115 8.016490280464885e-04 3.990721172830859e-03
116 6.596016403511745e-04 3.915310001573099e-03
117 5.164356349494393e-04 3.834846237099172e-03
118 3.723212606107634e-04 3.749504408293719e-03
119 2.274287661046270e-04 3.659459044041390e-03
120 8.192840020051127e-05 3.564884673226829e-03
121 -6.400958833210380e-05 3.465955824734683e-03
122 -2.102149507237374e-04 3.362847027449596e-03
123 -3.565174382049095e-04 3.255732810256214e-03
124 -5.027468020061399e-04 3.144787702039183e-03
125 -6.487327933579468e-04 3.030186231683151e-03
126 -7.943051634908514e-04 2.912102928072761e-03
127 -9.392936636353724e-04 2.790712320092659e-03
128 -1.083528045022028e-03 2.666188936627491e-03
129 -1.226838058881341e-03 2.538707306561904e-03
130 -1.369053456443827e-03 2.408441958780544e-03
131 -1.510003988940010e-03 2.275567422168056e-03
132 -1.649519407600404e-03 2.140258225609085e-03
133 -1.787429463655534e-03 2.002688897988277e-03
134 -1.923563908335916e-03 1.863033968190279e-03
135 -2.057752492872070e-03 1.721467965099737e-03
136 -2.189824968494517e-03 1.578165417601295e-03
137 -2.319611086433776e-03 1.433300854579600e-03
138 -2.446940597920365e-03 1.287048804919297e-03
139 -2.571643254184806e-03 1.139583797505033e-03
140 -2.693548806457616e-03 9.910803612214537e-04
141 -2.812487005969316e-03 8.417130249532033e-04
142 -2.928287603950426e-03 6.916563175849289e-04
143 -3.040780351631465e-03 5.410847680012758e-04
144 -3.149795000242951e-03 3.901729050868904e-04
145 -3.255161301015406e-03 2.390952577264180e-04
146 -3.356709005179348e-03 8.802635480450584e-05
147 -3.454267863965296e-03 -6.285927479420321e-05
148 -3.547667628603772e-03 -2.133871021850612e-04
149 -3.636738050325293e-03 -3.633825984834230e-04
150 -3.721308880360379e-03 -5.126712348046426e-04
151 -3.801209869939550e-03 -6.610784822640743e-04
152 -3.876270770293326e-03 -8.084298119770712e-04
153 -3.946321332652226e-03 -9.545506950589896e-04
154 -4.011191308246770e-03 -1.099266602625183e-03
155 -4.070710448307477e-03 -1.242403005791005e-03
156 -4.124708504064866e-03 -1.383785375671810e-03
157 -4.173015226749457e-03 -1.523239183382952e-03
158 -4.215460367591771e-03 -1.660589900039786e-03
159 -4.251873677822325e-03 -1.795662996757664e-03
160 -4.282084908671639e-03 -1.928283944651943e-03
161 -4.305923811370235e-03 -2.058278214837976e-03
162 -4.323220137148629e-03 -2.185471278431118e-03
163 -4.333803637237343e-03 -2.309688606546722e-03
164 -4.337504062866896e-03 -2.430755670300142e-03

Lines

1 1 2
2 2 3
3 3 4
4 4 5
5 5 6
6 6 7
7 7 8
8 8 9
9 9 10
10 10 11
11 11 12
12 12 13
13 13 14
14 14 15
15 15 16
16 16 17
17 17 18
18 18 19
19 19 20
20 20 21
21 21 22
22 22 23
23 23 24
24 24 25
25 25 26
26 26 27
27 27 28
28 28 29
29 29 30
30 30 31
31 31 32
32 32 33
33 33 34
34 34 35
35 35 36
36 36 37
37 37 38
38 38 39
39 39 40
40 40 41
41 41 42
42 42 43
43 43 44
44 44 45
45 45 46
46 46 47
47 47 48
48 48 49
49 49 50
50 50 51
51 51 52
52 52 53
53 53 54
54 54 55
55 55 56
56 56 57
57 57 58
58 58 59
59 59 60
60 60 61
61 61 62
62 62 63
63 63 64
64 64 65
65 65 66
66 66 67
67 67 68
68 68 69
69 69 70
70 70 71
71 71 72
72 72 73
73 73 74
74 74 75
75 75 76
76 76 77
77 77 78
78 78 79
79 79 80
80 80 81
81 81 82
82 82 83
83 83 84
84 84 85
85 85 86
86 86 87
87 87 88
88 88 89
89 89 90
90 90 91
91 91 92
92 92 93
93 93 94
94 94 95
95 95 96
96 96 97
97 97 98
98 98 99
99 99 100
100 100 101
101 101 102
102 102 103
103 103 104
104 104 105
105 105 106
106 106 107
107 107 108
108 108 109
109 109 110
110 110 111
111 111 112
112 112 113
113 113 114
114 114 115
115 115 116
116 116 117
117 117 118
118 118 119
119 119 120
120 120 121
121 121 122
122 122 123
123 123 124
124 124 125
125 125 126
126 126 127
127 127 128
128 128 129
129 129 130
130 130 131
131 131 132
132 132 133
133 133 134
134 134 135
135 135 136
136 136 137
137 137 138
138 138 139
139 139 140
140 140 141
141 141 142
142 142 143
143 143 144
144 144 145
145 145 146
146 146 147
147 147 148
148 148 149
149 149 150
150 150 151
151 151 152
152 152 153
153 153 154
154 154 155
155 155 156
156 156 157
157 157 158
158 158 159
159 159 160
160 160 161
161 161 162
162 162 163
163 163 164
164 164 1
