shape_68

170 points
170 lines

Points

1 -3.899171612538067e-03 -3.956278249548892e-04
2 -3.843273235538262e-03 -4.796307666511247e-04
3 -3.779423119310984e-03 -5.665678881651251e-04
4 -3.707899153443519e-03 -6.562301280120452e-04
5 -3.628979227523145e-03 -7.484084247070387e-04
6 -3.542941231137144e-03 -8.428937167652593e-04
7 -3.450063053872797e-03 -9.394769427018613e-04
8 -3.350622585317386e-03 -1.037949041031998e-03
9 -3.244897715058191e-03 -1.138100950270824e-03
10 -3.133166332682493e-03 -1.239723608933493e-03
11 -3.015706327777575e-03 -1.342607955535158e-03
12 -2.892795589930718e-03 -1.446544928590974e-03
13 -2.764712008729200e-03 -1.551325466616095e-03
14 -2.631733473760306e-03 -1.656740508125674e-03
15 -2.494137874611315e-03 -1.762580991634865e-03
16 -2.352203100869510e-03 -1.868637855658823e-03
17 -2.206207042122170e-03 -1.974702038712702e-03
18 -2.056427587956577e-03 -2.080564479311653e-03
19 -1.903142627960013e-03 -2.186016115970833e-03
20 -1.746630051719759e-03 -2.290847887205395e-03
21 -1.587167748823096e-03 -2.394850731530493e-03
22 -1.425033608857305e-03 -2.497815587461281e-03
23 -1.260505521409667e-03 -2.599533393512911e-03
24 -1.093861376067462e-03 -2.699795088200540e-03
25 -9.253790624179736e-04 -2.798391610039321e-03
26 -7.553364700484829e-04 -2.895113897544406e-03
27 -5.840114885462697e-04 -2.989752889230951e-03
28 -4.116820074986152e-04 -3.082099523614109e-03
29 -2.386259164928007e-04 -3.171944739209034e-03
30 -6.512110511610861e-05 -3.259079474530880e-03
31 1.085545370441806e-04 -3.343294668094801e-03
32 2.821231204007872e-04 -3.424381258415952e-03
33 4.553067553664274e-04 -3.502130184009484e-03
34 6.278275523538207e-04 -3.576332383390553e-03
35 7.994076217756884e-04 -3.646778795074313e-03
36 9.697690740447460e-04 -3.713260357575917e-03
37 1.138634019573715e-03 -3.775568009410519e-03
38 1.305724568775312e-03 -3.833492689093274e-03
39 1.470762832062256e-03 -3.886825335139335e-03
40 1.633470919847269e-03 -3.935356886063856e-03
41 1.793570942543065e-03 -3.978878280381990e-03
42 1.950785010562367e-03 -4.017180456608893e-03
43 2.104835234317891e-03 -4.050054353259717e-03
44 2.255443724222356e-03 -4.077290908849618e-03
45 2.402332590688483e-03 -4.098681061893748e-03
46 2.545223944128988e-03 -4.114015750907261e-03
47 2.683839894956593e-03 -4.123085914405311e-03
48 2.817902553584014e-03 -4.125682490903055e-03
49 2.947134030423972e-03 -4.121596418915642e-03
50 3.071256435889183e-03 -4.110618636958228e-03
51 3.189991880392368e-03 -4.092540083545967e-03
52 3.303062474346245e-03 -4.067151697194015e-03
53 3.410190328163534e-03 -4.034244416417521e-03
54 3.511097552256953e-03 -3.993609179731643e-03
55 3.605506257039220e-03 -3.945036925651534e-03
56 3.693138552923055e-03 -3.888318592692348e-03
57 3.773716550321175e-03 -3.823245119369237e-03
58 3.846962359646302e-03 -3.749607444197357e-03
59 3.912598091311152e-03 -3.667196505691861e-03
60 3.970345855728445e-03 -3.575803242367904e-03
61 4.023231929804910e-03 -3.472047860463084e-03
62 4.068319963707254e-03 -3.363991225900034e-03
63 4.105781038807980e-03 -3.251804981183355e-03
64 4.135786236479606e-03 -3.135660768817651e-03
65 4.158506638094630e-03 -3.015730231307518e-03
66 4.174113325025563e-03 -2.892185011157556e-03
67 4.182777378644910e-03 -2.765196750872364e-03
68 4.184669880325183e-03 -2.634937092956543e-03
69 4.179961911438884e-03 -2.501577679914693e-03
70 4.168824553358522e-03 -2.365290154251411e-03
71 4.151428887456603e-03 -2.226246158471300e-03
72 4.127945995105639e-03 -2.084617335078958e-03
73 4.098546957678135e-03 -1.940575326578985e-03
74 4.063402856546595e-03 -1.794291775475979e-03
75 4.022684773083530e-03 -1.645938324274541e-03
76 3.976563788661447e-03 -1.495686615479273e-03
77 3.925210984652851e-03 -1.343708291594771e-03
78 3.868797442430250e-03 -1.190174995125636e-03
79 3.807494243366152e-03 -1.035258368576467e-03
80 3.741472468833066e-03 -8.791300544518661e-04
81 3.670903200203498e-03 -7.219616952564301e-04
82 3.595957518849953e-03 -5.639249334947596e-04
83 3.516806506144940e-03 -4.051914116714544e-04
84 3.433621243460969e-03 -2.459327722911153e-04
85 3.346572812170544e-03 -8.632065785834001e-05
86 3.255832293646171e-03 7.347328912227115e-05
87 3.161570769260359e-03 2.332774261461186e-04
88 3.063959320385618e-03 3.929201107086020e-04
89 2.963169028394453e-03 5.522297003051218e-04
90 2.859370974659370e-03 7.110345524310799e-04
91 2.752736240552876e-03 8.691630245818749e-04
92 2.643435907447483e-03 1.026443474252907e-03
93 2.531641056715693e-03 1.182704258939577e-03
94 2.417522769730016e-03 1.337773736137287e-03
95 2.301252127862957e-03 1.491480263341436e-03
96 2.183000212487027e-03 1.643652198047423e-03
97 2.062938104974731e-03 1.794117897750649e-03
98 1.941236886698575e-03 1.942705719946517e-03
99 1.818067639031069e-03 2.089244022130425e-03
100 1.693601443344719e-03 2.233561161797772e-03
101 1.568009381012032e-03 2.375485496443959e-03
102 1.441462533405516e-03 2.514845383564390e-03
103 1.314131981897677e-03 2.651469180654462e-03
104 1.186188807861024e-03 2.785185245209574e-03
105 1.057804092668064e-03 2.915821934725130e-03
106 9.291489176913031e-04 3.043207606696529e-03
107 8.003943643032492e-04 3.167170618619171e-03
108 6.717115138764102e-04 3.287539327988454e-03
109 5.432714477832933e-04 3.404142092299783e-03
110 4.152452473964043e-04 3.516807269048556e-03
111 2.878039940882515e-04 3.625363215730173e-03
112 1.611187692313434e-04 3.729638289840034e-03
113 3.536065419818582e-05 3.829460848873540e-03
114 -8.929926963871442e-05 3.924659250326094e-03
115 -2.126899209068491e-04 4.015061851693091e-03
116 -3.346402182337104e-04 4.100497010469936e-03
117 -4.549790802467916e-04 4.180793084152025e-03
118 -5.735354255735866e-04 4.255778430234764e-03
119 -6.901381728415867e-04 4.325281406213548e-03
120 -8.046162406782843e-04 4.389130369583780e-03
121 -9.167985477111727e-04 4.447153677840860e-03
122 -1.026514012567746e-03 4.499179688480189e-03
123 -1.133591553875494e-03 4.545036758997165e-03
124 -1.216528795212784e-03 4.571803000809374e-03
125 -1.301416654870045e-03 4.586208604933966e-03
126 -1.388057647591122e-03 4.588699764428336e-03
127 -1.476254288119859e-03 4.579722672349875e-03
128 -1.565809091200104e-03 4.559723521755983e-03
129 -1.656524571575699e-03 4.529148505704051e-03
130 -1.748203243990491e-03 4.488443817251474e-03
131 -1.840647623188324e-03 4.438055649455646e-03
132 -1.933660223913044e-03 4.378430195373962e-03
133 -2.027043560908497e-03 4.310013648063816e-03
134 -2.120600148918526e-03 4.233252200582602e-03
135 -2.214132502686977e-03 4.148592045987715e-03
136 -2.307443136957697e-03 4.056479377336552e-03
137 -2.400334566474528e-03 3.957360387686503e-03
138 -2.492609305981317e-03 3.851681270094964e-03
139 -2.584069870221909e-03 3.739888217619331e-03
140 -2.674518773940149e-03 3.622427423316997e-03
141 -2.763758531879882e-03 3.499745080245357e-03
142 -2.851591658784954e-03 3.372287381461806e-03
143 -2.937820669399208e-03 3.240500520023736e-03
144 -3.022248078466491e-03 3.104830688988543e-03
145 -3.104676400730649e-03 2.965724081413623e-03
146 -3.184908150935524e-03 2.823626890356368e-03
147 -3.262745843824963e-03 2.678985308874172e-03
148 -3.337991994142812e-03 2.532245530024432e-03
149 -3.410449116632915e-03 2.383853746864541e-03
150 -3.479919726039117e-03 2.234256152451893e-03
151 -3.546206337105264e-03 2.083898939843884e-03
152 -3.609111464575200e-03 1.933228302097908e-03
153 -3.668437623192772e-03 1.782690432271357e-03
154 -3.723987327701822e-03 1.632731523421630e-03
155 -3.775563092846199e-03 1.483797768606117e-03
156 -3.822967433369746e-03 1.336335360882214e-03
157 -3.866002864016307e-03 1.190790493307316e-03
158 -3.904471899529729e-03 1.047609358938817e-03
159 -3.938177054653858e-03 9.072381508341111e-04
160 -3.966920844132536e-03 7.701230620505943e-04
161 -3.990505782709612e-03 6.367102856456587e-04
162 -4.008734385128926e-03 5.074460146766999e-04
163 -4.021409166134329e-03 3.827764422011133e-04
164 -4.028332640469662e-03 2.631477612762914e-04
165 -4.029307322878773e-03 1.490061649596298e-04
166 -4.024135728105505e-03 4.079784630852318e-05
167 -4.012620370893703e-03 -6.103100161963497e-05
168 -3.994563765987213e-03 -1.560341857674498e-04
169 -3.969768428129881e-03 -2.437655130775264e-04
170 -3.938036872065551e-03 -3.237787904924713e-04

Lines

1 1 2
2 2 3
3 3 4
4 4 5
5 5 6
6 6 7
7 7 8
8 8 9
9 9 10
10 10 11
11 11 12
12 12 13
13 13 14
14 14 15
15 15 16
16 16 17
17 17 18
18 18 19
19 19 20
20 20 21
21 21 22
22 22 23
23 23 24
24 24 25
25 25 26
26 26 27
27 27 28
28 28 29
29 29 30
30 30 31
31 31 32
32 32 33
33 33 34
34 34 35
35 35 36
36 36 37
37 37 38
38 38 39
39 39 40
40 40 41
41 41 42
42 42 43
43 43 44
44 44 45
45 45 46
46 46 47
47 47 48
48 48 49
49 49 50
50 50 51
51 51 52
52 52 53
53 53 54
54 54 55
55 55 56
56 56 57
57 57 58
58 58 59
59 59 60
60 60 61
61 61 62
62 62 63
63 63 64
64 64 65
65 65 66
66 66 67
67 67 68
68 68 69
69 69 70
70 70 71
71 71 72
72 72 73
73 73 74
74 74 75
75 75 76
76 76 77
77 77 78
78 78 79
79 79 80
80 80 81
81 81 82
82 82 83
83 83 84
84 84 85
85 85 86
86 86 87
87 87 88
88 88 89
89 89 90
90 90 91
91 91 92
92 92 93
93 93 94
94 94 95
95 95 96
96 96 97
97 97 98
98 98 99
99 99 100
100 100 101
101 101 102
102 102 103
103 103 104
104 104 105
105 105 106
106 106 107
107 107 108
108 108 109
109 109 110
110 110 111
111 111 112
112 112 113
113 113 114
114 114 115
115 115 116
116 116 117
117 117 118
118 118 119
119 119 120
120 120 121
121 121 122
122 122 123
123 123 124
124 124 125
125 125 126
126 126 127
127 127 128
128 128 129
129 129 130
130 130 131
131 131 132
132 132 133
133 133 134
134 134 135
135 135 136
136 136 137
137 137 138
138 138 139
139 139 140
140 140 141
141 141 142
142 142 143
143 143 144
144 144 145
145 145 146
146 146 147
147 147 148
148 148 149
149 149 150
150 150 151
151 151 152
152 152 153
153 153 154
154 154 155
155 155 156
156 156 157
157 157 158
158 158 159
159 159 160
160 160 161
161 161 162
162 162 163
163 163 164
164 164 165
165 165 166
166 166 167
167 167 168
168 168 169
169 169 170
170 170 1
