shape_72

118 points
118 lines

Points

1 -4.237379674623243e-03 -2.159171019561306e-03
2 -4.268763091999900e-03 -2.197602605038195e-03
3 -4.282413637028245e-03 -2.247508931539631e-03
4 -4.279924156903454e-03 -2.307029510136884e-03
5 -4.262887498820698e-03 -2.374303851901222e-03
6 -4.232896509975151e-03 -2.447471467903915e-03
7 -4.191544037561988e-03 -2.524671869216232e-03
8 -4.140422928776383e-03 -2.604044566909442e-03
9 -4.081126030813509e-03 -2.683729072054815e-03
10 -4.015246190868541e-03 -2.761864895723619e-03
11 -3.944376256136652e-03 -2.836591548987124e-03
12 -3.870109073813017e-03 -2.906048542916600e-03
13 -3.794037491092808e-03 -2.968375388583314e-03
14 -3.717754355171201e-03 -3.021711597058537e-03
15 -3.642852513243369e-03 -3.064196679413538e-03
16 -3.570924812504486e-03 -3.093970146719585e-03
17 -3.503564100149725e-03 -3.109171510047949e-03
18 -3.442363223374261e-03 -3.107940280469898e-03
19 -3.388915029373267e-03 -3.088415969056702e-03
20 -3.247809181559968e-03 -3.005857362737349e-03
21 -3.095852598619289e-03 -2.920071912234455e-03
22 -2.933696218502777e-03 -2.831167374111787e-03
23 -2.761990979161977e-03 -2.739251504933111e-03
24 -2.581387818548435e-03 -2.644432061262191e-03
25 -2.392537674613696e-03 -2.546816799662794e-03
26 -2.196091485309308e-03 -2.446513476698685e-03
27 -1.992700188586815e-03 -2.343629848933629e-03
28 -1.783014722397766e-03 -2.238273672931395e-03
29 -1.567686024693703e-03 -2.130552705255744e-03
30 -1.347365033426173e-03 -2.020574702470445e-03
31 -1.122702686546724e-03 -1.908447421139262e-03
32 -8.943499220068994e-04 -1.794278617825962e-03
33 -6.629576777582470e-04 -1.678176049094310e-03
34 -4.291768917523112e-04 -1.560247471508071e-03
35 -1.936585019406389e-04 -1.440600641631011e-03
36 4.294655372522423e-05 -1.319343316026897e-03
37 2.799873372937322e-04 -1.196583251259493e-03
38 5.168129108133394e-04 -1.072428203892566e-03
39 7.527723363324998e-04 -9.469859304898799e-04
40 9.872146758996665e-04 -8.203641876152024e-04
41 1.219488991563296e-03 -6.926707318322976e-04
42 1.448944345371841e-03 -5.640133197049317e-04
43 1.674929799373754e-03 -4.344997077968711e-04
44 1.896794415617491e-03 -3.042376526718804e-04
45 2.113887256151507e-03 -1.733349108937256e-04
46 2.325557383024252e-03 -4.189923902617275e-05
47 2.531153858284185e-03 8.996160636701303e-05
48 2.730025743979756e-03 2.221398687220652e-04
49 2.921522102159423e-03 3.545277914752190e-04
50 3.104991994871637e-03 4.870176180627086e-04
51 3.279784484164854e-03 6.195015919207684e-04
52 3.445248632087526e-03 7.518719564856320e-04
53 3.600733500688110e-03 8.840209551935344e-04
54 3.745588152015056e-03 1.015840831480710e-03
55 3.879161648116821e-03 1.147223828783392e-03
56 4.000803051041859e-03 1.278062190537816e-03
57 4.109861422838625e-03 1.408248160180216e-03
58 4.205685825555571e-03 1.537673981146827e-03
59 4.287625321241152e-03 1.666231896873882e-03
60 4.355028971943819e-03 1.793814150797616e-03
61 4.407245839712031e-03 1.920312986354263e-03
62 4.443624986594241e-03 2.045620646980057e-03
63 4.463515474638901e-03 2.169629376111234e-03
64 4.466266365894468e-03 2.292231417184027e-03
65 4.451226722409392e-03 2.413319013634671e-03
66 4.417745606232129e-03 2.532784408899398e-03
67 4.365172079411136e-03 2.650519846414446e-03
68 4.292855203994863e-03 2.766417569616048e-03
69 4.200144042031766e-03 2.880369821940436e-03
70 4.091586332965598e-03 2.986584063174847e-03
71 3.976045769891920e-03 3.075656721664931e-03
72 3.853805228213583e-03 3.148131072204493e-03
73 3.725147583333435e-03 3.204550389587336e-03
74 3.590355710654327e-03 3.245457948607267e-03
75 3.449712485579106e-03 3.271397024058090e-03
76 3.303500783510624e-03 3.282910890733610e-03
77 3.152003479851729e-03 3.280542823427633e-03
78 2.995503450005275e-03 3.264836096933966e-03
79 2.834283569374106e-03 3.236333986046410e-03
80 2.668626713361075e-03 3.195579765558770e-03
81 2.498815757369030e-03 3.143116710264854e-03
82 2.325133576800820e-03 3.079488094958465e-03
83 2.147863047059297e-03 3.005237194433412e-03
84 1.967287043547309e-03 2.920907283483493e-03
85 1.783688441667707e-03 2.827041636902520e-03
86 1.597350116823339e-03 2.724183529484294e-03
87 1.408554944417057e-03 2.612876236022623e-03
88 1.217585799851708e-03 2.493663031311309e-03
89 1.024725558530142e-03 2.367087190144157e-03
90 8.302570958552110e-04 2.233691987314976e-03
91 6.344632872297613e-04 2.094020697617567e-03
92 4.376270080566443e-04 1.948616595845736e-03
93 2.400311337387099e-04 1.798022956793289e-03
94 4.195853967880692e-05 1.642783055254031e-03
95 -1.563078987202143e-04 1.483440166021766e-03
96 -3.544853060555045e-04 1.320537563890300e-03
97 -5.522908069242141e-04 1.154618523653439e-03
98 -7.494415259234925e-04 9.862263201049859e-04
99 -9.456545876504918e-04 8.159042280387473e-04
100 -1.140647116702361e-03 6.441955222485267e-04
101 -1.334136237676252e-03 4.716434775281306e-04
102 -1.525839075169313e-03 2.987913686713637e-04
103 -1.715472753778696e-03 1.261824704720309e-04
104 -1.902754398101551e-03 -4.563994227606233e-05
105 -2.087401132735027e-03 -2.161325947791104e-04
106 -2.269130082276276e-03 -3.847522122433100e-04
107 -2.447658371322449e-03 -5.509555198748554e-04
108 -2.622703124470695e-03 -7.141992428799412e-04
109 -2.793981466318165e-03 -8.739401064647622e-04
110 -2.961210521462008e-03 -1.029634835835514e-03
111 -3.124107414499375e-03 -1.180740156198389e-03
112 -3.282389270027418e-03 -1.326712792759587e-03
113 -3.435773212643286e-03 -1.467009470725299e-03
114 -3.583976366944130e-03 -1.601086915301721e-03
115 -3.726715857527099e-03 -1.728401851695048e-03
116 -3.863708808989345e-03 -1.848411005111475e-03
117 -3.994672345928017e-03 -1.960571100757197e-03
118 -4.119323592940266e-03 -2.064338863838409e-03

Lines

1 1 2
2 2 3
3 3 4
4 4 5
5 5 6
6 6 7
7 7 8
8 8 9
9 9 10
10 10 11
11 11 12
12 12 13
13 13 14
14 14 15
15 15 16
16 16 17
17 17 18
18 18 19
19 19 20
20 20 21
21 21 22
22 22 23
23 23 24
24 24 25
25 25 26
26 26 27
27 27 28
28 28 29
29 29 30
30 30 31
31 31 32
32 32 33
33 33 34
34 34 35
35 35 36
36 36 37
37 37 38
38 38 39
39 39 40
40 40 41
41 41 42
42 42 43
43 43 44
44 44 45
45 45 46
46 46 47
47 47 48
48 48 49
49 49 50
50 50 51
51 51 52
52 52 53
53 53 54
54 54 55
55 55 56
56 56 57
57 57 58
58 58 59
59 59 60
60 60 61
61 61 62
62 62 63
63 63 64
64 64 65
65 65 66
66 66 67
67 67 68
68 68 69
69 69 70
70 70 71
71 71 72
72 72 73
73 73 74
74 74 75
75 75 76
76 76 77
77 77 78
78 78 79
79 79 80
80 80 81
81 81 82
82 82 83
83 83 84
84 84 85
85 85 86
86 86 87
87 87 88
88 88 89
89 89 90
90 90 91
91 91 92
92 92 93
93 93 94
94 94 95
95 95 96
96 96 97
97 97 98
98 98 99
99 99 100
100 100 101
101 101 102
102 102 103
103 103 104
104 104 105
105 105 106
106 106 107
107 107 108
108 108 109
109 109 110
110 110 111
111 111 112
112 112 113
113 113 114
114 114 115
115 115 116
116 116 117
117 117 118
118 118 1
