shape_11

152 points
152 lines

Points

1 2.562033610996463e-03 -4.379831978072965e-03
2 2.603172082589107e-03 -4.276904617992371e-03
3 2.637492492951155e-03 -4.169900210460259e-03
4 2.665160746541832e-03 -4.058960800700567e-03
5 2.686342747820362e-03 -3.944228433937235e-03
6 2.701204401245972e-03 -3.825845155394198e-03
7 2.709911611277885e-03 -3.703953010295393e-03
8 2.712630282375325e-03 -3.578694043864759e-03
9 2.709526318997520e-03 -3.450210301326234e-03
10 2.700765625603693e-03 -3.318643827903754e-03
11 2.686514106653068e-03 -3.184136668821256e-03
12 2.666937666604871e-03 -3.046830869302679e-03
13 2.642202209918326e-03 -2.906868474571960e-03
14 2.612473641052660e-03 -2.764391529853038e-03
15 2.577917864467096e-03 -2.619542080369847e-03
16 2.538700784620858e-03 -2.472462171346326e-03
17 2.494988305973173e-03 -2.323293848006416e-03
18 2.446946332983266e-03 -2.172179155574051e-03
19 2.394740770110359e-03 -2.019260139273167e-03
20 2.338537521813680e-03 -1.864678844327704e-03
21 2.278502492552451e-03 -1.708577315961600e-03
22 2.214801586785901e-03 -1.551097599398792e-03
23 2.147600708973251e-03 -1.392381739863215e-03
24 2.077065763573726e-03 -1.232571782578809e-03
25 2.003362655046553e-03 -1.071809772769513e-03
26 1.926657287850958e-03 -9.102377556592625e-04
27 1.847115566446160e-03 -7.479977764719931e-04
28 1.764903395291389e-03 -5.852318804316448e-04
29 1.680186678845870e-03 -4.220821127621558e-04
30 1.593131321568826e-03 -2.586905186874617e-04
31 1.503903227919480e-03 -9.519914343150010e-05
32 1.412668302357061e-03 6.824996778179065e-05
33 1.319592449340792e-03 2.315147697284727e-04
34 1.224841573329898e-03 3.944532171846090e-04
35 1.128581578783602e-03 5.569232649262632e-04
36 1.030978370161131e-03 7.187828677294969e-04
37 9.321978519217109e-04 8.798899803703716e-04
38 8.324059285245647e-04 1.040102557624951e-03
39 7.317685044289165e-04 1.199278554269297e-03
40 6.304514840939925e-04 1.357275925079474e-03
41 5.286207719790183e-04 1.513952624831541e-03
42 4.264422725432182e-04 1.669166608301562e-03
43 3.240818902458153e-04 1.822775830265601e-03
44 2.217055295460358e-04 1.974638245499721e-03
45 1.194790949031057e-04 2.124611808779980e-03
46 1.756849077624878e-05 2.272554474882444e-03
47 -8.386037837531068e-05 2.418324198583176e-03
48 -1.846416080923473e-04 2.561778934658237e-03
49 -2.846092939156355e-04 2.702776637883689e-03
50 -3.835975313859510e-04 2.841175263035596e-03
51 -4.814404160440698e-04 2.976832764890020e-03
52 -5.779720434307659e-04 3.109607098223024e-03
53 -6.730265090868144e-04 3.239356217810668e-03
54 -7.664379085529906e-04 3.365938078429017e-03
55 -8.580403373700706e-04 3.489210634854135e-03
56 -9.476678910788286e-04 3.609031841862080e-03
57 -1.035154665220039e-03 3.725259654228917e-03
58 -1.120334755334479e-03 3.837752026730709e-03
59 -1.203042256962922e-03 3.946366914143518e-03
60 -1.283111265646144e-03 4.050962271243406e-03
61 -1.360375876924919e-03 4.151396052806435e-03
62 -1.434670186340024e-03 4.247526213608670e-03
63 -1.505828289432232e-03 4.339210708426171e-03
64 -1.573684281742320e-03 4.426307492035001e-03
65 -1.609165892585705e-03 4.461718716397893e-03
66 -1.647736261115931e-03 4.481840280818889e-03
67 -1.689051432205589e-03 4.487511650180622e-03
68 -1.732767450727272e-03 4.479572289365724e-03
69 -1.778540361553572e-03 4.458861663256829e-03
70 -1.826026209557078e-03 4.426219236736571e-03
71 -1.874881039610385e-03 4.382484474687584e-03
72 -1.924760896586082e-03 4.328496841992499e-03
73 -1.975321825356761e-03 4.265095803533950e-03
74 -2.026219870795013e-03 4.193120824194571e-03
75 -2.077111077773432e-03 4.113411368856992e-03
76 -2.127651491164608e-03 4.026806902403850e-03
77 -2.177497155841132e-03 3.934146889717778e-03
78 -2.226304116675596e-03 3.836270795681407e-03
79 -2.273728418540593e-03 3.734018085177373e-03
80 -2.319426106308713e-03 3.628228223088305e-03
81 -2.363053224852548e-03 3.519740674296841e-03
82 -2.404265819044688e-03 3.409394903685611e-03
83 -2.442719933757728e-03 3.298030376137249e-03
84 -2.478071613864257e-03 3.186486556534389e-03
85 -2.509976904236868e-03 3.075602909759663e-03
86 -2.538091849748151e-03 2.966218900695704e-03
87 -2.562072495270699e-03 2.859173994225147e-03
88 -2.581574885677103e-03 2.755307655230624e-03
89 -2.596255065839955e-03 2.655459348594769e-03
90 -2.605769080631845e-03 2.560468539200215e-03
91 -2.609772974925366e-03 2.471174691929593e-03
92 -2.607922793593110e-03 2.388417271665539e-03
93 -2.599874581507668e-03 2.313035743290686e-03
94 -2.585284383541631e-03 2.245869571687666e-03
95 -2.563808244567591e-03 2.187758221739112e-03
96 -2.516008941955322e-03 2.086725474056830e-03
97 -2.463798574580488e-03 1.977830217986648e-03
98 -2.407337176399158e-03 1.861470724060417e-03
99 -2.346784781367401e-03 1.738045262809997e-03
100 -2.282301423441286e-03 1.607952104767244e-03
101 -2.214047136576882e-03 1.471589520464014e-03
102 -2.142181954730259e-03 1.329355780432163e-03
103 -2.066865911857484e-03 1.181649155203548e-03
104 -1.988259041914630e-03 1.028867915310025e-03
105 -1.906521378857762e-03 8.714103312834521e-04
106 -1.821812956642951e-03 7.096746736556844e-04
107 -1.734293809226266e-03 5.440592129585785e-04
108 -1.644123970563775e-03 3.749622197239910e-04
109 -1.551463474611548e-03 2.027819644837787e-04
110 -1.456472355325655e-03 2.791671776979720e-05
111 -1.359310646662164e-03 -1.492352498860954e-04
112 -1.260138382577143e-03 -3.282756679520440e-04
113 -1.159115597026663e-03 -5.088062658961924e-04
114 -1.056402323966792e-03 -6.904287731866826e-04
115 -9.521585973535996e-04 -8.727449192916600e-04
116 -8.465444511431555e-04 -1.055356433679266e-03
117 -7.397199192915269e-04 -1.237865045817646e-03
118 -6.318450357547842e-04 -1.419872485174942e-03
119 -5.230798344889968e-04 -1.600980481219299e-03
120 -4.135843494502330e-04 -1.780790763418858e-03
121 -3.035186145945612e-04 -1.958905061241767e-03
122 -1.930426638780524e-04 -2.134925104156166e-03
123 -8.231653125677460e-05 -2.308452621630197e-03
124 2.849974931320345e-05 -2.479089343132008e-03
125 1.392461438758123e-04 -2.646436998129740e-03
126 2.497626184749818e-04 -2.810097316091536e-03
127 3.598891391546448e-04 -2.969672026485541e-03
128 4.694656719587317e-04 -3.124762858779898e-03
129 5.783321829311717e-04 -3.274971542442750e-03
130 6.863286381158980e-04 -3.419899806942241e-03
131 7.932950035568404e-04 -3.559149381746516e-03
132 8.990712452979295e-04 -3.692321996323714e-03
133 1.003497329383098e-03 -3.819019380141984e-03
134 1.106413221856274e-03 -3.938843262669466e-03
135 1.207658888761391e-03 -4.051395373374305e-03
136 1.307074296142378e-03 -4.156277441724643e-03
137 1.404499410043168e-03 -4.253091197188625e-03
138 1.499774196507689e-03 -4.341438369234394e-03
139 1.592738621579875e-03 -4.420920687330094e-03
140 1.683232651303655e-03 -4.491139880943868e-03
141 1.771096251722960e-03 -4.551697679543859e-03
142 1.856169388881722e-03 -4.602195812598211e-03
143 1.938292028823871e-03 -4.642236009575069e-03
144 2.017304137593338e-03 -4.671419999942574e-03
145 2.093045681234054e-03 -4.689349513168870e-03
146 2.165356625789951e-03 -4.695626278722102e-03
147 2.234076937304958e-03 -4.689852026070414e-03
148 2.299046581823007e-03 -4.671628484681946e-03
149 2.360105525388029e-03 -4.640557384024844e-03
150 2.417093734043955e-03 -4.596240453567251e-03
151 2.469851173834714e-03 -4.538279422777312e-03
152 2.518217810804240e-03 -4.466276021123168e-03

Lines

1 1 2
2 2 3
3 3 4
4 4 5
5 5 6
6 6 7
7 7 8
8 8 9
9 9 10
10 10 11
11 11 12
12 12 13
13 13 14
14 14 15
15 15 16
16 16 17
17 17 18
18 18 19
19 19 20
20 20 21
21 21 22
22 22 23
23 23 24
24 24 25
25 25 26
26 26 27
27 27 28
28 28 29
29 29 30
30 30 31
31 31 32
32 32 33
33 33 34
34 34 35
35 35 36
36 36 37
37 37 38
38 38 39
39 39 40
40 40 41
41 41 42
42 42 43
43 43 44
44 44 45
45 45 46
46 46 47
47 47 48
48 48 49
49 49 50
50 50 51
51 51 52
52 52 53
53 53 54
54 54 55
55 55 56
56 56 57
57 57 58
58 58 59
59 59 60
60 60 61
61 61 62
62 62 63
63 63 64
64 64 65
65 65 66
66 66 67
67 67 68
68 68 69
69 69 70
70 70 71
71 71 72
72 72 73
73 73 74
74 74 75
75 75 76
76 76 77
77 77 78
78 78 79
79 79 80
80 80 81
81 81 82
82 82 83
83 83 84
84 84 85
85 85 86
86 86 87
87 87 88
88 88 89
89 89 90
90 90 91
91 91 92
92 92 93
93 93 94
94 94 95
95 95 96
96 96 97
97 97 98
98 98 99
99 99 100
100 100 101
101 101 102
102 102 103
103 103 104
104 104 105
105 105 106
106 106 107
107 107 108
108 108 109
109 109 110
110 110 111
111 111 112
112 112 113
113 113 114
114 114 115
115 115 116
116 116 117
117 117 118
118 118 119
119 119 120
120 120 121
121 121 122
122 122 123
123 123 124
124 124 125
125 125 126
126 126 127
127 127 128
128 128 129
129 129 130
130 130 131
131 131 132
132 132 133
133 133 134
134 134 135
135 135 136
136 136 137
137 137 138
138 138 139
139 139 140
140 140 141
141 141 142
142 142 143
143 143 144
144 144 145
145 145 146
146 146 147
147 147 148
148 148 149
149 149 150
150 150 151
151 151 152
152 152 1
