shape_10

151 points
151 lines

Points

1 2.116684677535432e-03 -4.472501389171201e-03
2 2.210032821182347e-03 -4.475210179598823e-03
3 2.293857319701732e-03 -4.468033214903257e-03
4 2.368390939056644e-03 -4.451237968368867e-03
5 2.433866445210142e-03 -4.425091913280012e-03
6 2.490516604125281e-03 -4.389862522921057e-03
7 2.538574181765122e-03 -4.345817270576364e-03
8 2.578271944092718e-03 -4.293223629530294e-03
9 2.609842657071128e-03 -4.232349073067210e-03
10 2.633519086663410e-03 -4.163461074471475e-03
11 2.649533998832620e-03 -4.086827107027451e-03
12 2.658120159541817e-03 -4.002714644019498e-03
13 2.659510334754056e-03 -3.911391158731982e-03
14 2.653937290432397e-03 -3.813124124449262e-03
15 2.641633792539894e-03 -3.708181014455704e-03
16 2.622832607039607e-03 -3.596829302035667e-03
17 2.597766499894592e-03 -3.479336460473513e-03
18 2.566668237067907e-03 -3.355969963053606e-03
19 2.529770584522608e-03 -3.226997283060309e-03
20 2.487306308221753e-03 -3.092685893777983e-03
21 2.439508174128400e-03 -2.953303268490990e-03
22 2.386608948205605e-03 -2.809116880483693e-03
23 2.328841396416426e-03 -2.660394203040454e-03
24 2.266438284723921e-03 -2.507402709445635e-03
25 2.199632379091145e-03 -2.350409872983599e-03
26 2.128656445481157e-03 -2.189683166938709e-03
27 2.053743249857014e-03 -2.025490064595325e-03
28 1.975125558181774e-03 -1.858098039237811e-03
29 1.893036136418492e-03 -1.687774564150529e-03
30 1.807707750530228e-03 -1.514787112617840e-03
31 1.719373166480037e-03 -1.339403157924109e-03
32 1.628265150230979e-03 -1.161890173353696e-03
33 1.534616467746108e-03 -9.825156321909639e-04
34 1.438659884988483e-03 -8.015470077202748e-04
35 1.340628167921161e-03 -6.192517732259914e-04
36 1.240754082507200e-03 -4.358974019924763e-04
37 1.139270394709657e-03 -2.517513673040913e-04
38 1.036409870491588e-03 -6.708114244519837e-05
39 9.324052758160510e-04 1.178457992998395e-04
40 8.274893766461035e-04 3.027619846466605e-04
41 7.218949389448029e-04 4.873999403109021e-04
42 6.158547286752065e-04 6.714921930082023e-04
43 5.096015118003709e-04 8.547712694541985e-04
44 4.033680542833540e-04 1.036969696364528e-03
45 2.973871220872129e-04 1.217820000454830e-03
46 1.918914811750048e-04 1.397054708440741e-03
47 8.711389750978705e-05 1.574406347037898e-03
48 -1.671286294538295e-05 1.749607442961941e-03
49 -1.193560342274485e-04 1.922390522928505e-03
50 -2.205828503733517e-04 2.092488113653230e-03
51 -3.201605454200357e-04 2.259632741851753e-03
52 -4.178563534044429e-04 2.423556934239711e-03
53 -5.134375083635162e-04 2.583993217532742e-03
54 -6.066712443341983e-04 2.740674118446484e-03
55 -6.973247953534320e-04 2.893332163696575e-03
56 -7.851653954581599e-04 3.041699879998653e-03
57 -8.699602786853248e-04 3.185509794068353e-03
58 -9.514766790718696e-04 3.324494432621316e-03
59 -1.029481830654737e-03 3.458386322373178e-03
60 -1.103742967470869e-03 3.586917990039578e-03
61 -1.174027323557209e-03 3.709821962336152e-03
62 -1.240102132950701e-03 3.826830765978540e-03
63 -1.301734629688285e-03 3.937676927682376e-03
64 -1.358692047806905e-03 4.042092974163302e-03
65 -1.410741621343505e-03 4.139811432136953e-03
66 -1.433586593753602e-03 4.171179351122340e-03
67 -1.467443787779018e-03 4.200823683976629e-03
68 -1.510994892692461e-03 4.228582878248062e-03
69 -1.562921597766632e-03 4.254295381484880e-03
70 -1.621905592274238e-03 4.277799641235327e-03
71 -1.686628565487983e-03 4.298934105047646e-03
72 -1.755772206680572e-03 4.317537220470079e-03
73 -1.828018205124709e-03 4.333447435050864e-03
74 -1.902048250093100e-03 4.346503196338247e-03
75 -1.976544030858448e-03 4.356542951880472e-03
76 -2.050187236693458e-03 4.363405149225777e-03
77 -2.121659556870836e-03 4.366928235922407e-03
78 -2.189642680663286e-03 4.366950659518605e-03
79 -2.252818297343512e-03 4.363310867562611e-03
80 -2.309868096184219e-03 4.355847307602668e-03
81 -2.359473766458111e-03 4.344398427187018e-03
82 -2.400316997437896e-03 4.328802673863904e-03
83 -2.431079478396274e-03 4.308898495181570e-03
84 -2.450442898605953e-03 4.284524338688254e-03
85 -2.457088947339636e-03 4.255518651932202e-03
86 -2.449699313870029e-03 4.221719882461653e-03
87 -2.404909743279097e-03 4.110496269370400e-03
88 -2.359563613919116e-03 3.994326295728555e-03
89 -2.313651824964630e-03 3.873412244765433e-03
90 -2.267165275590187e-03 3.747956399710347e-03
91 -2.220094864970332e-03 3.618161043792611e-03
92 -2.172431492279610e-03 3.484228460241539e-03
93 -2.124166056692567e-03 3.346360932286446e-03
94 -2.075289457383748e-03 3.204760743156646e-03
95 -2.025792593527699e-03 3.059630176081451e-03
96 -1.975666364298966e-03 2.911171514290178e-03
97 -1.924901668872093e-03 2.759587041012138e-03
98 -1.873489406421628e-03 2.605079039476647e-03
99 -1.821420476122115e-03 2.447849792913019e-03
100 -1.768685777148100e-03 2.288101584550567e-03
101 -1.715276208674129e-03 2.126036697618606e-03
102 -1.661182669874747e-03 1.961857415346449e-03
103 -1.606396059924500e-03 1.795766020963410e-03
104 -1.550907277997933e-03 1.627964797698804e-03
105 -1.494707223269592e-03 1.458656028781944e-03
106 -1.437786794914023e-03 1.288041997442145e-03
107 -1.380136892105770e-03 1.116324986908720e-03
108 -1.321748414019381e-03 9.437072804109835e-04
109 -1.262612259829400e-03 7.703911611782499e-04
110 -1.202719328710373e-03 5.965789124398325e-04
111 -1.142060519836846e-03 4.224728174250463e-04
112 -1.080626732383363e-03 2.482751593632038e-04
113 -1.018408865524471e-03 7.418822148361987e-05
114 -9.553978184347163e-04 -9.958571298439164e-05
115 -8.915844902886431e-04 -2.728443608115157e-04
116 -8.269597802607975e-04 -4.453854387684407e-04
117 -7.615145875257250e-04 -6.170066636258497e-04
118 -6.952398112579713e-04 -7.875057521544308e-04
119 -6.281263506320821e-04 -9.566804211248695e-04
120 -5.601651048226027e-04 -1.124328387307851e-03
121 -4.913469730040787e-04 -1.290247367474062e-03
122 -4.216628543510562e-04 -1.454235078394189e-03
123 -3.511036480380797e-04 -1.616089236838918e-03
124 -2.796602532396960e-04 -1.775607559578934e-03
125 -2.073235691304503e-04 -1.932587763384922e-03
126 -1.340844948848882e-04 -2.086827565027571e-03
127 -5.993392967755506e-05 -2.238124681277565e-03
128 1.513722731700303e-05 -2.386276828905590e-03
129 9.113807692424115e-05 -2.531081724682332e-03
130 1.680777199696137e-04 -2.672337085378479e-03
131 2.459652572785743e-04 -2.809840627764714e-03
132 3.248097896765778e-04 -2.943390068611725e-03
133 4.046204179890784e-04 -3.072783124690198e-03
134 4.854062430415308e-04 -3.197817512770817e-03
135 5.671763656593891e-04 -3.318290949624269e-03
136 6.499398866681082e-04 -3.434001152021241e-03
137 7.337059068931420e-04 -3.544745836732420e-03
138 8.184835271599452e-04 -3.650322720528489e-03
139 9.042818482939726e-04 -3.750529520180135e-03
140 9.911099711206776e-04 -3.845163952458044e-03
141 1.078976996465515e-03 -3.934023734132905e-03
142 1.167892025153939e-03 -4.016906581975397e-03
143 1.257864158011405e-03 -4.093610212756214e-03
144 1.348902495863367e-03 -4.163932343246035e-03
145 1.441016139535278e-03 -4.227670690215552e-03
146 1.534214189852595e-03 -4.284622970435447e-03
147 1.628505747640770e-03 -4.334586900676408e-03
148 1.723899913725258e-03 -4.377360197709120e-03
149 1.820405788931514e-03 -4.412740578304269e-03
150 1.918032474084992e-03 -4.440525759232542e-03
151 2.016789070011147e-03 -4.460513457264623e-03

Lines

1 1 2
2 2 3
3 3 4
4 4 5
5 5 6
6 6 7
7 7 8
8 8 9
9 9 10
10 10 11
11 11 12
12 12 13
13 13 14
14 14 15
15 15 16
16 16 17
17 17 18
18 18 19
19 19 20
20 20 21
21 21 22
22 22 23
23 23 24
24 24 25
25 25 26
26 26 27
27 27 28
28 28 29
29 29 30
30 30 31
31 31 32
32 32 33
33 33 34
34 34 35
35 35 36
36 36 37
37 37 38
38 38 39
39 39 40
40 40 41
41 41 42
42 42 43
43 43 44
44 44 45
45 45 46
46 46 47
47 47 48
48 48 49
49 49 50
50 50 51
51 51 52
52 52 53
53 53 54
54 54 55
55 55 56
56 56 57
57 57 58
58 58 59
59 59 60
60 60 61
61 61 62
62 62 63
63 63 64
64 64 65
65 65 66
66 66 67
67 67 68
68 68 69
69 69 70
70 70 71
71 71 72
72 72 73
73 73 74
74 74 75
75 75 76
76 76 77
77 77 78
78 78 79
79 79 80
80 80 81
81 81 82
82 82 83
83 83 84
84 84 85
85 85 86
86 86 87
87 87 88
88 88 89
89 89 90
90 90 91
91 91 92
92 92 93
93 93 94
94 94 95
95 95 96
96 96 97
97 97 98
98 98 99
99 99 100
100 100 101
101 101 102
102 102 103
103 103 104
104 104 105
105 105 106
106 106 107
107 107 108
108 108 109
109 109 110
110 110 111
111 111 112
112 112 113
113 113 114
114 114 115
115 115 116
116 116 117
117 117 118
118 118 119
119 119 120
120 120 121
121 121 122
122 122 123
123 123 124
124 124 125
125 125 126
126 126 127
127 127 128
128 128 129
129 129 130
130 130 131
131 131 132
132 132 133
133 133 134
134 134 135
135 135 136
136 136 137
137 137 138
138 138 139
139 139 140
140 140 141
141 141 142
142 142 143
143 143 144
144 144 145
145 145 146
146 146 147
147 147 148
148 148 149
149 149 150
150 150 151
151 151 1
