shape_87

127 points
127 lines

Points

1 2.230761874295085e-03 -4.238051683396998e-03
2 2.269547980945849e-03 -4.308411745437970e-03
3 2.296626059241179e-03 -4.356196129059701e-03
4 2.312582691350368e-03 -4.382548090047934e-03
5 2.318004459442713e-03 -4.388610884188411e-03
6 2.313477945687510e-03 -4.375527767266872e-03
7 2.299589732254050e-03 -4.344441995069055e-03
8 2.276926401311632e-03 -4.296496823380705e-03
9 2.246074535029548e-03 -4.232835507987560e-03
10 2.207620715577095e-03 -4.154601304675362e-03
11 2.162151525123568e-03 -4.062937469229851e-03
12 2.110253545838259e-03 -3.958987257436767e-03
13 2.052513359890467e-03 -3.843893925081852e-03
14 1.989517549449483e-03 -3.718800727950847e-03
15 1.921852696684605e-03 -3.584850921829491e-03
16 1.850105383765127e-03 -3.443187762503527e-03
17 1.774862192860343e-03 -3.294954505758694e-03
18 1.696709706139550e-03 -3.141294407380734e-03
19 1.616234505772041e-03 -2.983350723155385e-03
20 1.534023173927111e-03 -2.822266708868393e-03
21 1.450662292774056e-03 -2.659185620305493e-03
22 1.366738444482171e-03 -2.495250713252429e-03
23 1.282838211220749e-03 -2.331605243494940e-03
24 1.199548175159088e-03 -2.169392466818769e-03
25 1.117454918466480e-03 -2.009755639009655e-03
26 1.037145023312222e-03 -1.853838015853341e-03
27 9.592050718656085e-04 -1.702782853135564e-03
28 8.842216462959335e-04 -1.557733406642067e-03
29 8.127813287724930e-04 -1.419832932158591e-03
30 7.454707014645814e-04 -1.290224685470875e-03
31 6.828763465414938e-04 -1.170051922364662e-03
32 6.255848461725252e-04 -1.060457898625691e-03
33 5.741827825269704e-04 -9.625858700397040e-04
34 5.292567377741245e-04 -8.775790923924408e-04
35 4.739362089250805e-04 -7.734967202707780e-04
36 4.118604587899799e-04 -6.570157383960410e-04
37 3.434991000855682e-04 -5.290094140366099e-04
38 2.693217455285912e-04 -3.903510144608648e-04
39 1.897980078357942e-04 -2.419138069371857e-04
40 1.053974997239230e-04 -8.457105873395265e-05
41 1.658983390972307e-05 8.080396288045409e-05
42 -7.615537689005994e-05 2.533379906376546e-04
43 -1.723685199586804e-04 4.321577572692685e-04
44 -2.715799825793927e-04 6.163899955069159e-04
45 -3.733201520354516e-04 8.051614380822172e-04
46 -4.771194156101111e-04 9.975988177267912e-04
47 -5.825081605866254e-04 1.192828867172259e-03
48 -6.890167742482497e-04 1.389978319150239e-03
49 -7.961756438782377e-04 1.588173906392353e-03
50 -9.035151567598442e-04 1.786542361630219e-03
51 -1.010565700176324e-03 1.984210417595459e-03
52 -1.116857661410930e-03 2.180304807019691e-03
53 -1.221921427746918e-03 2.373952262634535e-03
54 -1.325287386467541e-03 2.564279517171612e-03
55 -1.426485924856057e-03 2.750413303362542e-03
56 -1.525047430195716e-03 2.931480353938944e-03
57 -1.620502289769774e-03 3.106607401632439e-03
58 -1.712380890861487e-03 3.274921179174645e-03
59 -1.800213620754107e-03 3.435548419297183e-03
60 -1.883530866730889e-03 3.587615854731674e-03
61 -1.961863016075089e-03 3.730250218209735e-03
62 -2.034740456069960e-03 3.862578242462990e-03
63 -2.101693573998756e-03 3.983726660223057e-03
64 -2.162252757144733e-03 4.092822204221553e-03
65 -2.215948392791144e-03 4.188991607190102e-03
66 -2.262310868221244e-03 4.271361601860322e-03
67 -2.300870570718289e-03 4.339058920963834e-03
68 -2.331157887565529e-03 4.391210297232257e-03
69 -2.352703206046222e-03 4.426942463397210e-03
70 -2.365036913443623e-03 4.445382152190316e-03
71 -2.367689397040984e-03 4.445656096343191e-03
72 -2.360191044121560e-03 4.426891028587458e-03
73 -2.342072241968606e-03 4.388213681654735e-03
74 -2.312863377865377e-03 4.328750788276644e-03
75 -2.272094839095126e-03 4.247629081184802e-03
76 -2.211462401710819e-03 4.128118007669125e-03
77 -2.148467289068560e-03 4.004409478728714e-03
78 -2.083193443325498e-03 3.876658557101855e-03
79 -2.015724806638788e-03 3.745020305526829e-03
80 -1.946145321165579e-03 3.609649786741920e-03
81 -1.874538929063025e-03 3.470702063485414e-03
82 -1.800989572488276e-03 3.328332198495593e-03
83 -1.725581193598485e-03 3.182695254510738e-03
84 -1.648397734550803e-03 3.033946294269137e-03
85 -1.569523137502382e-03 2.882240380509072e-03
86 -1.489041344610373e-03 2.727732575968825e-03
87 -1.407036298031930e-03 2.570577943386681e-03
88 -1.323591939924202e-03 2.410931545500924e-03
89 -1.238792212444344e-03 2.248948445049836e-03
90 -1.152721057749505e-03 2.084783704771703e-03
91 -1.065462417996837e-03 1.918592387404806e-03
92 -9.771002353434928e-04 1.750529555687430e-03
93 -8.877184519466241e-04 1.580750272357858e-03
94 -7.974010099633824e-04 1.409409600154375e-03
95 -7.062318515509194e-04 1.236662601815262e-03
96 -6.142949188663872e-04 1.062664340078805e-03
97 -5.216741540669370e-04 8.875698776832865e-04
98 -4.284534993097213e-04 7.115342773669899e-04
99 -3.347168967518907e-04 5.347126018681982e-04
100 -2.405482885505984e-04 3.572599139251971e-04
101 -1.460316168629957e-04 1.793312762762695e-04
102 -5.125082384623377e-05 1.081751659697226e-06
103 4.371014834253476e-05 -1.773335971862342e-04
104 1.387673575461587e-04 -3.557597075232422e-04
105 2.338368616074858e-04 -5.340415166130421e-04
106 3.288347183693649e-04 -7.120239617173521e-04
107 4.236769856746437e-04 -8.895519800978872e-04
108 5.182797213661709e-04 -1.066470509016365e-03
109 6.125589832867942e-04 -1.242624485734500e-03
110 7.064308292793622e-04 -1.417858847514010e-03
111 7.998113171867228e-04 -1.592018531616612e-03
112 8.926165048517247e-04 -1.764948475304021e-03
113 9.847624501172158e-04 -1.936493615837954e-03
114 1.076165210826044e-03 -2.106498890480127e-03
115 1.166740844821058e-03 -2.274809236492258e-03
116 1.256405409945107e-03 -2.441269591136061e-03
117 1.345074964041037e-03 -2.605724891673255e-03
118 1.432665564951698e-03 -2.768020075365554e-03
119 1.519093270519937e-03 -2.928000079474676e-03
120 1.604274138588603e-03 -3.085509841262337e-03
121 1.688124227000544e-03 -3.240394297990254e-03
122 1.770559593598609e-03 -3.392498386920142e-03
123 1.851496296225645e-03 -3.541667045313719e-03
124 1.930850392724501e-03 -3.687745210432700e-03
125 2.008537940938024e-03 -3.830577819538802e-03
126 2.084474998709064e-03 -3.970009809893742e-03
127 2.158577623880468e-03 -4.105886118759235e-03

Lines

1 1 2
2 2 3
3 3 4
4 4 5
5 5 6
6 6 7
7 7 8
8 8 9
9 9 10
10 10 11
11 11 12
12 12 13
13 13 14
14 14 15
15 15 16
16 16 17
17 17 18
18 18 19
19 19 20
20 20 21
21 21 22
22 22 23
23 23 24
24 24 25
25 25 26
26 26 27
27 27 28
28 28 29
29 29 30
30 30 31
31 31 32
32 32 33
33 33 34
34 34 35
35 35 36
36 36 37
37 37 38
38 38 39
39 39 40
40 40 41
41 41 42
42 42 43
43 43 44
44 44 45
45 45 46
46 46 47
47 47 48
48 48 49
49 49 50
50 50 51
51 51 52
52 52 53
53 53 54
54 54 55
55 55 56
56 56 57
57 57 58
58 58 59
59 59 60
60 60 61
61 61 62
62 62 63
63 63 64
64 64 65
65 65 66
66 66 67
67 67 68
68 68 69
69 69 70
70 70 71
71 71 72
72 72 73
73 73 74
74 74 75
75 75 76
76 76 77
77 77 78
78 78 79
79 79 80
80 80 81
81 81 82
82 82 83
83 83 84
84 84 85
85 85 86
86 86 87
87 87 88
88 88 89
89 89 90
90 90 91
91 91 92
92 92 93
93 93 94
94 94 95
95 95 96
96 96 97
97 97 98
98 98 99
99 99 100
100 100 101
101 101 102
102 102 103
103 103 104
104 104 105
105 105 106
106 106 107
107 107 108
108 108 109
109 109 110
110 110 111
111 111 112
112 112 113
113 113 114
114 114 115
115 115 116
116 116 117
117 117 118
118 118 119
119 119 120
120 120 121
121 121 122
122 122 123
123 123 124
124 124 125
125 125 126
126 126 127
127 127 1
