shape_63

180 points
180 lines

Points

1 -1.301934487606898e-03 -4.105843153000718e-04
2 -1.356201228253984e-03 -4.392751987060865e-04
3 -1.416295508836738e-03 -4.718510536761511e-04
4 -1.481841656010095e-03 -5.080798651422968e-04
5 -1.552463996428989e-03 -5.477296180365547e-04
6 -1.627786856748356e-03 -5.905682972909561e-04
7 -1.707434563623132e-03 -6.363638878375323e-04
8 -1.791031443708252e-03 -6.848843746083140e-04
9 -1.878201823658651e-03 -7.358977425353326e-04
10 -1.968570030129265e-03 -7.891719765506197e-04
11 -2.061760389775028e-03 -8.444750615862059e-04
12 -2.157397229250877e-03 -9.015749825741223e-04
13 -2.255104875211746e-03 -9.602397244464003e-04
14 -2.354507654312571e-03 -1.020237272135071e-03
15 -2.455229893208287e-03 -1.081335610572166e-03
16 -2.556895918553830e-03 -1.143302724689715e-03
17 -2.659130057004135e-03 -1.205906599419751e-03
18 -2.761556635214137e-03 -1.268915219694305e-03
19 -2.863799979838771e-03 -1.332096570445407e-03
20 -2.965484417532973e-03 -1.395218636605088e-03
21 -3.066234274951679e-03 -1.458049403105381e-03
22 -3.165673878749824e-03 -1.520356854878315e-03
23 -3.263427555582342e-03 -1.581908976855922e-03
24 -3.359119632104168e-03 -1.642473753970235e-03
25 -3.452374434970241e-03 -1.701819171153282e-03
26 -3.542816290835492e-03 -1.759713213337096e-03
27 -3.630069526354860e-03 -1.815923865453708e-03
28 -3.713758468183276e-03 -1.870219112435149e-03
29 -3.793507442975680e-03 -1.922366939213450e-03
30 -3.868940777387005e-03 -1.972135330720642e-03
31 -3.939682798072186e-03 -2.019292271888757e-03
32 -4.005357831686158e-03 -2.063605747649825e-03
33 -4.065590204883859e-03 -2.104843742935879e-03
34 -4.120004244320221e-03 -2.142774242678948e-03
35 -4.168224276650181e-03 -2.177165231811064e-03
36 -4.209874628528676e-03 -2.207784695264258e-03
37 -4.244579626610638e-03 -2.234400617970563e-03
38 -4.271963597551004e-03 -2.256780984862007e-03
39 -4.291650868004709e-03 -2.274693780870623e-03
40 -4.303265764626689e-03 -2.287906990928443e-03
41 -4.306432614071879e-03 -2.296188599967496e-03
42 -4.300775742995214e-03 -2.299306592919814e-03
43 -4.285919478051630e-03 -2.297028954717429e-03
44 -4.261488145896060e-03 -2.289123670292372e-03
45 -4.227106073183442e-03 -2.275358724576672e-03
46 -4.182397586568712e-03 -2.255502102502364e-03
47 -4.096755641606149e-03 -2.216055591722729e-03
48 -4.008726681236275e-03 -2.175344668831442e-03
49 -3.918377467681956e-03 -2.133399271119362e-03
50 -3.825774763166068e-03 -2.090249335877347e-03
51 -3.730985329911478e-03 -2.045924800396256e-03
52 -3.634075930141056e-03 -2.000455601966946e-03
53 -3.535113326077673e-03 -1.953871677880279e-03
54 -3.434164279944199e-03 -1.906202965427111e-03
55 -3.331295553963505e-03 -1.857479401898302e-03
56 -3.226573910358461e-03 -1.807730924584709e-03
57 -3.120066111351935e-03 -1.756987470777192e-03
58 -3.011838919166799e-03 -1.705278977766609e-03
59 -2.901959096025924e-03 -1.652635382843820e-03
60 -2.790493404152179e-03 -1.599086623299681e-03
61 -2.677508605768435e-03 -1.544662636425053e-03
62 -2.563071463097560e-03 -1.489393359510793e-03
63 -2.447248738362427e-03 -1.433308729847761e-03
64 -2.330107193785905e-03 -1.376438684726815e-03
65 -2.211713591590863e-03 -1.318813161438813e-03
66 -2.092134694000174e-03 -1.260462097274615e-03
67 -1.971437263236705e-03 -1.201415429525079e-03
68 -1.849688061523328e-03 -1.141703095481062e-03
69 -1.726953851082914e-03 -1.081355032433426e-03
70 -1.603301394138331e-03 -1.020401177673026e-03
71 -1.478797452912451e-03 -9.588714684907238e-04
72 -1.353508789628143e-03 -8.967958421773763e-04
73 -1.227502166508278e-03 -8.342042360238419e-04
74 -1.100844345775727e-03 -7.711265873209807e-04
75 -9.736020896533574e-04 -7.075928333596494e-04
76 -8.458421603640419e-04 -6.436329114307082e-04
77 -7.176313201306500e-04 -5.792767588250151e-04
78 -5.890363311760504e-04 -5.145543128334281e-04
79 -4.601239557231166e-04 -4.494955107468076e-04
80 -3.309609559947154e-04 -3.841302898560101e-04
81 -2.016140942137191e-04 -3.184885874518957e-04
82 -7.215013260299679e-05 -2.526003408253227e-04
83 5.736416661458094e-05 -1.864954872671491e-04
84 1.868620412161440e-04 -1.202039640682342e-04
85 3.162767289788213e-04 -5.375570851943671e-05
86 4.455414676797435e-04 1.281934208838493e-05
87 5.745894950960414e-04 7.949125046437286e-05
88 7.033540490048429e-04 1.462300793176671e-04
89 8.317683671832784e-04 2.130058913574098e-04
90 9.597656874084783e-04 2.797887492927422e-04
91 1.087279247457573e-03 3.465487158328064e-04
92 1.214242285107690e-03 4.132558536867422e-04
93 1.340588038135962e-03 4.798802255636923e-04
94 1.466249744319516e-03 5.463918941727975e-04
95 1.591160641435483e-03 6.127609222231988e-04
96 1.715253967260994e-03 6.789573724240392e-04
97 1.838462959573177e-03 7.449513074844581e-04
98 1.960720856149162e-03 8.107127901135977e-04
99 2.081960894766080e-03 8.762118830205994e-04
100 2.202116313201061e-03 9.414186489146054e-04
101 2.321120349231234e-03 1.006303150504755e-03
102 2.438906240633727e-03 1.070835450500192e-03
103 2.555407225185672e-03 1.134985611610055e-03
104 2.670556540664200e-03 1.198723696543489e-03
105 2.784287424846438e-03 1.262019768009632e-03
106 2.896533115509517e-03 1.324843888717627e-03
107 3.007226850430567e-03 1.387166121376615e-03
108 3.116301867386718e-03 1.448956528695738e-03
109 3.223691404155099e-03 1.510185173384136e-03
110 3.329328698512841e-03 1.570822118150952e-03
111 3.433146988237072e-03 1.630837425705326e-03
112 3.535079511104923e-03 1.690201158756399e-03
113 3.635059504893525e-03 1.748883380013315e-03
114 3.733020207380005e-03 1.806854152185213e-03
115 3.828894856341495e-03 1.864083537981235e-03
116 3.922616689555124e-03 1.920541600110523e-03
117 4.014118944798022e-03 1.976198401282218e-03
118 4.103334859847318e-03 2.031024004205460e-03
119 4.190197672480143e-03 2.084988471589392e-03
120 4.274640620473627e-03 2.138061866143156e-03
121 4.356596941604899e-03 2.190214250575891e-03
122 4.416171142152107e-03 2.229077136919259e-03
123 4.464602767519744e-03 2.262186686928792e-03
124 4.502198345311713e-03 2.289696344016657e-03
125 4.529264403131930e-03 2.311759551595025e-03
126 4.546107468584301e-03 2.328529753076060e-03
127 4.553034069272740e-03 2.340160391871936e-03
128 4.550350732801152e-03 2.346804911394819e-03
129 4.538363986773452e-03 2.348616755056878e-03
130 4.517380358793545e-03 2.345749366270280e-03
131 4.487706376465349e-03 2.338356188447197e-03
132 4.449648567392764e-03 2.326590664999796e-03
133 4.403513459179709e-03 2.310606239340246e-03
134 4.349607579430087e-03 2.290556354880714e-03
135 4.288237455747811e-03 2.266594455033370e-03
136 4.219709615736793e-03 2.238873983210384e-03
137 4.144330587000943e-03 2.207548382823923e-03
138 4.062406897144166e-03 2.172771097286154e-03
139 3.974245073770377e-03 2.134695570009249e-03
140 3.880151644483486e-03 2.093475244405376e-03
141 3.780433136887402e-03 2.049263563886703e-03
142 3.675396078586031e-03 2.002213971865397e-03
143 3.565346997183290e-03 1.952479911753629e-03
144 3.450592420283085e-03 1.900214826963567e-03
145 3.331438875489327e-03 1.845572160907380e-03
146 3.208192890405925e-03 1.788705356997235e-03
147 3.081160992636792e-03 1.729767858645303e-03
148 2.950649709785837e-03 1.668913109263752e-03
149 2.816965569456967e-03 1.606294552264749e-03
150 2.680415099254094e-03 1.542065631060464e-03
151 2.541304826781130e-03 1.476379789063067e-03
152 2.399941279641984e-03 1.409390469684724e-03
153 2.256630985440564e-03 1.341251116337605e-03
154 2.111680471780782e-03 1.272115172433878e-03
155 1.965396266266549e-03 1.202136081385713e-03
156 1.818084896501771e-03 1.131467286605277e-03
157 1.670052890090364e-03 1.060262231504741e-03
158 1.521606774636233e-03 9.886743594962714e-04
159 1.373053077743290e-03 9.168571139920375e-04
160 1.224698327015446e-03 8.449639384042081e-04
161 1.076849050056610e-03 7.731482761449520e-04
162 9.298117744706911e-04 7.015635706264374e-04
163 7.838930278616020e-04 6.303632652608337e-04
164 6.393993378332495e-04 5.597008034603085e-04
165 4.966372319895474e-04 4.897296286370320e-04
166 3.559132379344023e-04 4.206031842031712e-04
167 2.175338832717268e-04 3.524749135708961e-04
168 8.180569560542895e-05 2.854982601523744e-04
169 -5.096479746058021e-05 2.198266673597749e-04
170 -1.804710683223894e-04 1.556135786052671e-04
171 -3.064065893760909e-04 9.301243730101850e-05
172 -4.284648330177727e-04 3.217668685919879e-05
173 -5.463392716435261e-04 -2.674022930802408e-05
174 -6.597233776494397e-04 -8.358486778848093e-05
175 -7.683106234316049e-04 -1.382037851700037e-04
176 -8.717944813861102e-04 -1.904435380404231e-04
177 -9.698684239090469e-04 -2.401506829875711e-04
178 -1.062225923396504e-03 -2.871717765992784e-04
179 -1.148560452244571e-03 -3.313533754633769e-04
180 -1.228565482849339e-03 -3.725420361676974e-04

Lines

1 1 2
2 2 3
3 3 4
4 4 5
5 5 6
6 6 7
7 7 8
8 8 9
9 9 10
10 10 11
11 11 12
12 12 13
13 13 14
14 14 15
15 15 16
16 16 17
17 17 18
18 18 19
19 19 20
20 20 21
21 21 22
22 22 23
23 23 24
24 24 25
25 25 26
26 26 27
27 27 28
28 28 29
29 29 30
30 30 31
31 31 32
32 32 33
33 33 34
34 34 35
35 35 36
36 36 37
37 37 38
38 38 39
39 39 40
40 40 41
41 41 42
42 42 43
43 43 44
44 44 45
45 45 46
46 46 47
47 47 48
48 48 49
49 49 50
50 50 51
51 51 52
52 52 53
53 53 54
54 54 55
55 55 56
56 56 57
57 57 58
58 58 59
59 59 60
60 60 61
61 61 62
62 62 63
63 63 64
64 64 65
65 65 66
66 66 67
67 67 68
68 68 69
69 69 70
70 70 71
71 71 72
72 72 73
73 73 74
74 74 75
75 75 76
76 76 77
77 77 78
78 78 79
79 79 80
80 80 81
81 81 82
82 82 83
83 83 84
84 84 85
85 85 86
86 86 87
87 87 88
88 88 89
89 89 90
90 90 91
91 91 92
92 92 93
93 93 94
94 94 95
95 95 96
96 96 97
97 97 98
98 98 99
99 99 100
100 100 101
101 101 102
102 102 103
103 103 104
104 104 105
105 105 106
106 106 107
107 107 108
108 108 109
109 109 110
110 110 111
111 111 112
112 112 113
113 113 114
114 114 115
115 115 116
116 116 117
117 117 118
118 118 119
119 119 120
120 120 121
121 121 122
122 122 123
123 123 124
124 124 125
125 125 126
126 126 127
127 127 128
128 128 129
129 129 130
130 130 131
131 131 132
132 132 133
133 133 134
134 134 135
135 135 136
136 136 137
137 137 138
138 138 139
139 139 140
140 140 141
141 141 142
142 142 143
143 143 144
144 144 145
145 145 146
146 146 147
147 147 148
148 148 149
149 149 150
150 150 151
151 151 152
152 152 153
153 153 154
154 154 155
155 155 156
156 156 157
157 157 158
158 158 159
159 159 160
160 160 161
161 161 162
162 162 163
163 163 164
164 164 165
165 165 166
166 166 167
167 167 168
168 168 169
169 169 170
170 170 171
171 171 172
172 172 173
173 173 174
174 174 175
175 175 176
176 176 177
177 177 178
178 178 179
179 179 180
180 180 1
