shape_49

157 points
157 lines

Points

1 -3.246052820402271e-03 -2.007218272030797e-03
2 -3.277936386662275e-03 -2.042977757151161e-03
3 -3.307863346581439e-03 -2.087756178366571e-03
4 -3.335790911606059e-03 -2.140627800535976e-03
5 -3.361676293182433e-03 -2.200666888518331e-03
6 -3.385476702756855e-03 -2.266947707172587e-03
7 -3.407149351775622e-03 -2.338544521357695e-03
8 -3.426651451685031e-03 -2.414531595932611e-03
9 -3.443940213931377e-03 -2.493983195756285e-03
10 -3.458972849960956e-03 -2.575973585687670e-03
11 -3.471706571220064e-03 -2.659577030585719e-03
12 -3.482098589154999e-03 -2.743867795309382e-03
13 -3.490106115212054e-03 -2.827920144717614e-03
14 -3.495686360837527e-03 -2.910808343669365e-03
15 -3.498796537477714e-03 -2.991606657023590e-03
16 -3.499393856578910e-03 -3.069389349639240e-03
17 -3.497435529587413e-03 -3.143230686375268e-03
18 -3.492878767949517e-03 -3.212204932090625e-03
19 -3.485680783111519e-03 -3.275386351644264e-03
20 -3.475798786519716e-03 -3.331849209895139e-03
21 -3.463189989620403e-03 -3.380667771702200e-03
22 -3.447811603859876e-03 -3.420916301924401e-03
23 -3.429620840684431e-03 -3.451669065420694e-03
24 -3.408574911540365e-03 -3.472000327050031e-03
25 -3.384631027873974e-03 -3.480984351671365e-03
26 -3.357746401131552e-03 -3.477695404143648e-03
27 -3.327878242759398e-03 -3.461207749325832e-03
28 -3.244168048719911e-03 -3.399277572837328e-03
29 -3.156173583942873e-03 -3.335088262478374e-03
30 -3.064061512078939e-03 -3.268691149670393e-03
31 -2.967998496778773e-03 -3.200137565834816e-03
32 -2.868151201693026e-03 -3.129478842393067e-03
33 -2.764686290472360e-03 -3.056766310766572e-03
34 -2.657770426767432e-03 -2.982051302376763e-03
35 -2.547570274228898e-03 -2.905385148645062e-03
36 -2.434252496507419e-03 -2.826819180992899e-03
37 -2.317983757253648e-03 -2.746404730841700e-03
38 -2.198930720118247e-03 -2.664193129612891e-03
39 -2.077260048751873e-03 -2.580235708727901e-03
40 -1.953138406805182e-03 -2.494583799608155e-03
41 -1.826732457928834e-03 -2.407288733675083e-03
42 -1.698208865773485e-03 -2.318401842350108e-03
43 -1.567734293989793e-03 -2.227974457054660e-03
44 -1.435475406228416e-03 -2.136057909210164e-03
45 -1.301598866140013e-03 -2.042703530238050e-03
46 -1.166271337375240e-03 -1.947962651559742e-03
47 -1.029659483584755e-03 -1.851886604596667e-03
48 -8.919299684192166e-04 -1.754526720770254e-03
49 -7.532494555292824e-04 -1.655934331501929e-03
50 -6.137846085656102e-04 -1.556160768213120e-03
51 -4.737020911788571e-04 -1.455257362325253e-03
52 -3.331685670196810e-04 -1.353275445259754e-03
53 -1.923506997387400e-04 -1.250266348438051e-03
54 -5.141515298669189e-05 -1.146281403281572e-03
55 8.947140958580536e-05 -1.041371941211743e-03
56 2.301423243280945e-04 -9.355892936499913e-04
57 3.704309275895181e-04 -8.289847920177432e-04
58 5.101705557194173e-04 -7.216097677364266e-04
59 6.491945450671352e-04 -6.135155522274679e-04
60 7.873362319820136e-04 -5.047534769122948e-04
61 9.244289528133949e-04 -3.953748732123334e-04
62 1.060306043910621e-03 -2.854310725490118e-04
63 1.194800841623036e-03 -1.749734063437559e-04
64 1.327746682299980e-03 -6.405320601799282e-05
65 1.458976902290794e-03 4.727819700684881e-05
66 1.588324837944824e-03 1.589694713093443e-04
67 1.715623825611409e-03 2.709692854680646e-04
68 1.840707201639894e-03 3.832263080615844e-04
69 1.963408302379619e-03 4.956892076684761e-04
70 2.083560464179927e-03 6.083066528673117e-04
71 2.200997023390160e-03 7.210273122366656e-04
72 2.315551316359660e-03 8.337998543551097e-04
73 2.427056679437771e-03 9.465729478012184e-04
74 2.535346448973835e-03 1.059295261153564e-03
75 2.640253961317191e-03 1.171915462990718e-03
76 2.741612552817184e-03 1.284382221891256e-03
77 2.839255559823156e-03 1.396644206433748e-03
78 2.933016318684449e-03 1.508650085196770e-03
79 3.022728165750406e-03 1.620348526758894e-03
80 3.108224437370367e-03 1.731688199698691e-03
81 3.189338469893676e-03 1.842617772594737e-03
82 3.265903599669674e-03 1.953085914025603e-03
83 3.337753163047705e-03 2.063041292569863e-03
84 3.404720496377111e-03 2.172432576806090e-03
85 3.466638936007232e-03 2.281208435312855e-03
86 3.523341818287414e-03 2.389317536668734e-03
87 3.574662479566996e-03 2.496708549452299e-03
88 3.620434256195321e-03 2.603330142242121e-03
89 3.660490484521732e-03 2.709130983616777e-03
90 3.694664500895570e-03 2.814059742154835e-03
91 3.722789641666179e-03 2.918065086434872e-03
92 3.744699243182900e-03 3.021095685035460e-03
93 3.760226641795074e-03 3.123100206535170e-03
94 3.769205173852047e-03 3.224027319512577e-03
95 3.770496823548635e-03 3.312783909271563e-03
96 3.763897802285485e-03 3.390610544224540e-03
97 3.749619555653032e-03 3.457774196374983e-03
98 3.727873529241716e-03 3.514541837726367e-03
99 3.698871168641972e-03 3.561180440282167e-03
100 3.662823919444238e-03 3.597956976045859e-03
101 3.619943227238954e-03 3.625138417020918e-03
102 3.570440537616558e-03 3.642991735210819e-03
103 3.514527296167484e-03 3.651783902619038e-03
104 3.452414948482175e-03 3.651781891249051e-03
105 3.384314940151064e-03 3.643252673104331e-03
106 3.310438716764590e-03 3.626463220188357e-03
107 3.230997723913194e-03 3.601680504504600e-03
108 3.146203407187311e-03 3.569171498056539e-03
109 3.056267212177377e-03 3.529203172847648e-03
110 2.961400584473835e-03 3.482042500881402e-03
111 2.861814969667118e-03 3.427956454161276e-03
112 2.757721813347666e-03 3.367212004690746e-03
113 2.649332561105917e-03 3.300076124473288e-03
114 2.536858658532306e-03 3.226815785512377e-03
115 2.420511551217274e-03 3.147697959811486e-03
116 2.300502684751258e-03 3.062989619374094e-03
117 2.177043504724695e-03 2.972957736203674e-03
118 2.050345456728024e-03 2.877869282303702e-03
119 1.920619986351682e-03 2.777991229677654e-03
120 1.788078539186106e-03 2.673590550329004e-03
121 1.652932560821735e-03 2.564934216261228e-03
122 1.515393496849006e-03 2.452289199477803e-03
123 1.375672792858357e-03 2.335922471982201e-03
124 1.233981894440227e-03 2.216101005777900e-03
125 1.090532247185051e-03 2.093091772868375e-03
126 9.455352966832705e-04 1.967161745257100e-03
127 7.992024885253201e-04 1.838577894947551e-03
128 6.517452683016393e-04 1.707607193943204e-03
129 5.033750816026648e-04 1.574516614247533e-03
130 3.543033740188355e-04 1.439573127864015e-03
131 2.047415911405882e-04 1.303043706796124e-03
132 5.490117855836084e-05 1.165195323047336e-03
133 -9.500641813740796e-05 1.026294948621127e-03
134 -2.447697533562815e-04 8.866095555209706e-04
135 -3.941773815078211e-04 7.464061157503437e-04
136 -5.430178570015893e-04 6.059516013127211e-04
137 -6.910797342471486e-04 4.655129842115775e-04
138 -8.381515676540609e-04 3.253572364503895e-04
139 -9.840219116318888e-04 1.857513300326317e-04
140 -1.128479320590194e-03 4.696223696177940e-05
141 -1.271312348938539e-03 -9.074307075869172e-05
142 -1.412309551086486e-03 -2.270976211253064e-04
143 -1.551259481443597e-03 -3.618344421345896e-04
144 -1.687950694419434e-03 -4.946865617830659e-04
145 -1.822171744423560e-03 -6.253870080672597e-04
146 -1.953711185865537e-03 -7.536688089836956e-04
147 -2.082357573154927e-03 -8.792649925288985e-04
148 -2.207899460701292e-03 -1.001908586699393e-03
149 -2.330125402914195e-03 -1.121332619491703e-03
150 -2.448823954203197e-03 -1.237270118902355e-03
151 -2.563783668977862e-03 -1.349454112927872e-03
152 -2.674793101647750e-03 -1.457617629564779e-03
153 -2.781640806622425e-03 -1.561493696809602e-03
154 -2.884115338311448e-03 -1.660815342658863e-03
155 -2.982005251124382e-03 -1.755315595109088e-03
156 -3.075099099470790e-03 -1.844727482156803e-03
157 -3.163185437760231e-03 -1.928784031798531e-03

Lines

1 1 2
2 2 3
3 3 4
4 4 5
5 5 6
6 6 7
7 7 8
8 8 9
9 9 10
10 10 11
11 11 12
12 12 13
13 13 14
14 14 15
15 15 16
16 16 17
17 17 18
18 18 19
19 19 20
20 20 21
21 21 22
22 22 23
23 23 24
24 24 25
25 25 26
26 26 27
27 27 28
28 28 29
29 29 30
30 30 31
31 31 32
32 32 33
33 33 34
34 34 35
35 35 36
36 36 37
37 37 38
38 38 39
39 39 40
40 40 41
41 41 42
42 42 43
43 43 44
44 44 45
45 45 46
46 46 47
47 47 48
48 48 49
49 49 50
50 50 51
51 51 52
52 52 53
53 53 54
54 54 55
55 55 56
56 56 57
57 57 58
58 58 59
59 59 60
60 60 61
61 61 62
62 62 63
63 63 64
64 64 65
65 65 66
66 66 67
67 67 68
68 68 69
69 69 70
70 70 71
71 71 72
72 72 73
73 73 74
74 74 75
75 75 76
76 76 77
77 77 78
78 78 79
79 79 80
80 80 81
81 81 82
82 82 83
83 83 84
84 84 85
85 85 86
86 86 87
87 87 88
88 88 89
89 89 90
90 90 91
91 91 92
92 92 93
93 93 94
94 94 95
95 95 96
96 96 97
97 97 98
98 98 99
99 99 100
100 100 101
101 101 102
102 102 103
103 103 104
104 104 105
105 105 106
106 106 107
107 107 108
108 108 109
109 109 110
110 110 111
111 111 112
112 112 113
113 113 114
114 114 115
115 115 116
116 116 117
117 117 118
118 118 119
119 119 120
120 120 121
121 121 122
122 122 123
123 123 124
124 124 125
125 125 126
126 126 127
127 127 128
128 128 129
129 129 130
130 130 131
131 131 132
132 132 133
133 133 134
134 134 135
135 135 136
136 136 137
137 137 138
138 138 139
139 139 140
140 140 141
141 141 142
142 142 143
143 143 144
144 144 145
145 145 146
146 146 147
147 147 148
148 148 149
149 149 150
150 150 151
151 151 152
152 152 153
153 153 154
154 154 155
155 155 156
156 156 157
157 157 1
