shape_32

143 points
143 lines

Points

1 4.255111952532297e-04 -8.399313202174234e-04
2 4.968616763595436e-04 -8.887901403828785e-04
3 5.782888486897798e-04 -9.424015237467595e-04
4 6.690534605074408e-04 -1.000362071791941e-03
5 7.684162600760287e-04 -1.062268386001296e-03
6 8.756379956590457e-04 -1.127717067857702e-03
7 9.899794155199941e-04 -1.196304718844029e-03
8 1.110701267922376e-03 -1.267627940443155e-03
9 1.237064301129694e-03 -1.341283334137953e-03
10 1.368329263405450e-03 -1.416867501411297e-03
11 1.503756903013146e-03 -1.493977043746062e-03
12 1.642607968216284e-03 -1.572208562625122e-03
13 1.784143207278367e-03 -1.651158659531351e-03
14 1.927623368462896e-03 -1.730423935947624e-03
15 2.072309200033375e-03 -1.809600993356814e-03
16 2.217461450253306e-03 -1.888286433241798e-03
17 2.362340867386190e-03 -1.966076857085448e-03
18 2.506208199695530e-03 -2.042568866370639e-03
19 2.648324195444828e-03 -2.117359062580245e-03
20 2.787949602897586e-03 -2.190044047197141e-03
21 2.924345170317306e-03 -2.260220421704201e-03
22 3.056771645967491e-03 -2.327484787584299e-03
23 3.184489778111644e-03 -2.391433746320310e-03
24 3.306760315013265e-03 -2.451663899395109e-03
25 3.422844004935858e-03 -2.507771848291568e-03
26 3.532001596142924e-03 -2.559354194492563e-03
27 3.633493836897966e-03 -2.606007539480969e-03
28 3.726581475464486e-03 -2.647328484739659e-03
29 3.810525260105987e-03 -2.682913631751507e-03
30 3.884585939085969e-03 -2.712359581999389e-03
31 3.948024260667937e-03 -2.735262936966179e-03
32 4.000100973115391e-03 -2.751220298134749e-03
33 4.040076824691835e-03 -2.759828266987976e-03
34 4.067212563660770e-03 -2.760683445008733e-03
35 4.080768938285699e-03 -2.753382433679896e-03
36 4.080006696830123e-03 -2.737521834484337e-03
37 4.064186587557545e-03 -2.712698248904932e-03
38 4.032569358731468e-03 -2.678508278424555e-03
39 3.984415758615393e-03 -2.634548524526079e-03
40 3.894482143251995e-03 -2.557234665212535e-03
41 3.800876871328974e-03 -2.477577987164248e-03
42 3.703714243997211e-03 -2.395672224046292e-03
43 3.603108562407577e-03 -2.311611109523745e-03
44 3.499174127710951e-03 -2.225488377261685e-03
45 3.392025241058205e-03 -2.137397760925187e-03
46 3.281776203600216e-03 -2.047432994179327e-03
47 3.168541316487858e-03 -1.955687810689183e-03
48 3.052434880872009e-03 -1.862255944119829e-03
49 2.933571197903543e-03 -1.767231128136345e-03
50 2.812064568733335e-03 -1.670707096403806e-03
51 2.688029294512260e-03 -1.572777582587287e-03
52 2.561579676391194e-03 -1.473536320351868e-03
53 2.432830015521013e-03 -1.373077043362621e-03
54 2.301894613052592e-03 -1.271493485284627e-03
55 2.168887770136807e-03 -1.168879379782961e-03
56 2.033923787924531e-03 -1.065328460522697e-03
57 1.897116967566641e-03 -9.609344611689142e-04
58 1.758581610214014e-03 -8.557911153866894e-04
59 1.618432017017523e-03 -7.499921568410980e-04
60 1.476782489128045e-03 -6.436313191972169e-04
61 1.333747327696453e-03 -5.368023361201223e-04
62 1.189440833873625e-03 -4.295989412748910e-04
63 1.043977308810435e-03 -3.221148683265998e-04
64 8.974710536577596e-04 -2.144438509403254e-04
65 7.500363695664725e-04 -1.066796227811436e-04
66 6.017875576874498e-04 1.084082485868806e-06
67 4.528389191715669e-04 1.087535311956355e-04
68 3.033047551697001e-04 2.162349896830789e-04
69 1.532993668327239e-04 3.234347242831232e-04
70 2.937055311512686e-06 4.302590013306929e-04
71 -1.476678782430557e-04 5.366140871607092e-04
72 -2.984011326801072e-04 6.424062481080969e-04
73 -4.491484068487679e-04 7.475417505077801e-04
74 -5.997953995981595e-04 8.519268606946807e-04
75 -7.502278097774094e-04 9.554678450037238e-04
76 -9.003313362356399e-04 1.058070969769831e-03
77 -1.049991677821977e-03 1.159642501327927e-03
78 -1.199094533385545e-03 1.260088706012936e-03
79 -1.347525601775468e-03 1.359315850159779e-03
80 -1.495170581840872e-03 1.457230200103383e-03
81 -1.641915172430879e-03 1.553738022178667e-03
82 -1.787645072394616e-03 1.648745582720558e-03
83 -1.932245980581208e-03 1.742159148063979e-03
84 -2.075603595839776e-03 1.833884984543852e-03
85 -2.217603617019450e-03 1.923829358495101e-03
86 -2.358131742969350e-03 2.011898536252650e-03
87 -2.497073672538603e-03 2.097998784151423e-03
88 -2.634315104576332e-03 2.182036368526341e-03
89 -2.769741737931662e-03 2.263917555712330e-03
90 -2.903239271453721e-03 2.343548612044312e-03
91 -3.034693403991629e-03 2.420835803857212e-03
92 -3.163989834394512e-03 2.495685397485952e-03
93 -3.291014261511495e-03 2.568003659265457e-03
94 -3.415652384191703e-03 2.637696855530647e-03
95 -3.537789901284261e-03 2.704671252616450e-03
96 -3.657312511638291e-03 2.768833116857787e-03
97 -3.774105914102921e-03 2.830088714589580e-03
98 -3.888055807527273e-03 2.888344312146756e-03
99 -3.965551696977525e-03 2.925579974886196e-03
100 -4.027325186212349e-03 2.951300974607137e-03
101 -4.073929259836852e-03 2.965933962172939e-03
102 -4.105916902456134e-03 2.969905588446955e-03
103 -4.123841098675303e-03 2.963642504292546e-03
104 -4.128254833099458e-03 2.947571360573070e-03
105 -4.119711090333707e-03 2.922118808151883e-03
106 -4.098762854983149e-03 2.887711497892342e-03
107 -4.065963111652894e-03 2.844776080657806e-03
108 -4.021864844948040e-03 2.793739207311633e-03
109 -3.967021039473695e-03 2.735027528717178e-03
110 -3.901984679834958e-03 2.669067695737799e-03
111 -3.827308750636938e-03 2.596286359236857e-03
112 -3.743546236484734e-03 2.517110170077705e-03
113 -3.651250121983453e-03 2.431965779123704e-03
114 -3.550973391738196e-03 2.341279837238210e-03
115 -3.443269030354070e-03 2.245478995284581e-03
116 -3.328690022436175e-03 2.144989904126173e-03
117 -3.207789352589617e-03 2.040239214626345e-03
118 -3.081120005419501e-03 1.931653577648456e-03
119 -2.949234965530927e-03 1.819659644055860e-03
120 -2.812687217529001e-03 1.704684064711917e-03
121 -2.672029746018828e-03 1.587153490479983e-03
122 -2.527815535605509e-03 1.467494572223417e-03
123 -2.380597570894150e-03 1.346133960805577e-03
124 -2.230928836489853e-03 1.223498307089818e-03
125 -2.079362316997721e-03 1.100014261939500e-03
126 -1.926450997022860e-03 9.761084762179787e-04
127 -1.772747861170373e-03 8.522076007886132e-04
128 -1.618805894045363e-03 7.287382865147602e-04
129 -1.465178080252935e-03 6.061271842597776e-04
130 -1.312417404398191e-03 4.848009448870222e-04
131 -1.161076851086236e-03 3.651862192598521e-04
132 -1.011709404922173e-03 2.477096582416252e-04
133 -8.648680505111071e-04 1.327979126956983e-04
134 -7.211057724581400e-04 2.087763348542930e-05
135 -5.809755553683757e-04 -8.762452852582491e-05
136 -4.450303838469192e-04 -1.922819224747057e-04
137 -3.138232424988738e-04 -2.926678974978560e-04
138 -1.879071159293429e-04 -3.883558027319183e-04
139 -6.783498874343012e-05 -4.789189873135352e-04
140 4.584015445376062e-05 -5.639308003793490e-04
141 1.525653290571256e-04 -6.429645910660021e-04
142 2.517875504615616e-04 -7.155937085101378e-04
143 3.429538340619641e-04 -7.813915018483971e-04

Lines

1 1 2
2 2 3
3 3 4
4 4 5
5 5 6
6 6 7
7 7 8
8 8 9
9 9 10
10 10 11
11 11 12
12 12 13
13 13 14
14 14 15
15 15 16
16 16 17
17 17 18
18 18 19
19 19 20
20 20 21
21 21 22
22 22 23
23 23 24
24 24 25
25 25 26
26 26 27
27 27 28
28 28 29
29 29 30
30 30 31
31 31 32
32 32 33
33 33 34
34 34 35
35 35 36
36 36 37
37 37 38
38 38 39
39 39 40
40 40 41
41 41 42
42 42 43
43 43 44
44 44 45
45 45 46
46 46 47
47 47 48
48 48 49
49 49 50
50 50 51
51 51 52
52 52 53
53 53 54
54 54 55
55 55 56
56 56 57
57 57 58
58 58 59
59 59 60
60 60 61
61 61 62
62 62 63
63 63 64
64 64 65
65 65 66
66 66 67
67 67 68
68 68 69
69 69 70
70 70 71
71 71 72
72 72 73
73 73 74
74 74 75
75 75 76
76 76 77
77 77 78
78 78 79
79 79 80
80 80 81
81 81 82
82 82 83
83 83 84
84 84 85
85 85 86
86 86 87
87 87 88
88 88 89
89 89 90
90 90 91
91 91 92
92 92 93
93 93 94
94 94 95
95 95 96
96 96 97
97 97 98
98 98 99
99 99 100
100 100 101
101 101 102
102 102 103
103 103 104
104 104 105
105 105 106
106 106 107
107 107 108
108 108 109
109 109 110
110 110 111
111 111 112
112 112 113
113 113 114
114 114 115
115 115 116
116 116 117
117 117 118
118 118 119
119 119 120
120 120 121
121 121 122
122 122 123
123 123 124
124 124 125
125 125 126
126 126 127
127 127 128
128 128 129
129 129 130
130 130 131
131 131 132
132 132 133
133 133 134
134 134 135
135 135 136
136 136 137
137 137 138
138 138 139
139 139 140
140 140 141
141 141 142
142 142 143
143 143 1
