shape_83

126 points
126 lines

Points

1 -3.463539519740575e-03 -3.426609729942788e-03
2 -3.341763987999035e-03 -3.363894916726057e-03
3 -3.217460253012817e-03 -3.295845772237745e-03
4 -3.090750225556809e-03 -3.222639518126788e-03
5 -2.961755816405894e-03 -3.144453376042119e-03
6 -2.830598936334957e-03 -3.061464567632671e-03
7 -2.697401496118885e-03 -2.973850314547378e-03
8 -2.562285406532561e-03 -2.881787838435172e-03
9 -2.425372578350872e-03 -2.785454360944987e-03
10 -2.286784922348702e-03 -2.685027103725757e-03
11 -2.146644349300938e-03 -2.580683288426415e-03
12 -2.005072769982463e-03 -2.472600136695894e-03
13 -1.862192095168164e-03 -2.360954870183128e-03
14 -1.718124235632925e-03 -2.245924710537050e-03
15 -1.572991102151631e-03 -2.127686879406593e-03
16 -1.426914605499169e-03 -2.006418598440690e-03
17 -1.280016656450423e-03 -1.882297089288276e-03
18 -1.132419165780277e-03 -1.755499573598283e-03
19 -9.842440442636188e-04 -1.626203273019645e-03
20 -8.356132026753322e-04 -1.494585409201296e-03
21 -6.866485517903023e-04 -1.360823203792168e-03
22 -5.374720023834142e-04 -1.225093878441194e-03
23 -3.882054652295536e-04 -1.087574654797309e-03
24 -2.389708511036057e-04 -9.484427545094460e-04
25 -8.989007078045452e-05 -8.078753992265370e-04
26 5.891496496501273e-05 -6.660498105975165e-04
27 2.073223453579118e-04 -5.231432102713188e-04
28 3.552101596233580e-04 -3.793328198968750e-04
29 5.024564969864650e-04 -2.347958611231204e-04
30 6.489394466723487e-04 -8.970955559898748e-05
31 7.945370979061230e-04 5.574887502658993e-05
32 9.391275399129033e-04 2.014022091046794e-04
33 1.082588861917804e-03 3.470732249863466e-04
34 1.224799153145941e-03 4.925847010226588e-04
35 1.365636502822427e-03 6.377594155646820e-04
36 1.504979000172378e-03 7.824201469634833e-04
37 1.642704734420910e-03 9.263896735701292e-04
38 1.778691794793135e-03 1.069490773735687e-03
39 1.912818270514170e-03 1.211546225811222e-03
40 2.044962250809130e-03 1.352378808147802e-03
41 2.175001824903127e-03 1.491811299096492e-03
42 2.302815082021279e-03 1.629666477008361e-03
43 2.428280111388700e-03 1.765767120234474e-03
44 2.551275002230503e-03 1.899936007125898e-03
45 2.671677843771805e-03 2.031995916033700e-03
46 2.789366725237719e-03 2.161769625308947e-03
47 2.904219735853362e-03 2.289079913302703e-03
48 3.016114964843846e-03 2.413749558366038e-03
49 3.124930501434288e-03 2.535601338850019e-03
50 3.230544434849803e-03 2.654458033105708e-03
51 3.332834854315504e-03 2.770142419484176e-03
52 3.431679849056506e-03 2.882477276336488e-03
53 3.526957508297925e-03 2.991285382013711e-03
54 3.618545921264875e-03 3.096389514866911e-03
55 3.656760745446416e-03 3.145979209320725e-03
56 3.674198263616495e-03 3.182396094023161e-03
57 3.672169367012249e-03 3.206357887952056e-03
58 3.651984946870814e-03 3.218582310085246e-03
59 3.614955894429321e-03 3.219787079400561e-03
60 3.562393100924911e-03 3.210689914875841e-03
61 3.495607457594719e-03 3.192008535488917e-03
62 3.415909855675879e-03 3.164460660217626e-03
63 3.324611186405527e-03 3.128764008039802e-03
64 3.223022341020800e-03 3.085636297933281e-03
65 3.112454210758833e-03 3.035795248875897e-03
66 2.994217686856761e-03 2.979958579845482e-03
67 2.869623660551722e-03 2.918844009819877e-03
68 2.739983023080849e-03 2.853169257776912e-03
69 2.606606665681279e-03 2.783652042694423e-03
70 2.470805479590148e-03 2.711010083550245e-03
71 2.333890356044591e-03 2.635961099322214e-03
72 2.197172186281745e-03 2.559222808988164e-03
73 2.061961861538745e-03 2.481512931525929e-03
74 1.929570273052727e-03 2.403549185913345e-03
75 1.801308312060825e-03 2.326049291128245e-03
76 1.678486869800178e-03 2.249730966148466e-03
77 1.562416837507919e-03 2.175311929951842e-03
78 1.454409106421185e-03 2.103509901516208e-03
79 1.355774567777112e-03 2.035042599819399e-03
80 1.267824112812835e-03 1.970627743839249e-03
81 1.191868632765490e-03 1.910983052553594e-03
82 1.129219018872213e-03 1.856826244940268e-03
83 1.037071254738331e-03 1.771364142985812e-03
84 9.351186919417327e-04 1.675699864558400e-03
85 8.240139479259351e-04 1.570443875713090e-03
86 7.044096401344547e-04 1.456206642504943e-03
87 5.769583860108081e-04 1.333598630989018e-03
88 4.423128029985122e-04 1.203230307220376e-03
89 3.011255085410832e-04 1.065712137254074e-03
90 1.540491200820380e-04 9.216545871451730e-04
91 1.736255064892870e-06 7.716681229487321e-04
92 -1.551604690668352e-04 6.163632107198108e-04
93 -3.159884348696296e-04 4.563503165134685e-04
94 -4.800950248999739e-04 2.922399063847651e-04
95 -6.468276217143519e-04 1.246424463887591e-04
96 -8.155336078692459e-04 -4.583159741948852e-05
97 -9.855603659211403e-04 -2.185717589849196e-04
98 -1.156255278426518e-03 -3.929675722524736e-04
99 -1.326965727941862e-03 -5.684085711670916e-04
100 -1.497039097023657e-03 -7.442842896737141e-04
101 -1.665822768228385e-03 -9.199842617172813e-04
102 -1.832664124112531e-03 -1.094898021242734e-03
103 -1.996910547232576e-03 -1.268415102195013e-03
104 -2.157909420145005e-03 -1.439925038519058e-03
105 -2.315008125406302e-03 -1.608817364159810e-03
106 -2.467554045572948e-03 -1.774481613062209e-03
107 -2.614894563201429e-03 -1.936307319171197e-03
108 -2.756377060848227e-03 -2.093684016431713e-03
109 -2.891348921069826e-03 -2.246001238788698e-03
110 -3.019157526422709e-03 -2.392648520187092e-03
111 -3.139150259463359e-03 -2.533015394571837e-03
112 -3.250674502748260e-03 -2.666491395887871e-03
113 -3.353077638833895e-03 -2.792466058080137e-03
114 -3.445707050276748e-03 -2.910328915093574e-03
115 -3.527910119633302e-03 -3.019469500873123e-03
116 -3.599034229460039e-03 -3.119277349363724e-03
117 -3.658426762313446e-03 -3.209141994510319e-03
118 -3.705435100750003e-03 -3.288452970257847e-03
119 -3.739406627326194e-03 -3.356599810551249e-03
120 -3.759688724598503e-03 -3.412972049335466e-03
121 -3.765628775123414e-03 -3.456959220555437e-03
122 -3.756574161457409e-03 -3.487950858156104e-03
123 -3.731872266156973e-03 -3.505336496082406e-03
124 -3.690870471778588e-03 -3.508505668279286e-03
125 -3.632916160878738e-03 -3.496847908691683e-03
126 -3.557356716013905e-03 -3.469752751264536e-03

Lines

1 1 2
2 2 3
3 3 4
4 4 5
5 5 6
6 6 7
7 7 8
8 8 9
9 9 10
10 10 11
11 11 12
12 12 13
13 13 14
14 14 15
15 15 16
16 16 17
17 17 18
18 18 19
19 19 20
20 20 21
21 21 22
22 22 23
23 23 24
24 24 25
25 25 26
26 26 27
27 27 28
28 28 29
29 29 30
30 30 31
31 31 32
32 32 33
33 33 34
34 34 35
35 35 36
36 36 37
37 37 38
38 38 39
39 39 40
40 40 41
41 41 42
42 42 43
43 43 44
44 44 45
45 45 46
46 46 47
47 47 48
48 48 49
49 49 50
50 50 51
51 51 52
52 52 53
53 53 54
54 54 55
55 55 56
56 56 57
57 57 58
58 58 59
59 59 60
60 60 61
61 61 62
62 62 63
63 63 64
64 64 65
65 65 66
66 66 67
67 67 68
68 68 69
69 69 70
70 70 71
71 71 72
72 72 73
73 73 74
74 74 75
75 75 76
76 76 77
77 77 78
78 78 79
79 79 80
80 80 81
81 81 82
82 82 83
83 83 84
84 84 85
85 85 86
86 86 87
87 87 88
88 88 89
89 89 90
90 90 91
91 91 92
92 92 93
93 93 94
94 94 95
95 95 96
96 96 97
97 97 98
98 98 99
99 99 100
100 100 101
101 101 102
102 102 103
103 103 104
104 104 105
105 105 106
106 106 107
107 107 108
108 108 109
109 109 110
110 110 111
111 111 112
112 112 113
113 113 114
114 114 115
115 115 116
116 116 117
117 117 118
118 118 119
119 119 120
120 120 121
121 121 122
122 122 123
123 123 124
124 124 125
125 125 126
126 126 1
