shape_13

166 points
166 lines

Points

1 -1.756162268322919e-03 -1.523343401054785e-03
2 -1.756253684937043e-03 -1.592866434843858e-03
3 -1.750351115746121e-03 -1.669294106557448e-03
4 -1.738722360725283e-03 -1.752131645109053e-03
5 -1.721635219849658e-03 -1.840884279412166e-03
6 -1.699357493094377e-03 -1.935057238380283e-03
7 -1.672156980434571e-03 -2.034155750926901e-03
8 -1.640301481845368e-03 -2.137685045965511e-03
9 -1.604058797301901e-03 -2.245150352409611e-03
10 -1.563696726779297e-03 -2.356056899172697e-03
11 -1.519483070252689e-03 -2.469909915168263e-03
12 -1.471685627697207e-03 -2.586214629309803e-03
13 -1.420572199087980e-03 -2.704476270510815e-03
14 -1.366410584400139e-03 -2.824200067684792e-03
15 -1.309468583608814e-03 -2.944891249745230e-03
16 -1.250013996689135e-03 -3.066055045605622e-03
17 -1.188314623616233e-03 -3.187196684179468e-03
18 -1.124638264365237e-03 -3.307821394380260e-03
19 -1.059252718911278e-03 -3.427434405121492e-03
20 -9.924257872294870e-04 -3.545540945316663e-03
21 -9.244252692949927e-04 -3.661646243879265e-03
22 -8.555189650829262e-04 -3.775255529722795e-03
23 -7.859746745684180e-04 -3.885874031760747e-03
24 -7.160601977265973e-04 -3.993006978906617e-03
25 -6.460433345325951e-04 -4.096159600073900e-03
26 -5.761918849615415e-04 -4.194837124176089e-03
27 -5.067736489885666e-04 -4.288544780126685e-03
28 -4.380564265888013e-04 -4.376787796839177e-03
29 -3.703080177373746e-04 -4.459071403227064e-03
30 -3.037962224094176e-04 -4.534900828203839e-03
31 -2.387888405800607e-04 -4.603781300682999e-03
32 -1.755536722244334e-04 -4.665218049578037e-03
33 -1.143585173176663e-04 -4.718716303802451e-03
34 -5.547117583488963e-05 -4.763781292269734e-03
35 8.405522487663495e-07 -4.799918243893382e-03
36 5.430886695817122e-05 -4.826632387586891e-03
37 1.046659683181952e-04 -4.843428952263755e-03
38 1.516440563537078e-04 -4.849813166837469e-03
39 1.949753310895786e-04 -4.845290260221529e-03
40 2.343919925506778e-04 -4.829365461329431e-03
41 2.696262407618750e-04 -4.801543999074668e-03
42 3.004102757480398e-04 -4.761331102370737e-03
43 3.264762975340421e-04 -4.708232000131132e-03
44 3.640545297700750e-04 -4.611291099673631e-03
45 4.017914944816931e-04 -4.510070844320656e-03
46 4.396369938194574e-04 -4.404703450307117e-03
47 4.775408299339298e-04 -4.295321133867937e-03
48 5.154528049756714e-04 -4.182056111238027e-03
49 5.533227210952438e-04 -4.065040598652307e-03
50 5.911003804432087e-04 -3.944406812345693e-03
51 6.287355851701271e-04 -3.820286968553098e-03
52 6.661781374265610e-04 -3.692813283509443e-03
53 7.033778393630715e-04 -3.562117973449641e-03
54 7.402844931302196e-04 -3.428333254608611e-03
55 7.768479008785678e-04 -3.291591343221268e-03
56 8.130178647586769e-04 -3.152024455522529e-03
57 8.487441869211083e-04 -3.009764807747311e-03
58 8.839766695164236e-04 -2.864944616130529e-03
59 9.186651146951842e-04 -2.717696096907100e-03
60 9.527593246079517e-04 -2.568151466311940e-03
61 9.862091014052876e-04 -2.416442940579968e-03
62 1.018964247237754e-03 -2.262702735946098e-03
63 1.050974564255910e-03 -2.107063068645246e-03
64 1.082189854610319e-03 -1.949656154912330e-03
65 1.112559920451543e-03 -1.790614210982265e-03
66 1.142034563930142e-03 -1.630069453089970e-03
67 1.170563587196678e-03 -1.468154097470360e-03
68 1.198096792401713e-03 -1.305000360358349e-03
69 1.224583981695808e-03 -1.140740457988857e-03
70 1.249974957229523e-03 -9.755066065967991e-04
71 1.274219521153422e-03 -8.094310224170926e-04
72 1.297267475618065e-03 -6.426459216846526e-04
73 1.319068622774014e-03 -4.752835206343956e-04
74 1.339572764771830e-03 -3.074760355012386e-04
75 1.358729703762074e-03 -1.393556825200979e-04
76 1.376489241895309e-03 2.894532207410927e-05
77 1.392801181322096e-03 1.972947620464680e-04
78 1.407615324192995e-03 3.655604211620600e-04
79 1.420881472658569e-03 5.336100831859707e-04
80 1.432549428869379e-03 7.013115318832832e-04
81 1.442568994975986e-03 8.685325510190787e-04
82 1.450889973128952e-03 1.035140924358445e-03
83 1.457462165478838e-03 1.201004435666461e-03
84 1.462235374176206e-03 1.365990868708214e-03
85 1.465159401371618e-03 1.529968007248786e-03
86 1.466184049215634e-03 1.692803635053260e-03
87 1.465259119858815e-03 1.854365535886721e-03
88 1.462334415451725e-03 2.014521493514251e-03
89 1.457359738144924e-03 2.173139291700935e-03
90 1.450284890088973e-03 2.330086714211856e-03
91 1.441059673434434e-03 2.485231544812097e-03
92 1.429633890331869e-03 2.638441567266742e-03
93 1.415957342931838e-03 2.789584565340873e-03
94 1.399979833384904e-03 2.938528322799578e-03
95 1.381651163841627e-03 3.085140623407937e-03
96 1.360921136452570e-03 3.229289250931033e-03
97 1.337739553368294e-03 3.370841989133952e-03
98 1.312056216739358e-03 3.509666621781775e-03
99 1.283820928716328e-03 3.645630932639587e-03
100 1.252983491449762e-03 3.778602705472472e-03
101 1.219493707090223e-03 3.908449724045512e-03
102 1.183301377788272e-03 4.035039772123793e-03
103 1.144356305694469e-03 4.158240633472397e-03
104 1.102608292959378e-03 4.277920091856405e-03
105 1.058007141733559e-03 4.393945931040906e-03
106 1.010502654167575e-03 4.506185934790978e-03
107 9.600446324119848e-04 4.614507886871709e-03
108 9.065828786173517e-04 4.718779571048181e-03
109 8.500671949342368e-04 4.818868771085476e-03
110 7.904473835132013e-04 4.914643270748681e-03
111 7.383078924822083e-04 4.986584100228842e-03
112 6.853038205478543e-04 5.044588987945612e-03
113 6.314968632828901e-04 5.089057904818407e-03
114 5.769487162600664e-04 5.120390821766646e-03
115 5.217210750521347e-04 5.138987709709749e-03
116 4.658756352318461e-04 5.145248539567137e-03
117 4.094740923719514e-04 5.139573282258228e-03
118 3.525781420452012e-04 5.122361908702437e-03
119 2.952494798243473e-04 5.094014389819186e-03
120 2.375498012821403e-04 5.054930696527898e-03
121 1.795408019913315e-04 5.005510799747989e-03
122 1.212841775246714e-04 4.946154670398875e-03
123 6.284162345491128e-05 4.877262279399977e-03
124 4.274835354802602e-06 4.799233597670718e-03
125 -5.435449120290407e-05 4.712468596130514e-03
126 -1.129846606454578e-04 4.617367245698782e-03
127 -1.715539774001073e-04 4.514329517294943e-03
128 -2.300007458941016e-04 4.403755381838418e-03
129 -2.882632705546897e-04 4.286044810248626e-03
130 -3.462798558091206e-04 4.161597773444982e-03
131 -4.039888060846432e-04 4.030814242346907e-03
132 -4.613284258085066e-04 3.894094187873824e-03
133 -5.182370194079596e-04 3.751837580945147e-03
134 -5.746528913102512e-04 3.604444392480296e-03
135 -6.305143459426306e-04 3.452314593398692e-03
136 -6.857596877323467e-04 3.295848154619753e-03
137 -7.403272211066484e-04 3.135445047062901e-03
138 -7.941552504927847e-04 2.971505241647549e-03
139 -8.471820803180047e-04 2.804428709293120e-03
140 -8.993460150095566e-04 2.634615420919033e-03
141 -9.505853589946904e-04 2.462465347444708e-03
142 -1.000838416700655e-03 2.288378459789560e-03
143 -1.050043492554698e-03 2.112754728873012e-03
144 -1.098138890984070e-03 1.935994125614484e-03
145 -1.145062916416020e-03 1.758496620933392e-03
146 -1.190753873277796e-03 1.580662185749155e-03
147 -1.235150065996648e-03 1.402890790981194e-03
148 -1.278189798999823e-03 1.225582407548929e-03
149 -1.319811376714572e-03 1.049137006371776e-03
150 -1.359953103568143e-03 8.739545583691556e-04
151 -1.398553283987786e-03 7.004350344604867e-04
152 -1.435550222400748e-03 5.289784055651895e-04
153 -1.470882223234280e-03 3.599846426026825e-04
154 -1.504487590915630e-03 1.938537164923833e-04
155 -1.536304629872048e-03 3.098559815371219e-05
156 -1.566271644530781e-03 -1.282197414939104e-04
157 -1.594326939319079e-03 -2.833623315310668e-04
158 -1.620408818664192e-03 -4.340422010383387e-04
159 -1.644455586993368e-03 -5.798593790963059e-04
160 -1.666405548733855e-03 -7.204138947855489e-04
161 -1.686197008312903e-03 -8.553057771866489e-04
162 -1.703768270157762e-03 -9.841350553801878e-04
163 -1.719057638695680e-03 -1.106501758446746e-03
164 -1.732003418353905e-03 -1.222005915466903e-03
165 -1.742543913559688e-03 -1.330247555521242e-03
166 -1.750617428740276e-03 -1.430826707690342e-03

Lines

1 1 2
2 2 3
3 3 4
4 4 5
5 5 6
6 6 7
7 7 8
8 8 9
9 9 10
10 10 11
11 11 12
12 12 13
13 13 14
14 14 15
15 15 16
16 16 17
17 17 18
18 18 19
19 19 20
20 20 21
21 21 22
22 22 23
23 23 24
24 24 25
25 25 26
26 26 27
27 27 28
28 28 29
29 29 30
30 30 31
31 31 32
32 32 33
33 33 34
34 34 35
35 35 36
36 36 37
37 37 38
38 38 39
39 39 40
40 40 41
41 41 42
42 42 43
43 43 44
44 44 45
45 45 46
46 46 47
47 47 48
48 48 49
49 49 50
50 50 51
51 51 52
52 52 53
53 53 54
54 54 55
55 55 56
56 56 57
57 57 58
58 58 59
59 59 60
60 60 61
61 61 62
62 62 63
63 63 64
64 64 65
65 65 66
66 66 67
67 67 68
68 68 69
69 69 70
70 70 71
71 71 72
72 72 73
73 73 74
74 74 75
75 75 76
76 76 77
77 77 78
78 78 79
79 79 80
80 80 81
81 81 82
82 82 83
83 83 84
84 84 85
85 85 86
86 86 87
87 87 88
88 88 89
89 89 90
90 90 91
91 91 92
92 92 93
93 93 94
94 94 95
95 95 96
96 96 97
97 97 98
98 98 99
99 99 100
100 100 101
101 101 102
102 102 103
103 103 104
104 104 105
105 105 106
106 106 107
107 107 108
108 108 109
109 109 110
110 110 111
111 111 112
112 112 113
113 113 114
114 114 115
115 115 116
116 116 117
117 117 118
118 118 119
119 119 120
120 120 121
121 121 122
122 122 123
123 123 124
124 124 125
125 125 126
126 126 127
127 127 128
128 128 129
129 129 130
130 130 131
131 131 132
132 132 133
133 133 134
134 134 135
135 135 136
136 136 137
137 137 138
138 138 139
139 139 140
140 140 141
141 141 142
142 142 143
143 143 144
144 144 145
145 145 146
146 146 147
147 147 148
148 148 149
149 149 150
150 150 151
151 151 152
152 152 153
153 153 154
154 154 155
155 155 156
156 156 157
157 157 158
158 158 159
159 159 160
160 160 161
161 161 162
162 162 163
163 163 164
164 164 165
165 165 166
166 166 1
