shape_78

160 points
160 lines

Points

1 -4.047858488246561e-03 -2.841465383115758e-03
2 -4.063366341346520e-03 -2.935578756165899e-03
3 -4.066795317972252e-03 -3.019837661697763e-03
4 -4.058557210581336e-03 -3.094513535260990e-03
5 -4.039063811631359e-03 -3.159877812405218e-03
6 -4.008726913579902e-03 -3.216201928680086e-03
7 -3.967958308884549e-03 -3.263757319635231e-03
8 -3.917169790002882e-03 -3.302815420820294e-03
9 -3.856773149392484e-03 -3.333647667784912e-03
10 -3.787180179510938e-03 -3.356525496078723e-03
11 -3.708802672815827e-03 -3.371720341251368e-03
12 -3.622052421764733e-03 -3.379503638852483e-03
13 -3.527341218815241e-03 -3.380146824431710e-03
14 -3.425080856424932e-03 -3.373921333538683e-03
15 -3.315683127051390e-03 -3.361098601723044e-03
16 -3.199559823152197e-03 -3.341950064534430e-03
17 -3.077122737184936e-03 -3.316747157522481e-03
18 -2.948783661607189e-03 -3.285761316236835e-03
19 -2.814954388876542e-03 -3.249263976227130e-03
20 -2.676046711450576e-03 -3.207526573043005e-03
21 -2.532472421786874e-03 -3.160820542234100e-03
22 -2.384643312343017e-03 -3.109417319350051e-03
23 -2.232971175576592e-03 -3.053588339940498e-03
24 -2.077867803945179e-03 -2.993605039555081e-03
25 -1.919744989906360e-03 -2.929738853743434e-03
26 -1.759014525917720e-03 -2.862261218055202e-03
27 -1.596088204436843e-03 -2.791443568040019e-03
28 -1.431377817921308e-03 -2.717557339247525e-03
29 -1.265295158828702e-03 -2.640873967227360e-03
30 -1.098252019616605e-03 -2.561664887529159e-03
31 -9.306601927426013e-04 -2.480201535702564e-03
32 -7.629314706642733e-04 -2.396755347297213e-03
33 -5.954776458392040e-04 -2.311597757862743e-03
34 -4.287105107249759e-04 -2.225000202948795e-03
35 -2.630418577791735e-04 -2.137234118105006e-03
36 -9.888347945937739e-05 -2.048570938881014e-03
37 6.335283177682812e-05 -1.959282100826459e-03
38 2.232552834718603e-04 -1.869639039490979e-03
39 3.804120831681363e-04 -1.779913190424213e-03
40 5.344114384080737e-04 -1.690375989175799e-03
41 6.848415567340889e-04 -1.601298871295376e-03
42 8.312906456885990e-04 -1.512953272332583e-03
43 9.733469128140219e-04 -1.425610627837058e-03
44 1.110598565652774e-03 -1.339542373358440e-03
45 1.242633811747273e-03 -1.255019944446367e-03
46 1.369040858639935e-03 -1.172314776650478e-03
47 1.489407913873178e-03 -1.091698305520412e-03
48 1.603323184989418e-03 -1.013441966605807e-03
49 1.710374879531074e-03 -9.378171954563012e-04
50 1.810151205040562e-03 -8.650954276215346e-04
51 1.902240369060299e-03 -7.955480986511451e-04
52 1.986230579132702e-03 -7.294466440947714e-04
53 2.061710042800187e-03 -6.670624995020518e-04
54 2.128266967605174e-03 -6.086671004226252e-04
55 2.179297846547310e-03 -5.577880747544317e-04
56 2.231806486571099e-03 -4.968206642772229e-04
57 2.285581735650006e-03 -4.263384432490026e-04
58 2.340412441757496e-03 -3.469149859277749e-04
59 2.396087452867033e-03 -2.591238665715437e-04
60 2.452395616952081e-03 -1.635386594383130e-04
61 2.509125781986106e-03 -6.073293878608680e-05
62 2.566066795942572e-03 4.871972112713069e-05
63 2.623007506794943e-03 1.642457460433358e-04
64 2.679736762516682e-03 2.852715617045246e-04
65 2.736043411081257e-03 4.112235938526931e-04
66 2.791716300462129e-03 5.415282682298371e-04
67 2.846544278632766e-03 6.756120105779524e-04
68 2.900316193566629e-03 8.129012466390359e-04
69 2.952820893237185e-03 9.528224021550829e-04
70 3.003847225617896e-03 1.094801902868089e-03
71 3.053184038682228e-03 1.238266174520051e-03
72 3.100620180403648e-03 1.382641642852966e-03
73 3.145944498755617e-03 1.527354733608828e-03
74 3.188945841711600e-03 1.671831872529634e-03
75 3.229413057245061e-03 1.815499485357379e-03
76 3.267134993329467e-03 1.957783997834060e-03
77 3.301900497938280e-03 2.098111835701673e-03
78 3.333498419044965e-03 2.235909424702214e-03
79 3.361717604622988e-03 2.370603190577680e-03
80 3.386346902645813e-03 2.501619559070065e-03
81 3.407175161086903e-03 2.628384955921365e-03
82 3.423991227919724e-03 2.750325806873578e-03
83 3.436583951117739e-03 2.866868537668699e-03
84 3.444742178654414e-03 2.977439574048724e-03
85 3.448254758503213e-03 3.081465341755649e-03
86 3.446910538637600e-03 3.178372266531470e-03
87 3.440498367031040e-03 3.267586774118183e-03
88 3.428807091656997e-03 3.348535290257784e-03
89 3.411625560488937e-03 3.420644240692270e-03
90 3.388742621500322e-03 3.483340051163635e-03
91 3.359947122664619e-03 3.536049147413877e-03
92 3.325027911955290e-03 3.578197955184991e-03
93 3.283773837345802e-03 3.609212900218973e-03
94 3.235973746809618e-03 3.628520408257820e-03
95 3.181416488320203e-03 3.635546905043527e-03
96 3.119890909851021e-03 3.629718816318090e-03
97 3.051185859375537e-03 3.610462567823505e-03
98 2.941799355514082e-03 3.569799411189932e-03
99 2.829711481841881e-03 3.525935082332007e-03
100 2.715050590255968e-03 3.478932083104516e-03
101 2.597945032653374e-03 3.428852915362247e-03
102 2.478523160931133e-03 3.375760080959990e-03
103 2.356913326986278e-03 3.319716081752534e-03
104 2.233243882715841e-03 3.260783419594667e-03
105 2.107643180016854e-03 3.199024596341174e-03
106 1.980239570786352e-03 3.134502113846849e-03
107 1.851161406921366e-03 3.067278473966477e-03
108 1.720537040318930e-03 2.997416178554848e-03
109 1.588494822876075e-03 2.924977729466749e-03
110 1.455163106489836e-03 2.850025628556970e-03
111 1.320670243057244e-03 2.772622377680298e-03
112 1.185144584475333e-03 2.692830478691523e-03
113 1.048714482641136e-03 2.610712433445432e-03
114 9.115082894516844e-04 2.526330743796815e-03
115 7.736543568040120e-04 2.439747911600459e-03
116 6.352810365951515e-04 2.351026438711154e-03
117 4.965166807221358e-04 2.260228826983686e-03
118 3.574896410819970e-04 2.167417578272846e-03
119 2.183282695717686e-04 2.072655194433422e-03
120 7.916091808848331e-05 1.976004177320201e-03
121 -5.988406147082643e-05 1.877527028787973e-03
122 -1.986783172091275e-04 1.777286250691525e-03
123 -3.370934972293872e-04 1.675344344885647e-03
124 -4.750012496345727e-04 1.571763813225127e-03
125 -6.122732225276511e-04 1.466607157564754e-03
126 -7.487810640115900e-04 1.359936879759315e-03
127 -8.843964221893560e-04 1.251815481663599e-03
128 -1.018990945163917e-03 1.142305465132395e-03
129 -1.152436281038240e-03 1.031469332020491e-03
130 -1.284604077915292e-03 9.193695841826756e-04
131 -1.415365983898040e-03 8.060687234737375e-04
132 -1.544593647089451e-03 6.916292517484648e-04
133 -1.672158715592493e-03 5.761136708616465e-04
134 -1.797932837510133e-03 4.595844826680706e-04
135 -1.921787660945339e-03 3.421041890225251e-04
136 -2.043594834001076e-03 2.237352917797998e-04
137 -2.163226004780313e-03 1.045402927946819e-04
138 -2.280552821386016e-03 -1.541830607803932e-05
139 -2.395446931921153e-03 -1.360780029835759e-04
140 -2.507779984488691e-03 -2.573762960671391e-04
141 -2.617423627191599e-03 -3.792506834739403e-04
142 -2.724249508132840e-03 -5.016386633491917e-04
143 -2.828129275415385e-03 -6.244777338381040e-04
144 -2.928934577142200e-03 -7.477053930858895e-04
145 -3.026537061416252e-03 -8.712591392377591e-04
146 -3.120808376340508e-03 -9.950764704389247e-04
147 -3.211620170017936e-03 -1.119094884834598e-03
148 -3.298844090551502e-03 -1.243251880569990e-03
149 -3.382351786044174e-03 -1.367484955790312e-03
150 -3.462014904598919e-03 -1.491731608640777e-03
151 -3.537705094318705e-03 -1.615929337266595e-03
152 -3.609294003306498e-03 -1.740015639812977e-03
153 -3.676653279665266e-03 -1.863928014425137e-03
154 -3.739654571497976e-03 -1.987603959248286e-03
155 -3.798169526907594e-03 -2.110980972427633e-03
156 -3.852069793997089e-03 -2.233996552108392e-03
157 -3.901227020869427e-03 -2.356588196435773e-03
158 -3.945512855627577e-03 -2.478693403554989e-03
159 -3.984798946374504e-03 -2.600249671611251e-03
160 -4.018956941213177e-03 -2.721194498749770e-03

Lines

1 1 2
2 2 3
3 3 4
4 4 5
5 5 6
6 6 7
7 7 8
8 8 9
9 9 10
10 10 11
11 11 12
12 12 13
13 13 14
14 14 15
15 15 16
16 16 17
17 17 18
18 18 19
19 19 20
20 20 21
21 21 22
22 22 23
23 23 24
24 24 25
25 25 26
26 26 27
27 27 28
28 28 29
29 29 30
30 30 31
31 31 32
32 32 33
33 33 34
34 34 35
35 35 36
36 36 37
37 37 38
38 38 39
39 39 40
40 40 41
41 41 42
42 42 43
43 43 44
44 44 45
45 45 46
46 46 47
47 47 48
48 48 49
49 49 50
50 50 51
51 51 52
52 52 53
53 53 54
54 54 55
55 55 56
56 56 57
57 57 58
58 58 59
59 59 60
60 60 61
61 61 62
62 62 63
63 63 64
64 64 65
65 65 66
66 66 67
67 67 68
68 68 69
69 69 70
70 70 71
71 71 72
72 72 73
73 73 74
74 74 75
75 75 76
76 76 77
77 77 78
78 78 79
79 79 80
80 80 81
81 81 82
82 82 83
83 83 84
84 84 85
85 85 86
86 86 87
87 87 88
88 88 89
89 89 90
90 90 91
91 91 92
92 92 93
93 93 94
94 94 95
95 95 96
96 96 97
97 97 98
98 98 99
99 99 100
100 100 101
101 101 102
102 102 103
103 103 104
104 104 105
105 105 106
106 106 107
107 107 108
108 108 109
109 109 110
110 110 111
111 111 112
112 112 113
113 113 114
114 114 115
115 115 116
116 116 117
117 117 118
118 118 119
119 119 120
120 120 121
121 121 122
122 122 123
123 123 124
124 124 125
125 125 126
126 126 127
127 127 128
128 128 129
129 129 130
130 130 131
131 131 132
132 132 133
133 133 134
134 134 135
135 135 136
136 136 137
137 137 138
138 138 139
139 139 140
140 140 141
141 141 142
142 142 143
143 143 144
144 144 145
145 145 146
146 146 147
147 147 148
148 148 149
149 149 150
150 150 151
151 151 152
152 152 153
153 153 154
154 154 155
155 155 156
156 156 157
157 157 158
158 158 159
159 159 160
160 160 1
