shape_0

173 points
173 lines

Points

1 3.001969842146371e-03 -3.870689137757453e-03
2 3.089193107145003e-03 -3.833862539171156e-03
3 3.173551055225747e-03 -3.785806604183354e-03
4 3.255024891382610e-03 -3.726952117553510e-03
5 3.333595820609598e-03 -3.657729864041087e-03
6 3.409245047900717e-03 -3.578570628405546e-03
7 3.481953778249976e-03 -3.489905195406350e-03
8 3.551703216651380e-03 -3.392164349802960e-03
9 3.618474568098935e-03 -3.285778876354839e-03
10 3.682249037586649e-03 -3.171179559821447e-03
11 3.743007830108527e-03 -3.048797184962248e-03
12 3.800732150658578e-03 -2.919062536536704e-03
13 3.855403204230807e-03 -2.782406399304275e-03
14 3.907002195819223e-03 -2.639259558024425e-03
15 3.955510330417830e-03 -2.490052797456615e-03
16 4.000908813020635e-03 -2.335216902360307e-03
17 4.043178848621646e-03 -2.175182657494963e-03
18 4.082301642214869e-03 -2.010380847620045e-03
19 4.118258398794311e-03 -1.841242257495016e-03
20 4.151030323353977e-03 -1.668197671879337e-03
21 4.180598620887875e-03 -1.491677875532469e-03
22 4.206944496390013e-03 -1.312113653213876e-03
23 4.230049154854396e-03 -1.129935789683019e-03
24 4.249893801275032e-03 -9.455750696993587e-04
25 4.266459640645925e-03 -7.594622780223589e-04
26 4.279727877961083e-03 -5.720281994114810e-04
27 4.289679718214516e-03 -3.837036186261878e-04
28 4.296296366400226e-03 -1.949193204259398e-04
29 4.299559027512222e-03 -6.106089570200241e-06
30 4.299448906544510e-03 1.823052891815701e-04
31 4.295947208491096e-03 3.698840310699077e-04
32 4.289035138345989e-03 5.561993513353525e-04
33 4.278693901103194e-03 7.408204652184410e-04
34 4.264904701756718e-03 9.233165879597121e-04
35 4.247648745300567e-03 1.103256934799703e-03
36 4.226907236728748e-03 1.280210720978952e-03
37 4.202661381035269e-03 1.453747161737998e-03
38 4.174892383214134e-03 1.623435472317378e-03
39 4.143581448259354e-03 1.788844867957631e-03
40 4.108709781164931e-03 1.949544563899293e-03
41 4.070258586924873e-03 2.105103775382905e-03
42 4.028209070533188e-03 2.255091717649002e-03
43 3.982542436983883e-03 2.399077605938125e-03
44 3.933239891270964e-03 2.536630655490809e-03
45 3.880282638388435e-03 2.667320081547594e-03
46 3.823651883330308e-03 2.790715099349018e-03
47 3.763328831090584e-03 2.906384924135618e-03
48 3.699294686663274e-03 3.013898771147933e-03
49 3.631530655042383e-03 3.112825855626500e-03
50 3.560017941221918e-03 3.202735392811859e-03
51 3.484737750195885e-03 3.283196597944545e-03
52 3.405671286958291e-03 3.353778686265098e-03
53 3.322799756503144e-03 3.414050873014057e-03
54 3.236104363824448e-03 3.463582373431957e-03
55 3.132802463104883e-03 3.510800488917561e-03
56 3.021917284994606e-03 3.553731530065610e-03
57 2.903765198370806e-03 3.592424384706160e-03
58 2.778662572110673e-03 3.626927940669270e-03
59 2.646925775091393e-03 3.657291085784995e-03
60 2.508871176190156e-03 3.683562707883398e-03
61 2.364815144284150e-03 3.705791694794528e-03
62 2.215074048250565e-03 3.724026934348452e-03
63 2.059964256966585e-03 3.738317314375219e-03
64 1.899802139309404e-03 3.748711722704893e-03
65 1.734904064156206e-03 3.755259047167528e-03
66 1.565586400384182e-03 3.758008175593184e-03
67 1.392165516870519e-03 3.757007995811915e-03
68 1.214957782492406e-03 3.752307395653782e-03
69 1.034279566127032e-03 3.743955262948842e-03
70 8.504472366515854e-04 3.732000485527153e-03
71 6.637771629432535e-04 3.716491951218768e-03
72 4.745857138792245e-04 3.697478547853750e-03
73 2.831892583366894e-04 3.675009163262157e-03
74 8.990416519283416e-05 3.649132685274043e-03
75 -1.049531966751524e-04 3.619898001719465e-03
76 -3.010664583900811e-04 3.587354000428483e-03
77 -4.981192510747644e-04 3.551549569231156e-03
78 -6.957952058520134e-04 3.512533595957539e-03
79 -8.937779538446392e-04 3.470354968437687e-03
80 -1.091751126175454e-03 3.425062574501664e-03
81 -1.289398353967269e-03 3.376705301979525e-03
82 -1.486403268342896e-03 3.325332038701324e-03
83 -1.682449500425147e-03 3.270991672497122e-03
84 -1.877220681336832e-03 3.213733091196977e-03
85 -2.070400442200763e-03 3.153605182630945e-03
86 -2.261672414139755e-03 3.090656834629085e-03
87 -2.450720228276616e-03 3.024936935021453e-03
88 -2.637227515734157e-03 2.956494371638108e-03
89 -2.820877907635194e-03 2.885378032309106e-03
90 -3.001355035102533e-03 2.811636804864506e-03
91 -3.178342529258988e-03 2.735319577134365e-03
92 -3.351524021227370e-03 2.656475236948740e-03
93 -3.520583142130493e-03 2.575152672137689e-03
94 -3.685203523091167e-03 2.491400770531271e-03
95 -3.845068795232204e-03 2.405268419959541e-03
96 -3.999862589676413e-03 2.316804508252559e-03
97 -4.149268537546609e-03 2.226057923240381e-03
98 -4.292970269965601e-03 2.133077552753065e-03
99 -4.430651418056202e-03 2.037912284620668e-03
100 -4.561995612941224e-03 1.940611006673249e-03
101 -4.686686485743478e-03 1.841222606740865e-03
102 -4.804407667585775e-03 1.739795972653572e-03
103 -4.914842789590926e-03 1.636379992241430e-03
104 -5.017675482881745e-03 1.531023553334495e-03
105 -5.112589378581040e-03 1.423775543762825e-03
106 -5.199268107811628e-03 1.314684851356478e-03
107 -5.277395301696314e-03 1.203800363945511e-03
108 -5.346654591357916e-03 1.091170969359981e-03
109 -5.406729607919240e-03 9.768455554299478e-04
110 -5.457303982503102e-03 8.608730099854663e-04
111 -5.498061346232310e-03 7.433022208565962e-04
112 -5.528685330229677e-03 6.241820758733931e-04
113 -5.548859565618015e-03 5.035614628659166e-04
114 -5.558267683520136e-03 3.814892696642224e-04
115 -5.556772461951015e-03 2.556267439908318e-04
116 -5.544454415507452e-03 1.299673015316364e-04
117 -5.521625814084133e-03 4.596860341687232e-06
118 -5.488598927575750e-03 -1.203986615239640e-04
119 -5.445686025876986e-03 -2.449333460102663e-04
120 -5.393199378882538e-03 -3.689212750621683e-04
121 -5.331451256487084e-03 -4.922765306246184e-04
122 -5.260753928585325e-03 -6.149131946425657e-04
123 -5.181419665071938e-03 -7.367453490609583e-04
124 -5.093760735841620e-03 -8.576870758247456e-04
125 -4.998089410789055e-03 -9.776524568788755e-04
126 -4.894717959808935e-03 -1.096555574168298e-03
127 -4.783958652795944e-03 -1.214310509637959e-03
128 -4.666123759644773e-03 -1.330831345232810e-03
129 -4.541525550250113e-03 -1.446032162897799e-03
130 -4.410476294506651e-03 -1.559827044577875e-03
131 -4.273288262309074e-03 -1.672130072217984e-03
132 -4.130273723552071e-03 -1.782855327763078e-03
133 -3.981744948130335e-03 -1.891916893158104e-03
134 -3.828014205938550e-03 -1.999228850348011e-03
135 -3.669393766871404e-03 -2.104705281277748e-03
136 -3.506195900823589e-03 -2.208260267892262e-03
137 -3.338732877689792e-03 -2.309807892136505e-03
138 -3.167316967364702e-03 -2.409262235955423e-03
139 -2.992260439743006e-03 -2.506537381293965e-03
140 -2.813875564719396e-03 -2.601547410097080e-03
141 -2.632474612188559e-03 -2.694206404309718e-03
142 -2.448369852045182e-03 -2.784428445876824e-03
143 -2.261873554183955e-03 -2.872127616743350e-03
144 -2.073297988499569e-03 -2.957217998854244e-03
145 -1.882955424886710e-03 -3.039613674154454e-03
146 -1.691158133240065e-03 -3.119228724588930e-03
147 -1.498218383454325e-03 -3.195977232102619e-03
148 -1.304448445424179e-03 -3.269773278640471e-03
149 -1.110160589044314e-03 -3.340530946147434e-03
150 -9.156670842094216e-04 -3.408164316568456e-03
151 -7.212802008141870e-04 -3.472587471848487e-03
152 -5.273122087533007e-04 -3.533714493932474e-03
153 -3.340753779214506e-04 -3.591459464765368e-03
154 -1.418819782133263e-04 -3.645736466292116e-03
155 4.895572047638543e-05 -3.696459580457666e-03
156 2.381254482529933e-04 -3.743542889206971e-03
157 4.253149352218113e-04 -3.786900474484973e-03
158 6.102119114881481e-04 -3.826446418236625e-03
159 7.925041071573181e-04 -3.862094802406875e-03
160 9.718792523346300e-04 -3.893759708940672e-03
161 1.148025077125397e-03 -3.921355219782963e-03
162 1.320629311634930e-03 -3.944795416878700e-03
163 1.489379685968538e-03 -3.963994382172827e-03
164 1.653963930231536e-03 -3.978866197610295e-03
165 1.814069774529233e-03 -3.989324945136054e-03
166 1.969384948966942e-03 -3.995284706695051e-03
167 2.119597183649972e-03 -3.996659564232235e-03
168 2.264394208683638e-03 -3.993363599692556e-03
169 2.403463754173247e-03 -3.985310895020961e-03
170 2.536493550224114e-03 -3.972415532162398e-03
171 2.663171326941547e-03 -3.954591593061818e-03
172 2.783184814430861e-03 -3.931753159664167e-03
173 2.896221742797365e-03 -3.903814313914396e-03

Lines

1 1 2
2 2 3
3 3 4
4 4 5
5 5 6
6 6 7
7 7 8
8 8 9
9 9 10
10 10 11
11 11 12
12 12 13
13 13 14
14 14 15
15 15 16
16 16 17
17 17 18
18 18 19
19 19 20
20 20 21
21 21 22
22 22 23
23 23 24
24 24 25
25 25 26
26 26 27
27 27 28
28 28 29
29 29 30
30 30 31
31 31 32
32 32 33
33 33 34
34 34 35
35 35 36
36 36 37
37 37 38
38 38 39
39 39 40
40 40 41
41 41 42
42 42 43
43 43 44
44 44 45
45 45 46
46 46 47
47 47 48
48 48 49
49 49 50
50 50 51
51 51 52
52 52 53
53 53 54
54 54 55
55 55 56
56 56 57
57 57 58
58 58 59
59 59 60
60 60 61
61 61 62
62 62 63
63 63 64
64 64 65
65 65 66
66 66 67
67 67 68
68 68 69
69 69 70
70 70 71
71 71 72
72 72 73
73 73 74
74 74 75
75 75 76
76 76 77
77 77 78
78 78 79
79 79 80
80 80 81
81 81 82
82 82 83
83 83 84
84 84 85
85 85 86
86 86 87
87 87 88
88 88 89
89 89 90
90 90 91
91 91 92
92 92 93
93 93 94
94 94 95
95 95 96
96 96 97
97 97 98
98 98 99
99 99 100
100 100 101
101 101 102
102 102 103
103 103 104
104 104 105
105 105 106
106 106 107
107 107 108
108 108 109
109 109 110
110 110 111
111 111 112
112 112 113
113 113 114
114 114 115
115 115 116
116 116 117
117 117 118
118 118 119
119 119 120
120 120 121
121 121 122
122 122 123
123 123 124
124 124 125
125 125 126
126 126 127
127 127 128
128 128 129
129 129 130
130 130 131
131 131 132
132 132 133
133 133 134
134 134 135
135 135 136
136 136 137
137 137 138
138 138 139
139 139 140
140 140 141
141 141 142
142 142 143
143 143 144
144 144 145
145 145 146
146 146 147
147 147 148
148 148 149
149 149 150
150 150 151
151 151 152
152 152 153
153 153 154
154 154 155
155 155 156
156 156 157
157 157 158
158 158 159
159 159 160
160 160 161
161 161 162
162 162 163
163 163 164
164 164 165
165 165 166
166 166 167
167 167 168
168 168 169
169 169 170
170 170 171
171 171 172
172 172 173
173 173 1
