shape_61

82 points
82 lines

Points

1 4.649432979200484e-03 -8.432019168465709e-04
2 4.740710422097043e-03 -8.463461655976362e-04
3 4.779846939467361e-03 -8.370728622492554e-04
4 4.771090747057139e-03 -8.165380273229675e-04
5 4.718690060612082e-03 -7.858976813403110e-04
6 4.626893095877898e-03 -7.463078448228253e-04
7 4.499948068600291e-03 -6.989245382920494e-04
8 4.342103194524966e-03 -6.449037822695216e-04
9 4.157606689397625e-03 -5.854015972767808e-04
10 3.950706768963977e-03 -5.215740038353662e-04
11 3.725651648969726e-03 -4.545770224668168e-04
12 3.486689545160576e-03 -3.855666736926711e-04
13 3.238068673282232e-03 -3.156989780344680e-04
14 2.984037249080399e-03 -2.461299560137463e-04
15 2.728843488300784e-03 -1.780156281520455e-04
16 2.476735606689090e-03 -1.125120149709038e-04
17 2.231961819991021e-03 -5.077513699186021e-05
18 1.998770343952285e-03 6.038985263546334e-06
19 1.781409394318585e-03 5.677433127377686e-05
20 1.584127186835626e-03 1.002748805172926e-04
21 1.411171937249114e-03 1.353846124725547e-04
22 1.266791861304753e-03 1.609475066180243e-04
23 1.074960142187435e-03 1.903325302769270e-04
24 8.496333249062688e-04 2.230219375129562e-04
25 5.945130747555914e-04 2.585192080467523e-04
26 3.133010570297412e-04 2.963278215989562e-04
27 9.698937023054952e-06 3.359512578902079e-04
28 -3.125916199701300e-04 3.768929966411479e-04
29 -6.498689486554755e-04 4.186565175724168e-04
30 -9.984313837386452e-04 4.607453004046553e-04
31 -1.354577259925301e-03 5.026628248585037e-04
32 -1.714604911921104e-03 5.439125706546024e-04
33 -2.074812674431720e-03 5.839980175135919e-04
34 -2.431498882162809e-03 6.224226451561130e-04
35 -2.780961869820033e-03 6.586899333028058e-04
36 -3.119499972109057e-03 6.923033616743109e-04
37 -3.443411523735543e-03 7.227664099912690e-04
38 -3.748994859405151e-03 7.495825579743202e-04
39 -4.032548313823546e-03 7.722552853441051e-04
40 -4.290370221696391e-03 7.902880718212645e-04
41 -4.518758917729347e-03 8.031843971264387e-04
42 -4.714012736628075e-03 8.104477409802679e-04
43 -4.872430013098242e-03 8.115815831033930e-04
44 -4.990309081845507e-03 8.060894032164542e-04
45 -5.063948277575533e-03 7.934746810400922e-04
46 -5.089645934993984e-03 7.732408962949473e-04
47 -5.063700388806521e-03 7.448915287016602e-04
48 -4.982409973718808e-03 7.079300579808711e-04
49 -4.842073024436506e-03 6.618599638532209e-04
50 -4.622948218785864e-03 5.989260294949233e-04
51 -4.392128577302958e-03 5.366299501424984e-04
52 -4.150369370758236e-03 4.750179917099144e-04
53 -3.898425869922154e-03 4.141364201111402e-04
54 -3.637053345565163e-03 3.540315012601443e-04
55 -3.367007068457716e-03 2.947495010708951e-04
56 -3.089042309370265e-03 2.363366854573613e-04
57 -2.803914339073258e-03 1.788393203335111e-04
58 -2.512378428337154e-03 1.223036716133136e-04
59 -2.215189847932400e-03 6.677600521073690e-05
60 -1.913103868629453e-03 1.230258703974984e-05
61 -1.606875761198759e-03 -4.107031698567917e-05
62 -1.297260796410774e-03 -9.329644095158153e-05
63 -9.850142450359501e-04 -1.443295189439888e-04
64 -6.708913778447387e-04 -1.941232850489321e-04
65 -3.556474656075923e-04 -2.426314733524434e-04
66 -4.003777909496199e-05 -2.898078179405537e-04
67 2.751824109226982e-04 -3.356060528992946e-04
68 5.892578336749371e-04 -3.799799123146975e-04
69 9.014332183913029e-04 -4.228831302727941e-04
70 1.210953294301342e-03 -4.642694408596153e-04
71 1.517062790634604e-03 -5.040925781611931e-04
72 1.819006436620637e-03 -5.423062762635588e-04
73 2.116028961488985e-03 -5.788642692527436e-04
74 2.407375094469200e-03 -6.137202912147790e-04
75 2.692289564790830e-03 -6.468280762356968e-04
76 2.970017101683420e-03 -6.781413584015283e-04
77 3.239802434376519e-03 -7.076138717983047e-04
78 3.500890292099675e-03 -7.351993505120578e-04
79 3.752525404082436e-03 -7.608515286288187e-04
80 3.993952499554349e-03 -7.845241402346189e-04
81 4.224416307744963e-03 -8.061709194154903e-04
82 4.443161557883825e-03 -8.257456002574637e-04

Lines

1 1 2
2 2 3
3 3 4
4 4 5
5 5 6
6 6 7
7 7 8
8 8 9
9 9 10
10 10 11
11 11 12
12 12 13
13 13 14
14 14 15
15 15 16
16 16 17
17 17 18
18 18 19
19 19 20
20 20 21
21 21 22
22 22 23
23 23 24
24 24 25
25 25 26
26 26 27
27 27 28
28 28 29
29 29 30
30 30 31
31 31 32
32 32 33
33 33 34
34 34 35
35 35 36
36 36 37
37 37 38
38 38 39
39 39 40
40 40 41
41 41 42
42 42 43
43 43 44
44 44 45
45 45 46
46 46 47
47 47 48
48 48 49
49 49 50
50 50 51
51 51 52
52 52 53
53 53 54
54 54 55
55 55 56
56 56 57
57 57 58
58 58 59
59 59 60
60 60 61
61 61 62
62 62 63
63 63 64
64 64 65
65 65 66
66 66 67
67 67 68
68 68 69
69 69 70
70 70 71
71 71 72
72 72 73
73 73 74
74 74 75
75 75 76
76 76 77
77 77 78
78 78 79
79 79 80
80 80 81
81 81 82
82 82 1
