shape_54

176 points
176 lines

Points

1 -4.351021119075432e-04 -4.445529482666812e-03
2 -3.959012373425929e-04 -4.501635916653963e-03
3 -3.486885323323841e-04 -4.549634434947742e-03
4 -2.939161107584125e-04 -4.589782113229413e-03
5 -2.320360865021741e-04 -4.622336027180241e-03
6 -1.635005734451647e-04 -4.647553252481488e-03
7 -8.876168546888092e-05 -4.665690864814426e-03
8 -8.271536454818151e-06 -4.677005939860312e-03
9 7.751775971552729e-05 -4.681755553300411e-03
10 1.681540891606596e-04 -4.680196780815991e-03
11 2.631853379990827e-04 -4.672586698088316e-03
12 3.621593923493002e-04 -4.659182380798649e-03
13 4.646241383298169e-04 -4.640240904628256e-03
14 5.701274620591364e-04 -4.616019345258401e-03
15 6.782172496557623e-04 -4.586774778370347e-03
16 7.884413872381992e-04 -4.552764279645360e-03
17 9.003477609249506e-04 -4.514244924764705e-03
18 1.013484256834521e-03 -4.471473789409646e-03
19 1.127398761085414e-03 -4.424707949261446e-03
20 1.241639159796134e-03 -4.374204480001373e-03
21 1.355753339085185e-03 -4.320220457310689e-03
22 1.469289185071071e-03 -4.263012956870660e-03
23 1.581794583872295e-03 -4.202839054362549e-03
24 1.692817421607362e-03 -4.139955825467620e-03
25 1.801905584394776e-03 -4.074620345867142e-03
26 1.908606958353041e-03 -4.007089691242373e-03
27 2.012469429600661e-03 -3.937620937274582e-03
28 2.113040884256138e-03 -3.866471159645033e-03
29 2.209869208437980e-03 -3.793897434034990e-03
30 2.302502288264688e-03 -3.720156836125716e-03
31 2.390488009854766e-03 -3.645506441598479e-03
32 2.473374259326720e-03 -3.570203326134540e-03
33 2.550708922799052e-03 -3.494504565415166e-03
34 2.622039886390267e-03 -3.418667235121621e-03
35 2.686915036218869e-03 -3.342948410935169e-03
36 2.744882258403361e-03 -3.267605168537075e-03
37 2.795489439062250e-03 -3.192894583608603e-03
38 2.838284464314036e-03 -3.119073731831017e-03
39 2.872815220277225e-03 -3.046399688885584e-03
40 2.898629593070321e-03 -2.975129530453566e-03
41 2.915275468811828e-03 -2.905520332216229e-03
42 2.922300733620250e-03 -2.837829169854837e-03
43 2.919253273614090e-03 -2.772313119050654e-03
44 2.905240135058663e-03 -2.669830204239209e-03
45 2.888667179149706e-03 -2.561333203109990e-03
46 2.869574628844703e-03 -2.447079958392084e-03
47 2.848002707101140e-03 -2.327328312814580e-03
48 2.823991636876499e-03 -2.202336109106565e-03
49 2.797581641128265e-03 -2.072361189997127e-03
50 2.768812942813922e-03 -1.937661398215356e-03
51 2.737725764890954e-03 -1.798494576490339e-03
52 2.704360330316845e-03 -1.655118567551163e-03
53 2.668756862049078e-03 -1.507791214126916e-03
54 2.630955583045136e-03 -1.356770358946687e-03
55 2.590996716262507e-03 -1.202313844739565e-03
56 2.548920484658672e-03 -1.044679514234635e-03
57 2.504767111191116e-03 -8.841252101609870e-04
58 2.458576818817322e-03 -7.209087752477088e-04
59 2.410389830494774e-03 -5.552880522238882e-04
60 2.360246369180957e-03 -3.875208838186134e-04
61 2.308186657833355e-03 -2.178651127609721e-04
62 2.254250919409451e-03 -4.657858178005191e-05
63 2.198479376866730e-03 1.260808663950582e-04
64 2.140912253162674e-03 2.998553890352707e-04
65 2.081589771254769e-03 4.744871434114983e-04
66 2.020552154100499e-03 6.497182867946516e-04
67 1.957839624657346e-03 8.252909764556431e-04
68 1.893492405882796e-03 1.000947369665385e-03
69 1.827550720734333e-03 1.176429623694790e-03
70 1.760054792169439e-03 1.351479895814769e-03
71 1.691044843145600e-03 1.525840343296235e-03
72 1.620561096620300e-03 1.699253123410099e-03
73 1.548643775551021e-03 1.871460393427274e-03
74 1.475333102895249e-03 2.042204310618670e-03
75 1.400669301610467e-03 2.211227032255201e-03
76 1.324692594654159e-03 2.378270715607779e-03
77 1.247443204983809e-03 2.543077517947316e-03
78 1.168961355556901e-03 2.705389596544721e-03
79 1.089287269330920e-03 2.864949108670911e-03
80 1.008461169263347e-03 3.021498211596796e-03
81 9.265232783116700e-04 3.174779062593285e-03
82 8.435138194333700e-04 3.324533818931294e-03
83 7.594730155859323e-04 3.470504637881732e-03
84 6.744410897268402e-04 3.612433676715514e-03
85 5.884582648135785e-04 3.750063092703549e-03
86 5.015647638036306e-04 3.883135043116751e-03
87 4.138008096544799e-04 4.011391685226033e-03
88 3.252066253236116e-04 4.134575176302305e-03
89 2.358224337685091e-04 4.252427673616477e-03
90 1.456884579466566e-04 4.364691334439467e-03
91 5.484492081553758e-05 4.471108316042181e-03
92 -3.666795466736330e-05 4.571420775695534e-03
93 -1.288099455445627e-04 4.665370870670438e-03
94 -2.215408288585761e-04 4.752700758237805e-03
95 -3.148203816519202e-04 4.833152595668546e-03
96 -4.086083809671110e-04 4.906468540233573e-03
97 -5.028646038466636e-04 4.972390749203800e-03
98 -5.975488273330948e-04 5.030661379850135e-03
99 -6.926208284689200e-04 5.081022589443495e-03
100 -7.880403842966559e-04 5.123216535254788e-03
101 -8.837672718588184e-04 5.156985374554927e-03
102 -9.797612681979229e-04 5.182071264614826e-03
103 -1.075982150356487e-03 5.198216362705396e-03
104 -1.172389695377025e-03 5.205162826097546e-03
105 -1.268943680302053e-03 5.202652812062193e-03
106 -1.365603882174088e-03 5.190428477870246e-03
107 -1.462330078035645e-03 5.168231980792617e-03
108 -1.559082044929241e-03 5.135805478100219e-03
109 -1.655819559897392e-03 5.092891127063963e-03
110 -1.752151192125724e-03 5.040104624672640e-03
111 -1.842799507683178e-03 4.980835809630669e-03
112 -1.927867773529143e-03 4.915260629135975e-03
113 -2.007459256623007e-03 4.843555030386476e-03
114 -2.081677223924161e-03 4.765894960580100e-03
115 -2.150624942391992e-03 4.682456366914760e-03
116 -2.214405678985892e-03 4.593415196588387e-03
117 -2.273122700665248e-03 4.498947396798896e-03
118 -2.326879274389451e-03 4.399228914744216e-03
119 -2.375778667117886e-03 4.294435697622260e-03
120 -2.419924145809947e-03 4.184743692630957e-03
121 -2.459418977425019e-03 4.070328846968225e-03
122 -2.494366428922494e-03 3.951367107831988e-03
123 -2.524869767261760e-03 3.828034422420168e-03
124 -2.551032259402206e-03 3.700506737930683e-03
125 -2.572957172303220e-03 3.568960001561458e-03
126 -2.590747772924195e-03 3.433570160510416e-03
127 -2.604507328224516e-03 3.294513161975478e-03
128 -2.614339105163574e-03 3.151964953154564e-03
129 -2.620346370700756e-03 3.006101481245596e-03
130 -2.622632391795454e-03 2.857098693446498e-03
131 -2.621300435407057e-03 2.705132536955192e-03
132 -2.616453768494950e-03 2.550378958969595e-03
133 -2.608195658018527e-03 2.393013906687635e-03
134 -2.596629370937174e-03 2.233213327307232e-03
135 -2.581858174210282e-03 2.071153168026306e-03
136 -2.563985334797240e-03 1.907009376042781e-03
137 -2.543114119657435e-03 1.740957898554576e-03
138 -2.519347795750258e-03 1.573174682759615e-03
139 -2.492789630035097e-03 1.403835675855821e-03
140 -2.463542889471343e-03 1.233116825041114e-03
141 -2.431710841018383e-03 1.061194077513416e-03
142 -2.397396751635606e-03 8.882433804706481e-04
143 -2.360703888282403e-03 7.144406811107346e-04
144 -2.321735517918162e-03 5.399619266315964e-04
145 -2.280594907502272e-03 3.649830642311527e-04
146 -2.237385323994122e-03 1.896800411073294e-04
147 -2.192210034353102e-03 1.422880445804476e-05
148 -2.145172305538600e-03 -1.611946985187760e-04
149 -2.096375404510005e-03 -3.364145206252139e-04
150 -2.045922598226707e-03 -5.112547146633447e-04
151 -1.993917153648095e-03 -6.855393334352489e-04
152 -1.940462337733558e-03 -8.590924297430027e-04
153 -1.885661417442484e-03 -1.031738056388686e-03
154 -1.829617659734264e-03 -1.203300266174375e-03
155 -1.772434331568285e-03 -1.373603111902150e-03
156 -1.714214699903938e-03 -1.542470646374086e-03
157 -1.655062031700612e-03 -1.709726922392263e-03
158 -1.595079593917694e-03 -1.875195992758762e-03
159 -1.534370653514575e-03 -2.038701910275656e-03
160 -1.473038477450644e-03 -2.200068727745027e-03
161 -1.411186332685290e-03 -2.359120497968950e-03
162 -1.348917486177900e-03 -2.515681273749507e-03
163 -1.286335204887866e-03 -2.669575107888773e-03
164 -1.223542755774576e-03 -2.820626053188828e-03
165 -1.160643405797419e-03 -2.968658162451748e-03
166 -1.097740421915784e-03 -3.113495488479613e-03
167 -1.034937071089060e-03 -3.254962084074501e-03
168 -9.723366202766368e-04 -3.392882002038489e-03
169 -9.100423364379030e-04 -3.527079295173656e-03
170 -8.481574865322476e-04 -3.657378016282080e-03
171 -7.867853375190599e-04 -3.783602218165840e-03
172 -7.260291563577287e-04 -3.905575953627013e-03
173 -6.659922100076439e-04 -4.023123275467677e-03
174 -6.067777654281938e-04 -4.136068236489912e-03
175 -5.484890895787673e-04 -4.244234889495794e-03
176 -4.912294494187544e-04 -4.347447287287400e-03

Lines

1 1 2
2 2 3
3 3 4
4 4 5
5 5 6
6 6 7
7 7 8
8 8 9
9 9 10
10 10 11
11 11 12
12 12 13
13 13 14
14 14 15
15 15 16
16 16 17
17 17 18
18 18 19
19 19 20
20 20 21
21 21 22
22 22 23
23 23 24
24 24 25
25 25 26
26 26 27
27 27 28
28 28 29
29 29 30
30 30 31
31 31 32
32 32 33
33 33 34
34 34 35
35 35 36
36 36 37
37 37 38
38 38 39
39 39 40
40 40 41
41 41 42
42 42 43
43 43 44
44 44 45
45 45 46
46 46 47
47 47 48
48 48 49
49 49 50
50 50 51
51 51 52
52 52 53
53 53 54
54 54 55
55 55 56
56 56 57
57 57 58
58 58 59
59 59 60
60 60 61
61 61 62
62 62 63
63 63 64
64 64 65
65 65 66
66 66 67
67 67 68
68 68 69
69 69 70
70 70 71
71 71 72
72 72 73
73 73 74
74 74 75
75 75 76
76 76 77
77 77 78
78 78 79
79 79 80
80 80 81
81 81 82
82 82 83
83 83 84
84 84 85
85 85 86
86 86 87
87 87 88
88 88 89
89 89 90
90 90 91
91 91 92
92 92 93
93 93 94
94 94 95
95 95 96
96 96 97
97 97 98
98 98 99
99 99 100
100 100 101
101 101 102
102 102 103
103 103 104
104 104 105
105 105 106
106 106 107
107 107 108
108 108 109
109 109 110
110 110 111
111 111 112
112 112 113
113 113 114
114 114 115
115 115 116
116 116 117
117 117 118
118 118 119
119 119 120
120 120 121
121 121 122
122 122 123
123 123 124
124 124 125
125 125 126
126 126 127
127 127 128
128 128 129
129 129 130
130 130 131
131 131 132
132 132 133
133 133 134
134 134 135
135 135 136
136 136 137
137 137 138
138 138 139
139 139 140
140 140 141
141 141 142
142 142 143
143 143 144
144 144 145
145 145 146
146 146 147
147 147 148
148 148 149
149 149 150
150 150 151
151 151 152
152 152 153
153 153 154
154 154 155
155 155 156
156 156 157
157 157 158
158 158 159
159 159 160
160 160 161
161 161 162
162 162 163
163 163 164
164 164 165
165 165 166
166 166 167
167 167 168
168 168 169
169 169 170
170 170 171
171 171 172
172 172 173
173 173 174
174 174 175
175 175 176
176 176 1
