shape_12

169 points
169 lines

Points

1 2.663347509389867e-03 -3.992459684389184e-03
2 2.733906450147587e-03 -4.013329860543625e-03
3 2.798871801725456e-03 -4.022366709730627e-03
4 2.858368718543934e-03 -4.019996101277209e-03
5 2.912522355023476e-03 -4.006643904510397e-03
6 2.961457865584540e-03 -3.982735988757216e-03
7 3.005300404647582e-03 -3.948698223344689e-03
8 3.044175126633063e-03 -3.904956477599842e-03
9 3.078207185961438e-03 -3.851936620849697e-03
10 3.107521737053164e-03 -3.790064522421279e-03
11 3.132243934328699e-03 -3.719766051641612e-03
12 3.152498932208501e-03 -3.641467077837721e-03
13 3.168411885113026e-03 -3.555593470336630e-03
14 3.180107947462734e-03 -3.462571098465364e-03
15 3.187712273678081e-03 -3.362825831550946e-03
16 3.191350018179524e-03 -3.256783538920402e-03
17 3.191146335387520e-03 -3.144870089900755e-03
18 3.187226379722526e-03 -3.027511353819028e-03
19 3.179715305605001e-03 -2.905133200002244e-03
20 3.168738267455402e-03 -2.778161497777432e-03
21 3.154420419694186e-03 -2.647022116471614e-03
22 3.136886916741811e-03 -2.512140925411813e-03
23 3.116262913018735e-03 -2.373943793925056e-03
24 3.092673562945413e-03 -2.232856591338365e-03
25 3.066244020942304e-03 -2.089305186978765e-03
26 3.037099441429866e-03 -1.943715450173280e-03
27 3.005364978828555e-03 -1.796513250248934e-03
28 2.971165787558830e-03 -1.648124456532752e-03
29 2.934627022041146e-03 -1.498974938351757e-03
30 2.895873836695963e-03 -1.349490565032975e-03
31 2.855031385943736e-03 -1.200097205903429e-03
32 2.812224824204925e-03 -1.051220730290143e-03
33 2.767579305899985e-03 -9.032870075201419e-04
34 2.721219985449375e-03 -7.567219069204495e-04
35 2.673272017273551e-03 -6.119512978180902e-04
36 2.623860555792973e-03 -4.694010495400896e-04
37 2.573110755428096e-03 -3.294970314134696e-04
38 2.521147770599378e-03 -1.926651127652558e-04
39 2.468096755727277e-03 -5.933116292247205e-05
40 2.414082865232249e-03 7.007894878785670e-05
41 2.359231253534753e-03 1.951393530387074e-04
42 2.303667075055245e-03 3.154241805030552e-04
43 2.247515484214184e-03 4.305075618538760e-04
44 2.190901635432026e-03 5.399636277641452e-04
45 2.133950683129229e-03 6.433665089068385e-04
46 2.076787781726251e-03 7.402903359549324e-04
47 2.019538085643548e-03 8.303092395814021e-04
48 1.962326749301578e-03 9.129973504592235e-04
49 1.905278927120799e-03 9.879287992613725e-04
50 1.848519773521668e-03 1.054677716660825e-03
51 1.783405310922535e-03 1.123585110623972e-03
52 1.710732655732739e-03 1.194871707741069e-03
53 1.630853919248344e-03 1.268329638262500e-03
54 1.544121212765411e-03 1.343751032438647e-03
55 1.450886647580005e-03 1.420928020519894e-03
56 1.351502334988187e-03 1.499652732756624e-03
57 1.246320386286021e-03 1.579717299399221e-03
58 1.135692912769570e-03 1.660913850698067e-03
59 1.019972025734896e-03 1.743034516903547e-03
60 8.995098364780635e-04 1.825871428266042e-03
61 7.746584562951344e-04 1.909216715035937e-03
62 6.457699964821721e-04 1.992862507463616e-03
63 5.131965683352395e-04 2.076600935799460e-03
64 3.772902831503991e-04 2.160224130293853e-03
65 2.384032522237145e-04 2.243524221197180e-03
66 9.688758685124832e-05 2.326293338759822e-03
67 -4.690460167093653e-05 2.408323613232163e-03
68 -1.926212020467770e-04 2.489407174864587e-03
69 -3.399101029802099e-04 2.569336153907476e-03
70 -4.884191931751724e-04 2.647902680611216e-03
71 -6.377963613356021e-04 2.724898885226187e-03
72 -7.876894961654350e-04 2.800116898002774e-03
73 -9.377464863686090e-04 2.873348849191360e-03
74 -1.087615220649061e-03 2.944386869042328e-03
75 -1.236943587710728e-03 3.013023087806060e-03
76 -1.385379476257546e-03 3.079049635732943e-03
77 -1.532570774993454e-03 3.142258643073357e-03
78 -1.678165372622387e-03 3.202442240077687e-03
79 -1.821811157848284e-03 3.259392556996315e-03
80 -1.963156019375081e-03 3.312901724079625e-03
81 -2.101847845906714e-03 3.362761871578000e-03
82 -2.237534526147123e-03 3.408765129741824e-03
83 -2.369863948800242e-03 3.450703628821479e-03
84 -2.498484002570009e-03 3.488369499067351e-03
85 -2.623042576160362e-03 3.521554870729820e-03
86 -2.743187558275237e-03 3.550051874059270e-03
87 -2.858566837618571e-03 3.573652639306085e-03
88 -2.968828302894302e-03 3.592149296720648e-03
89 -3.073619842806367e-03 3.605333976553343e-03
90 -3.172589346058701e-03 3.612998809054553e-03
91 -3.265384701355243e-03 3.614935924474661e-03
92 -3.351653797399930e-03 3.610937453064050e-03
93 -3.431044522896698e-03 3.600795525073103e-03
94 -3.503204766549486e-03 3.584302270752204e-03
95 -3.567782417062229e-03 3.561249820351736e-03
96 -3.624425363138864e-03 3.531430304122083e-03
97 -3.672781493483329e-03 3.494635852313628e-03
98 -3.712498696799561e-03 3.450658595176753e-03
99 -3.743224861791497e-03 3.399290662961842e-03
100 -3.764607877163074e-03 3.340324185919280e-03
101 -3.776295631618228e-03 3.273551294299448e-03
102 -3.777936013860899e-03 3.198764118352730e-03
103 -3.769176912595020e-03 3.115754788329509e-03
104 -3.749090159132832e-03 3.004370931759470e-03
105 -3.724573619750587e-03 2.891272025068804e-03
106 -3.695725562786226e-03 2.776544624561322e-03
107 -3.662644256577698e-03 2.660275286540842e-03
108 -3.625427969462943e-03 2.542550567311174e-03
109 -3.584174969779909e-03 2.423457023176132e-03
110 -3.538983525866540e-03 2.303081210439530e-03
111 -3.489951906060778e-03 2.181509685405182e-03
112 -3.437178378700570e-03 2.058829004376900e-03
113 -3.380761212123858e-03 1.935125723658498e-03
114 -3.320798674668590e-03 1.810486399553789e-03
115 -3.257389034672709e-03 1.684997588366588e-03
116 -3.190630560474158e-03 1.558745846400706e-03
117 -3.120621520410883e-03 1.431817729959958e-03
118 -3.047460182820827e-03 1.304299795348156e-03
119 -2.971244816041936e-03 1.176278598869115e-03
120 -2.892073688412154e-03 1.047840696826648e-03
121 -2.810045068269426e-03 9.190726455245682e-04
122 -2.725257223951696e-03 7.900610012666892e-04
123 -2.637808423796908e-03 6.608923203568234e-04
124 -2.547796936143007e-03 5.316531590987848e-04
125 -2.455321029327937e-03 4.024300737963872e-04
126 -2.360478971689645e-03 2.733096207534440e-04
127 -2.263369031566071e-03 1.443783562737683e-04
128 -2.164089477295163e-03 1.572283666117320e-05
129 -2.062738577214864e-03 -1.125703817805280e-04
130 -1.959414599663118e-03 -2.404147427475210e-04
131 -1.854215812977872e-03 -3.677236899359927e-04
132 -1.747240485497069e-03 -4.944106670421301e-04
133 -1.638586885558652e-03 -6.203891177621202e-04
134 -1.528353281500567e-03 -7.455724857921487e-04
135 -1.416637941660757e-03 -8.698742148284024e-04
136 -1.303539134377170e-03 -9.932077485670680e-04
137 -1.189155127987747e-03 -1.115486530704332e-03
138 -1.073584190830434e-03 -1.236624004936382e-03
139 -9.569245912431754e-04 -1.356533614959403e-03
140 -8.392745975639148e-04 -1.475128804469583e-03
141 -7.207324781305987e-04 -1.592323017163107e-03
142 -6.013965012811688e-04 -1.708029696736164e-03
143 -4.813649353535722e-04 -1.822162286884938e-03
144 -3.607360486857515e-04 -1.934634231305617e-03
145 -2.396081096156515e-04 -2.045358973694388e-03
146 -1.180793864812184e-04 -2.154249957747436e-03
147 3.751852379605938e-06 -2.261220627160949e-03
148 1.257873386288744e-04 -2.366184425631114e-03
149 2.479288039286453e-04 -2.469054796854116e-03
150 3.700779799409723e-04 -2.569745184526144e-03
151 4.921365983279107e-04 -2.668169032343380e-03
152 6.140063907515174e-04 -2.764239784002016e-03
153 7.355890888738463e-04 -2.857870883198236e-03
154 8.567864243569544e-04 -2.948975773628227e-03
155 9.775001288628970e-04 -3.037467898988175e-03
156 1.097631934053728e-03 -3.123260702974267e-03
157 1.217083571591505e-03 -3.206267629282691e-03
158 1.335756773138283e-03 -3.286402121609630e-03
159 1.453553270356115e-03 -3.363577623651274e-03
160 1.570374794907061e-03 -3.437707579103809e-03
161 1.686123078453173e-03 -3.508705431663420e-03
162 1.800699852656508e-03 -3.576484625026295e-03
163 1.914006849179122e-03 -3.640958602888621e-03
164 2.025945799683068e-03 -3.702040808946583e-03
165 2.136418435830404e-03 -3.759644686896369e-03
166 2.245326489283185e-03 -3.813683680434165e-03
167 2.352571691703467e-03 -3.864071233256158e-03
168 2.458055774753304e-03 -3.910720789058534e-03
169 2.561680470094752e-03 -3.953545791537480e-03

Lines

1 1 2
2 2 3
3 3 4
4 4 5
5 5 6
6 6 7
7 7 8
8 8 9
9 9 10
10 10 11
11 11 12
12 12 13
13 13 14
14 14 15
15 15 16
16 16 17
17 17 18
18 18 19
19 19 20
20 20 21
21 21 22
22 22 23
23 23 24
24 24 25
25 25 26
26 26 27
27 27 28
28 28 29
29 29 30
30 30 31
31 31 32
32 32 33
33 33 34
34 34 35
35 35 36
36 36 37
37 37 38
38 38 39
39 39 40
40 40 41
41 41 42
42 42 43
43 43 44
44 44 45
45 45 46
46 46 47
47 47 48
48 48 49
49 49 50
50 50 51
51 51 52
52 52 53
53 53 54
54 54 55
55 55 56
56 56 57
57 57 58
58 58 59
59 59 60
60 60 61
61 61 62
62 62 63
63 63 64
64 64 65
65 65 66
66 66 67
67 67 68
68 68 69
69 69 70
70 70 71
71 71 72
72 72 73
73 73 74
74 74 75
75 75 76
76 76 77
77 77 78
78 78 79
79 79 80
80 80 81
81 81 82
82 82 83
83 83 84
84 84 85
85 85 86
86 86 87
87 87 88
88 88 89
89 89 90
90 90 91
91 91 92
92 92 93
93 93 94
94 94 95
95 95 96
96 96 97
97 97 98
98 98 99
99 99 100
100 100 101
101 101 102
102 102 103
103 103 104
104 104 105
105 105 106
106 106 107
107 107 108
108 108 109
109 109 110
110 110 111
111 111 112
112 112 113
113 113 114
114 114 115
115 115 116
116 116 117
117 117 118
118 118 119
119 119 120
120 120 121
121 121 122
122 122 123
123 123 124
124 124 125
125 125 126
126 126 127
127 127 128
128 128 129
129 129 130
130 130 131
131 131 132
132 132 133
133 133 134
134 134 135
135 135 136
136 136 137
137 137 138
138 138 139
139 139 140
140 140 141
141 141 142
142 142 143
143 143 144
144 144 145
145 145 146
146 146 147
147 147 148
148 148 149
149 149 150
150 150 151
151 151 152
152 152 153
153 153 154
154 154 155
155 155 156
156 156 157
157 157 158
158 158 159
159 159 160
160 160 161
161 161 162
162 162 163
163 163 164
164 164 165
165 165 166
166 166 167
167 167 168
168 168 169
169 169 1
