shape_17

175 points
175 lines

Points

1 -4.632301112903895e-03 -2.610594414185553e-03
2 -4.597008503161209e-03 -2.709215129655632e-03
3 -4.553414507061953e-03 -2.800573784172676e-03
4 -4.501771351068882e-03 -2.884821898294765e-03
5 -4.442331261644760e-03 -2.962110992579985e-03
6 -4.375346465252341e-03 -3.032592587586414e-03
7 -4.301069188354384e-03 -3.096418203872133e-03
8 -4.219751657413647e-03 -3.153739361995225e-03
9 -4.131646098892891e-03 -3.204707582513774e-03
10 -4.037004739254870e-03 -3.249474385985859e-03
11 -3.936079804962344e-03 -3.288191292969561e-03
12 -3.829123522478071e-03 -3.321009824022964e-03
13 -3.716388118264811e-03 -3.348081499704149e-03
14 -3.598125818785321e-03 -3.369557840571197e-03
15 -3.474588850502358e-03 -3.385590367182191e-03
16 -3.346029439878679e-03 -3.396330600095209e-03
17 -3.212699813377047e-03 -3.401930059868338e-03
18 -3.074852197460217e-03 -3.402540267059657e-03
19 -2.932738818590948e-03 -3.398312742227247e-03
20 -2.786611903231996e-03 -3.389399005929189e-03
21 -2.636723677846123e-03 -3.375950578723569e-03
22 -2.483326368896086e-03 -3.358118981168466e-03
23 -2.326672202844641e-03 -3.336055733821960e-03
24 -2.167013406154548e-03 -3.309912357242134e-03
25 -2.004602205288565e-03 -3.279840371987071e-03
26 -1.839690826709451e-03 -3.245991298614852e-03
27 -1.672531496879963e-03 -3.208516657683558e-03
28 -1.503376442262858e-03 -3.167567969751270e-03
29 -1.332477889320898e-03 -3.123296755376072e-03
30 -1.160088064516839e-03 -3.075854535116044e-03
31 -9.864591943134374e-04 -3.025392829529268e-03
32 -8.118435051734533e-04 -2.972063159173824e-03
33 -6.364932235596473e-04 -2.916017044607799e-03
34 -4.606605759347734e-04 -2.857406006389270e-03
35 -2.845977887615912e-04 -2.796381565076319e-03
36 -1.085570885028595e-04 -2.733095241227028e-03
37 6.720929837866321e-05 -2.667698555399481e-03
38 2.424491454202190e-04 -2.600343028151758e-03
39 4.169102261590508e-04 -2.531180180041940e-03
40 5.903403141324003e-04 -2.460361531628109e-03
41 7.624871828775068e-04 -2.388038603468347e-03
42 9.330986059316138e-04 -2.314362916120736e-03
43 1.101922356831965e-03 -2.239485990143358e-03
44 1.268706209115800e-03 -2.163559346094293e-03
45 1.433197936320359e-03 -2.086734504531624e-03
46 1.595145311982886e-03 -2.009162986013434e-03
47 1.754296109640624e-03 -1.930996311097801e-03
48 1.910398102830813e-03 -1.852386000342810e-03
49 2.063199065090694e-03 -1.773483574306542e-03
50 2.212446769957510e-03 -1.694440553547078e-03
51 2.357888990968504e-03 -1.615408458622499e-03
52 2.499273501660916e-03 -1.536538810090888e-03
53 2.636348075571987e-03 -1.457983128510327e-03
54 2.768860486238960e-03 -1.379892934438897e-03
55 2.896558507199079e-03 -1.302419748434679e-03
56 3.019189911989583e-03 -1.225715091055756e-03
57 3.136502474147713e-03 -1.149930482860209e-03
58 3.248243967210713e-03 -1.075217444406120e-03
59 3.354162164715825e-03 -1.001727496251570e-03
60 3.454004840200289e-03 -9.296121589546410e-04
61 3.547519767201347e-03 -8.590229530734153e-04
62 3.634454719256241e-03 -7.901113991659744e-04
63 3.714557469902215e-03 -7.230290177903992e-04
64 3.787575792676508e-03 -6.579273295047718e-04
65 3.837364631482816e-03 -6.050229564285013e-04
66 3.882310057164741e-03 -5.430809919092953e-04
67 3.922500506568415e-03 -4.725784658587200e-04
68 3.958024416539976e-03 -3.939924081883404e-04
69 3.988970223925556e-03 -3.077998488097223e-04
70 4.015426365571292e-03 -2.144778176344312e-04
71 4.037481278323317e-03 -1.145033445740326e-04
72 4.055223399027768e-03 -8.353459540092073e-06
73 4.068741164530779e-03 1.034948075558249e-04
74 4.078123011678484e-03 2.205644268021530e-04
75 4.083457377317019e-03 3.423783682873265e-04
76 4.084832698292517e-03 4.684596020997800e-04
77 4.082337411451115e-03 5.983310983279476e-04
78 4.076059953638946e-03 7.315158270602645e-04
79 4.066088761702148e-03 8.675367583851645e-04
80 4.052512272486852e-03 1.005916862391082e-03
81 4.035418922839195e-03 1.146179109166452e-03
82 4.014897149605312e-03 1.287846468799709e-03
83 3.991035389631335e-03 1.430441911379288e-03
84 3.963922079763404e-03 1.573488406993622e-03
85 3.933645656847649e-03 1.716508925731146e-03
86 3.900294557730208e-03 1.859026437680296e-03
87 3.863957219257214e-03 2.000563912929503e-03
88 3.824722078274802e-03 2.140644321567206e-03
89 3.782677571629108e-03 2.278790633681835e-03
90 3.737912136166266e-03 2.414525819361829e-03
91 3.690514208732411e-03 2.547372848695619e-03
92 3.640572226173678e-03 2.676854691771640e-03
93 3.588174625336202e-03 2.802494318678328e-03
94 3.533409843066117e-03 2.923814699504116e-03
95 3.476366316209559e-03 3.040338804337440e-03
96 3.417132481612661e-03 3.151589603266732e-03
97 3.355796776121561e-03 3.257090066380430e-03
98 3.292447636582391e-03 3.356363163766965e-03
99 3.227173499841286e-03 3.448931865514773e-03
100 3.160062802744382e-03 3.534319141712289e-03
101 3.091203982137814e-03 3.612047962447947e-03
102 3.020685474867716e-03 3.681641297810181e-03
103 2.948595717780224e-03 3.742622117887427e-03
104 2.875023147721471e-03 3.794513392768117e-03
105 2.800056201537594e-03 3.836838092540688e-03
106 2.723783316074726e-03 3.869119187293573e-03
107 2.646292928179003e-03 3.890879647115206e-03
108 2.567673474696558e-03 3.901642442094024e-03
109 2.488013392473529e-03 3.900930542318459e-03
110 2.407401118356048e-03 3.888266917876946e-03
111 2.291610789719286e-03 3.859825156770511e-03
112 2.172214923466103e-03 3.827398962429309e-03
113 2.049395694807295e-03 3.791074106360978e-03
114 1.923335278953658e-03 3.750936360073157e-03
115 1.794215851115985e-03 3.707071495073482e-03
116 1.662219586505074e-03 3.659565282869595e-03
117 1.527528660331717e-03 3.608503494969133e-03
118 1.390325247806712e-03 3.553971902879736e-03
119 1.250791524140853e-03 3.496056278109039e-03
120 1.109109664544935e-03 3.434842392164684e-03
121 9.654618442297528e-04 3.370416016554306e-03
122 8.200302384061030e-04 3.302862922785547e-03
123 6.729970222847803e-04 3.232268882366045e-03
124 5.245443710765790e-04 3.158719666803438e-03
125 3.748544599922953e-04 3.082301047605363e-03
126 2.241094642427242e-04 3.003098796279460e-03
127 7.249155903866041e-05 2.921198684333368e-03
128 -7.981708040910061e-05 2.836686483274724e-03
129 -2.326342788897641e-04 2.749647964611168e-03
130 -3.857778611925340e-04 2.660168899850338e-03
131 -5.390656521066155e-04 2.568335060499870e-03
132 -6.923154764212141e-04 2.474232218067406e-03
133 -8.453451589255334e-04 2.377946144060583e-03
134 -9.979725244087790e-04 2.279562609987041e-03
135 -1.150015397660155e-03 2.179167387354417e-03
136 -1.301291603468867e-03 2.076846247670350e-03
137 -1.451618966624120e-03 1.972684962442477e-03
138 -1.600815311915118e-03 1.866769303178439e-03
139 -1.748698464131066e-03 1.759185041385873e-03
140 -1.895086248061170e-03 1.650017948572419e-03
141 -2.039796488494632e-03 1.539353796245714e-03
142 -2.182647010220660e-03 1.427278355913397e-03
143 -2.323455638028457e-03 1.313877399083106e-03
144 -2.462040196707228e-03 1.199236697262480e-03
145 -2.598218511046178e-03 1.083442021959158e-03
146 -2.731808405834512e-03 9.665791446807782e-04
147 -2.862627705861436e-03 8.487338369349778e-04
148 -2.990494235916153e-03 7.299918702293968e-04
149 -3.115225820787867e-03 6.104390160716740e-04
150 -3.236640285265784e-03 4.901610459694472e-04
151 -3.354555454139110e-03 3.692437314303548e-04
152 -3.468789152197047e-03 2.477728439620358e-04
153 -3.579159204228804e-03 1.258341550721283e-04
154 -3.685483435023582e-03 3.513436268269877e-06
155 -3.787579669370588e-03 -1.191035409418989e-04
156 -3.885265732059025e-03 -2.419310050507405e-04
157 -3.978359447878099e-03 -3.648831845506161e-04
158 -4.066678641617015e-03 -4.878743079338879e-04
159 -4.150041138064976e-03 -6.108186036929168e-04
160 -4.228264762011190e-03 -7.336303003200645e-04
161 -4.301167338244859e-03 -8.562236263076925e-04
162 -4.368566691555189e-03 -9.785128101481623e-04
163 -4.430280646731385e-03 -1.100412080333836e-03
164 -4.486127028562651e-03 -1.221835665357073e-03
165 -4.535923661838193e-03 -1.342697793710237e-03
166 -4.579488371347216e-03 -1.462912693885689e-03
167 -4.616638981878921e-03 -1.582394594375789e-03
168 -4.647193318222517e-03 -1.701057723672901e-03
169 -4.670969205167208e-03 -1.818816310269384e-03
170 -4.687784467502198e-03 -1.935584582657602e-03
171 -4.697456930016692e-03 -2.051276769329913e-03
172 -4.699804417499896e-03 -2.165807098778682e-03
173 -4.694644754741013e-03 -2.279089799496269e-03
174 -4.681795766529249e-03 -2.391039099975035e-03
175 -4.661075277653808e-03 -2.501569228707343e-03

Lines

1 1 2
2 2 3
3 3 4
4 4 5
5 5 6
6 6 7
7 7 8
8 8 9
9 9 10
10 10 11
11 11 12
12 12 13
13 13 14
14 14 15
15 15 16
16 16 17
17 17 18
18 18 19
19 19 20
20 20 21
21 21 22
22 22 23
23 23 24
24 24 25
25 25 26
26 26 27
27 27 28
28 28 29
29 29 30
30 30 31
31 31 32
32 32 33
33 33 34
34 34 35
35 35 36
36 36 37
37 37 38
38 38 39
39 39 40
40 40 41
41 41 42
42 42 43
43 43 44
44 44 45
45 45 46
46 46 47
47 47 48
48 48 49
49 49 50
50 50 51
51 51 52
52 52 53
53 53 54
54 54 55
55 55 56
56 56 57
57 57 58
58 58 59
59 59 60
60 60 61
61 61 62
62 62 63
63 63 64
64 64 65
65 65 66
66 66 67
67 67 68
68 68 69
69 69 70
70 70 71
71 71 72
72 72 73
73 73 74
74 74 75
75 75 76
76 76 77
77 77 78
78 78 79
79 79 80
80 80 81
81 81 82
82 82 83
83 83 84
84 84 85
85 85 86
86 86 87
87 87 88
88 88 89
89 89 90
90 90 91
91 91 92
92 92 93
93 93 94
94 94 95
95 95 96
96 96 97
97 97 98
98 98 99
99 99 100
100 100 101
101 101 102
102 102 103
103 103 104
104 104 105
105 105 106
106 106 107
107 107 108
108 108 109
109 109 110
110 110 111
111 111 112
112 112 113
113 113 114
114 114 115
115 115 116
116 116 117
117 117 118
118 118 119
119 119 120
120 120 121
121 121 122
122 122 123
123 123 124
124 124 125
125 125 126
126 126 127
127 127 128
128 128 129
129 129 130
130 130 131
131 131 132
132 132 133
133 133 134
134 134 135
135 135 136
136 136 137
137 137 138
138 138 139
139 139 140
140 140 141
141 141 142
142 142 143
143 143 144
144 144 145
145 145 146
146 146 147
147 147 148
148 148 149
149 149 150
150 150 151
151 151 152
152 152 153
153 153 154
154 154 155
155 155 156
156 156 157
157 157 158
158 158 159
159 159 160
160 160 161
161 161 162
162 162 163
163 163 164
164 164 165
165 165 166
166 166 167
167 167 168
168 168 169
169 169 170
170 170 171
171 171 172
172 172 173
173 173 174
174 174 175
175 175 1
