shape_73

119 points
119 lines

Points

1 3.029011208047910e-03 -3.453937220345231e-03
2 3.130458211714605e-03 -3.460780229916709e-03
3 3.226953254266203e-03 -3.443184271544571e-03
4 3.318402778875235e-03 -3.402702433025468e-03
5 3.404713228714235e-03 -3.340887802156050e-03
6 3.485791046955736e-03 -3.259293466732969e-03
7 3.561542676772271e-03 -3.159472514552875e-03
8 3.631874561336371e-03 -3.042978033412419e-03
9 3.696693143820574e-03 -2.911363111108255e-03
10 3.755904867397406e-03 -2.766180835437029e-03
11 3.809416175239407e-03 -2.608984294195398e-03
12 3.857133510519103e-03 -2.441326575180008e-03
13 3.898963316409034e-03 -2.264760766187513e-03
14 3.934812036081726e-03 -2.080839955014561e-03
15 3.964586112709717e-03 -1.891117229457807e-03
16 3.988191989465537e-03 -1.697145677313899e-03
17 4.005536109521720e-03 -1.500478386379490e-03
18 4.016524916050799e-03 -1.302668444451229e-03
19 4.021064852225307e-03 -1.105268939325768e-03
20 4.019062361217777e-03 -9.098329587997592e-04
21 4.010423886200740e-03 -7.179135906698517e-04
22 3.995055870346732e-03 -5.310639227326977e-04
23 3.972864756828285e-03 -3.508370427849479e-04
24 3.943756988817930e-03 -1.787860386232533e-04
25 3.907639009488202e-03 -1.646399804426450e-05
26 3.864417262011632e-03 1.345759911553664e-04
27 3.813998189560755e-03 2.727808411789891e-04
28 3.756288235308103e-03 3.965974642299523e-04
29 3.691193842426208e-03 5.044727725116051e-04
30 3.618621454087604e-03 5.948536782272965e-04
31 3.538477513464824e-03 6.661870935803754e-04
32 3.411999111125046e-03 7.548494847865719e-04
33 3.271306079662638e-03 8.466713260557586e-04
34 3.117207059665567e-03 9.412391872627126e-04
35 2.950510691721798e-03 1.038139638282212e-03
36 2.772025616419298e-03 1.136959248989035e-03
37 2.582560474346031e-03 1.237284589257960e-03
38 2.382923906089966e-03 1.338702228963763e-03
39 2.173924552239069e-03 1.440798737981223e-03
40 1.956371053381303e-03 1.543160686185118e-03
41 1.731072050104637e-03 1.645374643450225e-03
42 1.498836182997034e-03 1.747027179651321e-03
43 1.260472092646463e-03 1.847704864663186e-03
44 1.016788419640889e-03 1.946994268360598e-03
45 7.685938045682782e-04 2.044481960618332e-03
46 5.166968880165966e-04 2.139754511311169e-03
47 2.619063105738097e-04 2.232398490313884e-03
48 5.030712827883991e-06 2.322000467501255e-03
49 -2.531212646332142e-04 2.408147012748062e-03
50 -5.117409812215197e-04 2.490424695929082e-03
51 -7.700197963490655e-04 2.568420086919093e-03
52 -1.027149069427886e-03 2.641719755592871e-03
53 -1.282320159870016e-03 2.709910271825195e-03
54 -1.534724427087487e-03 2.772578205490843e-03
55 -1.783553230492335e-03 2.829310126464593e-03
56 -2.027997929496594e-03 2.879692604621223e-03
57 -2.267249883512295e-03 2.923312209835509e-03
58 -2.500500451951477e-03 2.959755511982231e-03
59 -2.726940994226170e-03 2.988609080936166e-03
60 -2.945762869748409e-03 3.009459486572092e-03
61 -3.156157437930230e-03 3.021893298764786e-03
62 -3.357316058183662e-03 3.025497087389026e-03
63 -3.548430089920744e-03 3.019857422319591e-03
64 -3.728690892553509e-03 3.004560873431257e-03
65 -3.897289825493987e-03 2.979194010598803e-03
66 -4.053418248154218e-03 2.943343403697007e-03
67 -4.196267519946230e-03 2.896595622600646e-03
68 -4.325029000282062e-03 2.838537237184499e-03
69 -4.438894048573745e-03 2.768754817323341e-03
70 -4.537054024233313e-03 2.686834932891954e-03
71 -4.618700286672802e-03 2.592364153765112e-03
72 -4.683024195304243e-03 2.484929049817595e-03
73 -4.729217109539672e-03 2.364116190924180e-03
74 -4.756470388791123e-03 2.229512146959645e-03
75 -4.766829786204314e-03 2.077508203816796e-03
76 -4.760894163835056e-03 1.924013072130088e-03
77 -4.739230276070504e-03 1.769214638076084e-03
78 -4.702404877297810e-03 1.613300787831341e-03
79 -4.650984721904129e-03 1.456459407572417e-03
80 -4.585536564276611e-03 1.298878383475870e-03
81 -4.506627158802416e-03 1.140745601718261e-03
82 -4.414823259868690e-03 9.822489484761457e-04
83 -4.310691621862591e-03 8.235763099260839e-04
84 -4.194798999171271e-03 6.649155722446338e-04
85 -4.067712146181883e-03 5.064546216083532e-04
86 -3.929997817281579e-03 3.483813441938011e-04
87 -3.782222766857517e-03 1.908836261775366e-04
88 -3.624953749296844e-03 3.414935373611647e-05
89 -3.458757518986718e-03 -1.216335869538992e-04
90 -3.284200830314291e-03 -2.762773097159528e-04
91 -3.101850437666718e-03 -4.295939283734855e-04
92 -2.912273095431148e-03 -5.813955567499391e-04
93 -2.716035557994738e-03 -7.314943086687557e-04
94 -2.513704579744642e-03 -8.797022979533757e-04
95 -2.305846915068008e-03 -1.025831638427241e-03
96 -2.093029318351996e-03 -1.169694443913795e-03
97 -1.875818543983755e-03 -1.311102828236476e-03
98 -1.654781346350441e-03 -1.449868905218727e-03
99 -1.430484479839204e-03 -1.585804788683991e-03
100 -1.203494698837202e-03 -1.718722592455707e-03
101 -9.743787577315840e-04 -1.848434430357318e-03
102 -7.437034109095041e-04 -1.974752416212267e-03
103 -5.120354127581185e-04 -2.097488663843993e-03
104 -2.799415176645782e-04 -2.216455287075938e-03
105 -4.798848001603741e-05 -2.331464399731545e-03
106 1.832569458003513e-04 -2.442328115634254e-03
107 4.132280053974339e-04 -2.548858548607507e-03
108 6.413579443880576e-04 -2.650867812474746e-03
109 8.670800083850684e-04 -2.748168021059413e-03
110 1.089827443001314e-03 -2.840571288184948e-03
111 1.309033493849641e-03 -2.927889727674794e-03
112 1.524131406542895e-03 -3.009935453352391e-03
113 1.734554426693922e-03 -3.086520579041183e-03
114 1.939735799915570e-03 -3.157457218564609e-03
115 2.139108771820686e-03 -3.222557485746113e-03
116 2.332106588022116e-03 -3.281633494409133e-03
117 2.518162494132707e-03 -3.334497358377114e-03
118 2.696709735765305e-03 -3.380961191473496e-03
119 2.867181558532758e-03 -3.420837107521722e-03

Lines

1 1 2
2 2 3
3 3 4
4 4 5
5 5 6
6 6 7
7 7 8
8 8 9
9 9 10
10 10 11
11 11 12
12 12 13
13 13 14
14 14 15
15 15 16
16 16 17
17 17 18
18 18 19
19 19 20
20 20 21
21 21 22
22 22 23
23 23 24
24 24 25
25 25 26
26 26 27
27 27 28
28 28 29
29 29 30
30 30 31
31 31 32
32 32 33
33 33 34
34 34 35
35 35 36
36 36 37
37 37 38
38 38 39
39 39 40
40 40 41
41 41 42
42 42 43
43 43 44
44 44 45
45 45 46
46 46 47
47 47 48
48 48 49
49 49 50
50 50 51
51 51 52
52 52 53
53 53 54
54 54 55
55 55 56
56 56 57
57 57 58
58 58 59
59 59 60
60 60 61
61 61 62
62 62 63
63 63 64
64 64 65
65 65 66
66 66 67
67 67 68
68 68 69
69 69 70
70 70 71
71 71 72
72 72 73
73 73 74
74 74 75
75 75 76
76 76 77
77 77 78
78 78 79
79 79 80
80 80 81
81 81 82
82 82 83
83 83 84
84 84 85
85 85 86
86 86 87
87 87 88
88 88 89
89 89 90
90 90 91
91 91 92
92 92 93
93 93 94
94 94 95
95 95 96
96 96 97
97 97 98
98 98 99
99 99 100
100 100 101
101 101 102
102 102 103
103 103 104
104 104 105
105 105 106
106 106 107
107 107 108
108 108 109
109 109 110
110 110 111
111 111 112
112 112 113
113 113 114
114 114 115
115 115 116
116 116 117
117 117 118
118 118 119
119 119 1
