shape_98

99 points
99 lines

Points

1 -3.004199556334635e-03 -2.958103157770592e-03
2 -3.022806123560935e-03 -3.049029964768402e-03
3 -3.013877928836982e-03 -3.150631692442675e-03
4 -2.979963669072187e-03 -3.260799787526025e-03
5 -2.923612041175964e-03 -3.377425696751069e-03
6 -2.847371742057723e-03 -3.498400866850422e-03
7 -2.753791468626878e-03 -3.621616744556700e-03
8 -2.645419917792842e-03 -3.744964776602517e-03
9 -2.524805786465027e-03 -3.866336409720491e-03
10 -2.394497771552845e-03 -3.983623090643235e-03
11 -2.257044569965708e-03 -4.094716266103365e-03
12 -2.114994878613029e-03 -4.197507382833498e-03
13 -1.970897394404220e-03 -4.289887887566248e-03
14 -1.827300814248695e-03 -4.369749227034231e-03
15 -1.686753835055864e-03 -4.434982847970062e-03
16 -1.551805153735141e-03 -4.483480197106356e-03
17 -1.425003467195937e-03 -4.513132721175732e-03
18 -1.308897472347666e-03 -4.521831866910800e-03
19 -1.206035866099741e-03 -4.507469081044179e-03
20 -1.118967345361572e-03 -4.467935810308485e-03
21 -1.050240607042573e-03 -4.401123501436332e-03
22 -9.287590983550522e-04 -4.233132507946245e-03
23 -7.991806760908121e-04 -4.053575064813473e-03
24 -6.622786992268578e-04 -3.863130512804499e-03
25 -5.188265267401945e-04 -3.662478192685796e-03
26 -3.695975176078277e-04 -3.452297445223843e-03
27 -2.153650308067627e-04 -3.233267611185117e-03
28 -5.690242531400486e-05 -3.006068031336098e-03
29 1.050169398934408e-04 -2.771378046443263e-03
30 2.696197058385683e-04 -2.529876997273087e-03
31 4.361325135443728e-04 -2.282244224592051e-03
32 6.037820040338493e-04 -2.029159069166631e-03
33 7.717948183299916e-04 -1.771300871763305e-03
34 9.393975974557948e-04 -1.509348973148552e-03
35 1.105816982434253e-03 -1.243982714088848e-03
36 1.270279614288362e-03 -9.758814353506725e-04
37 1.432012134041116e-03 -7.057244777005016e-04
38 1.590241182715510e-03 -4.341911819048135e-04
39 1.744193401334538e-03 -1.619608887300871e-04
40 1.893095430921194e-03 1.102870610572020e-04
41 2.036173912498474e-03 3.818733266905738e-04
42 2.172655487089373e-03 6.521185674035522e-04
43 2.301766795716885e-03 9.203434424296589e-04
44 2.422734479404003e-03 1.185868611002416e-03
45 2.534785179173725e-03 1.448014732355346e-03
46 2.637145536049043e-03 1.706102465721970e-03
47 2.729042191052952e-03 1.959452470335812e-03
48 2.809701785208448e-03 2.207385405430394e-03
49 2.878350959538524e-03 2.449221930239236e-03
50 2.934216355066178e-03 2.684282703995864e-03
51 2.976524612814400e-03 2.911888385933797e-03
52 3.004502373806187e-03 3.131359635286559e-03
53 3.017376279064535e-03 3.342017111287672e-03
54 3.014372969612436e-03 3.543181473170658e-03
55 2.994719086472886e-03 3.734173380169039e-03
56 2.957641270668880e-03 3.914313491516337e-03
57 2.902366163223413e-03 4.082922466446076e-03
58 2.828120405159477e-03 4.239320964191775e-03
59 2.734130637500070e-03 4.382829643986961e-03
60 2.619623501268184e-03 4.512769165065152e-03
61 2.483825637486816e-03 4.628460186659872e-03
62 2.336888431586753e-03 4.719813867964546e-03
63 2.186850173970861e-03 4.780136459350546e-03
64 2.033988838723580e-03 4.810724019545791e-03
65 1.878582399929353e-03 4.812872607278196e-03
66 1.720908831672619e-03 4.787878281275674e-03
67 1.561246108037822e-03 4.737037100266144e-03
68 1.399872203109403e-03 4.661645122977520e-03
69 1.237065090971803e-03 4.562998408137722e-03
70 1.073102745709463e-03 4.442393014474659e-03
71 9.082631414068264e-04 4.301125000716253e-03
72 7.428242521483328e-04 4.140490425590418e-03
73 5.770640520184244e-04 3.961785347825068e-03
74 4.112605151015436e-04 3.766305826148122e-03
75 2.456916154821296e-04 3.555347919287493e-03
76 8.063532724462631e-05 3.330207685971102e-03
77 -8.363037552652586e-05 3.092181184926859e-03
78 -2.468275187468859e-04 2.842564474882681e-03
79 -4.086781283320108e-04 2.582653614566488e-03
80 -5.689042301974609e-04 2.313744662706189e-03
81 -7.272278502587929e-04 2.037133678029708e-03
82 -8.833710144315667e-04 1.754116719264956e-03
83 -1.037055748631340e-03 1.465989845139850e-03
84 -1.188004078773673e-03 1.174049114382304e-03
85 -1.335938030774121e-03 8.795905857202382e-04
86 -1.480579630548244e-03 5.839103178815663e-04
87 -1.621650904011602e-03 2.883043695942030e-04
88 -1.758873877079751e-03 -5.931200413935302e-06
89 -1.891970575668252e-03 -2.975003334149316e-04
90 -2.020663025692661e-03 -5.851069706808699e-04
91 -2.144673253068538e-03 -8.674550534838346e-04
92 -2.263723283711442e-03 -1.143248523095911e-03
93 -2.377535143536931e-03 -1.411191320789182e-03
94 -2.485830858460563e-03 -1.669987387835732e-03
95 -2.588332454397896e-03 -1.918340665507644e-03
96 -2.684761957264489e-03 -2.154955095077002e-03
97 -2.774841392975901e-03 -2.378534617815893e-03
98 -2.858292787447691e-03 -2.587783174996399e-03
99 -2.934838166595416e-03 -2.781404707890604e-03

Lines

1 1 2
2 2 3
3 3 4
4 4 5
5 5 6
6 6 7
7 7 8
8 8 9
9 9 10
10 10 11
11 11 12
12 12 13
13 13 14
14 14 15
15 15 16
16 16 17
17 17 18
18 18 19
19 19 20
20 20 21
21 21 22
22 22 23
23 23 24
24 24 25
25 25 26
26 26 27
27 27 28
28 28 29
29 29 30
30 30 31
31 31 32
32 32 33
33 33 34
34 34 35
35 35 36
36 36 37
37 37 38
38 38 39
39 39 40
40 40 41
41 41 42
42 42 43
43 43 44
44 44 45
45 45 46
46 46 47
47 47 48
48 48 49
49 49 50
50 50 51
51 51 52
52 52 53
53 53 54
54 54 55
55 55 56
56 56 57
57 57 58
58 58 59
59 59 60
60 60 61
61 61 62
62 62 63
63 63 64
64 64 65
65 65 66
66 66 67
67 67 68
68 68 69
69 69 70
70 70 71
71 71 72
72 72 73
73 73 74
74 74 75
75 75 76
76 76 77
77 77 78
78 78 79
79 79 80
80 80 81
81 81 82
82 82 83
83 83 84
84 84 85
85 85 86
86 86 87
87 87 88
88 88 89
89 89 90
90 90 91
91 91 92
92 92 93
93 93 94
94 94 95
95 95 96
96 96 97
97 97 98
98 98 99
99 99 1
