shape_52

186 points
186 lines

Points

1 -4.366723648751855e-03 -2.697951616611015e-03
2 -4.275212048528809e-03 -2.753598468085890e-03
3 -4.180974317529376e-03 -2.803847542104888e-03
4 -4.084092143008882e-03 -2.848800713808462e-03
5 -3.984647212222657e-03 -2.888559858337072e-03
6 -3.882721212426027e-03 -2.923226850831171e-03
7 -3.778395830874317e-03 -2.952903566431216e-03
8 -3.671752754822859e-03 -2.977691880277664e-03
9 -3.562873671526977e-03 -2.997693667510970e-03
10 -3.451840268241997e-03 -3.013010803271592e-03
11 -3.338734232223247e-03 -3.023745162699984e-03
12 -3.223637250726054e-03 -3.029998620936602e-03
13 -3.106631011005747e-03 -3.031873053121904e-03
14 -2.987797200317650e-03 -3.029470334396347e-03
15 -2.867217505917091e-03 -3.022892339900383e-03
16 -2.744973615059400e-03 -3.012240944774472e-03
17 -2.621147214999899e-03 -2.997618024159069e-03
18 -2.495819992993920e-03 -2.979125453194630e-03
19 -2.369073636296787e-03 -2.956865107021611e-03
20 -2.240989832163825e-03 -2.930938860780466e-03
21 -2.111650267850367e-03 -2.901448589611656e-03
22 -1.981136630611737e-03 -2.868496168655634e-03
23 -1.849530607703260e-03 -2.832183473052854e-03
24 -1.716913886380267e-03 -2.792612377943777e-03
25 -1.583368153898082e-03 -2.749884758468857e-03
26 -1.448975097512034e-03 -2.704102489768550e-03
27 -1.313816404477448e-03 -2.655367446983312e-03
28 -1.177973762049653e-03 -2.603781505253598e-03
29 -1.041528857483975e-03 -2.549446539719868e-03
30 -9.045633780357421e-04 -2.492464425522573e-03
31 -7.671590109602795e-04 -2.432937037802172e-03
32 -6.293974435129169e-04 -2.370966251699123e-03
33 -4.913603629489790e-04 -2.306653942353879e-03
34 -3.531294565237944e-04 -2.240101984906897e-03
35 -2.147864114926893e-04 -2.171412254498634e-03
36 -7.641291511099002e-05 -2.100686626269544e-03
37 6.190934536597424e-05 -2.028026975360087e-03
38 2.000986826828778e-04 -1.953535176910715e-03
39 3.380734095843944e-04 -1.877313106061885e-03
40 4.757518388151949e-04 -1.799462637954056e-03
41 6.130522831199534e-04 -1.720085647727681e-03
42 7.498930552433421e-04 -1.639284010523218e-03
43 8.861924679300353e-04 -1.557159601481122e-03
44 1.021868833924706e-03 -1.473814295741850e-03
45 1.156840465972026e-03 -1.389349968445857e-03
46 1.291025676816667e-03 -1.303868494733601e-03
47 1.424342779203306e-03 -1.217471749745536e-03
48 1.556710085876612e-03 -1.130261608622120e-03
49 1.688045909581259e-03 -1.042339946503808e-03
50 1.818268563061921e-03 -9.538086385310559e-04
51 1.947296359063270e-03 -8.647695598443212e-04
52 2.075047610329981e-03 -7.753245855840588e-04
53 2.201440629606722e-03 -6.855755908907257e-04
54 2.326393729638171e-03 -5.956244509047776e-04
55 2.449825223169000e-03 -5.055730407666699e-04
56 2.571653422943879e-03 -4.155232356168604e-04
57 2.691796641707484e-03 -3.255769105958043e-04
58 2.810173192204485e-03 -2.358359408439579e-04
59 2.926701387179559e-03 -1.464022015017774e-04
60 3.041299539377376e-03 -5.737756770971769e-05
61 3.153885961542610e-03 3.113608539176309e-05
62 3.264378966419933e-03 1.190368826622095e-04
63 3.372696866754019e-03 2.062229489611664e-04
64 3.478757975289540e-03 2.925924091481762e-04
65 3.582480604771170e-03 3.780433880827833e-04
66 3.683783067943581e-03 4.624740106245318e-04
67 3.782583677551446e-03 5.457824016329651e-04
68 3.878800746339439e-03 6.278666859676283e-04
69 3.972352587052232e-03 7.086249884880636e-04
70 4.063157512434497e-03 7.879554340538155e-04
71 4.151133835230909e-03 8.657561475244285e-04
72 4.236199868186141e-03 9.419252537594453e-04
73 4.318273924044862e-03 1.016360877618410e-03
74 4.397274315551750e-03 1.088961143960868e-03
75 4.473119355451476e-03 1.159624177646361e-03
76 4.511976716960736e-03 1.202567680383494e-03
77 4.540507765365912e-03 1.248399265122622e-03
78 4.559106017907532e-03 1.296904817796121e-03
79 4.568164991826130e-03 1.347870224336364e-03
80 4.568078204362237e-03 1.401081370675727e-03
81 4.559239172756383e-03 1.456324142746583e-03
82 4.542041414249103e-03 1.513384426481307e-03
83 4.516878446080928e-03 1.572048107812275e-03
84 4.484143785492390e-03 1.632101072671860e-03
85 4.444230949724020e-03 1.693329206992437e-03
86 4.397533456016349e-03 1.755518396706381e-03
87 4.344444821609911e-03 1.818454527746066e-03
88 4.285358563745238e-03 1.881923486043867e-03
89 4.220668199662860e-03 1.945711157532158e-03
90 4.150767246603313e-03 2.009603428143314e-03
91 4.076049221807121e-03 2.073386183809710e-03
92 3.996907642514824e-03 2.136845310463719e-03
93 3.913736025966950e-03 2.199766694037717e-03
94 3.826927889404031e-03 2.261936220464079e-03
95 3.736876750066600e-03 2.323139775675179e-03
96 3.643976125195189e-03 2.383163245603390e-03
97 3.548619532030328e-03 2.441792516181088e-03
98 3.451200487812550e-03 2.498813473340648e-03
99 3.352112509782387e-03 2.554012003014445e-03
100 3.251749115180371e-03 2.607173991134851e-03
101 3.150503821247035e-03 2.658085323634243e-03
102 3.048770145222908e-03 2.706531886444995e-03
103 2.946941604348524e-03 2.752299565499481e-03
104 2.845411715864415e-03 2.795174246730076e-03
105 2.744573997011112e-03 2.834941816069155e-03
106 2.644821965029148e-03 2.871388159449091e-03
107 2.546549137159054e-03 2.904299162802260e-03
108 2.450149030641361e-03 2.933460712061037e-03
109 2.356015162716603e-03 2.958658693157795e-03
110 2.264541050625310e-03 2.979678992024910e-03
111 2.176120211608016e-03 2.996307494594755e-03
112 2.091146162905251e-03 3.008330086799707e-03
113 2.010012421757547e-03 3.015532654572137e-03
114 1.933112505405437e-03 3.017701083844423e-03
115 1.860839931089452e-03 3.014621260548938e-03
116 1.793588216050125e-03 3.006079070618057e-03
117 1.731750877527986e-03 2.991860399984155e-03
118 1.675721432763569e-03 2.971751134579604e-03
119 1.591026395187199e-03 2.934184650060867e-03
120 1.501291025619502e-03 2.893203200008999e-03
121 1.406737222204594e-03 2.848900953485751e-03
122 1.307586883086595e-03 2.801372079552874e-03
123 1.204061906409621e-03 2.750710747272117e-03
124 1.096384190317791e-03 2.697011125705231e-03
125 9.847756329552219e-04 2.640367383913964e-03
126 8.694581324660323e-04 2.580873690960067e-03
127 7.506535869943395e-04 2.518624215905290e-03
128 6.285838946842615e-04 2.453713127811383e-03
129 5.034709536799163e-04 2.386234595740095e-03
130 3.755366621254217e-04 2.316282788753178e-03
131 2.450029181648948e-04 2.243951875912379e-03
132 1.120916199424543e-04 2.169336026279450e-03
133 -2.297533439778233e-05 2.092529408916140e-03
134 -1.599760467116973e-04 2.013626192884198e-03
135 -2.986886188551725e-04 1.932720547245377e-03
136 -4.388911526840905e-04 1.849906641061423e-03
137 -5.803617500543335e-04 1.765278643394089e-03
138 -7.228785128217836e-04 1.678930723305123e-03
139 -8.662195428423227e-04 1.590957049856275e-03
140 -1.010162941971833e-03 1.501451792109296e-03
141 -1.154486812066197e-03 1.410509119125937e-03
142 -1.298969254981297e-03 1.318223199967944e-03
143 -1.443388372573014e-03 1.224688203697070e-03
144 -1.587522266697233e-03 1.129998299375064e-03
145 -1.731149039209833e-03 1.034247656063676e-03
146 -1.874046791966698e-03 9.375304428246559e-04
147 -2.015993626823708e-03 8.399408287197535e-04
148 -2.156767645636748e-03 7.415729828107190e-04
149 -2.296146950261699e-03 6.425210741593012e-04
150 -2.433909642554443e-03 5.428792718272508e-04
151 -2.569833824370863e-03 4.427417448763183e-04
152 -2.703697597566841e-03 3.422026623682530e-04
153 -2.835279063998258e-03 2.413561933648044e-04
154 -2.964356325520996e-03 1.402965069277233e-04
155 -3.090707483990940e-03 3.911777211875829e-05
156 -3.214110641263968e-03 -6.208584200033892e-05
157 -3.334343899195965e-03 -1.632201663678198e-04
158 -3.451185359642814e-03 -2.641910319219348e-04
159 -3.564413124460395e-03 -3.649042696009324e-04
160 -3.673805295504592e-03 -4.652657103430645e-04
161 -3.779139974631284e-03 -5.651811850865797e-04
162 -3.880195263696359e-03 -6.645565247697291e-04
163 -3.976749264555691e-03 -7.632975603307620e-04
164 -4.068580079065170e-03 -8.613101227079289e-04
165 -4.155465809080675e-03 -9.585000428394809e-04
166 -4.237184556458086e-03 -1.054773151663666e-03
167 -4.313514423053290e-03 -1.150035280118737e-03
168 -4.384233510722164e-03 -1.244192259142941e-03
169 -4.449119921320593e-03 -1.337149919674530e-03
170 -4.507951756704460e-03 -1.428814092651754e-03
171 -4.560507118729644e-03 -1.519090609012862e-03
172 -4.606564109252032e-03 -1.607885299696106e-03
173 -4.645900830127501e-03 -1.695103995639734e-03
174 -4.678295383211937e-03 -1.780652527781998e-03
175 -4.703525870361219e-03 -1.864436727061146e-03
176 -4.721370393431234e-03 -1.946362424415430e-03
177 -4.731607054277859e-03 -2.026335450783100e-03
178 -4.734013954756978e-03 -2.104261637102405e-03
179 -4.728369196724474e-03 -2.180046814311595e-03
180 -4.714450882036228e-03 -2.253596813348922e-03
181 -4.692037112548123e-03 -2.324817465152634e-03
182 -4.660905990116043e-03 -2.393614600660982e-03
183 -4.620835616595866e-03 -2.459894050812216e-03
184 -4.571604093843477e-03 -2.523561646544586e-03
185 -4.512989523714758e-03 -2.584523218796343e-03
186 -4.444770008065590e-03 -2.642684598505736e-03

Lines

1 1 2
2 2 3
3 3 4
4 4 5
5 5 6
6 6 7
7 7 8
8 8 9
9 9 10
10 10 11
11 11 12
12 12 13
13 13 14
14 14 15
15 15 16
16 16 17
17 17 18
18 18 19
19 19 20
20 20 21
21 21 22
22 22 23
23 23 24
24 24 25
25 25 26
26 26 27
27 27 28
28 28 29
29 29 30
30 30 31
31 31 32
32 32 33
33 33 34
34 34 35
35 35 36
36 36 37
37 37 38
38 38 39
39 39 40
40 40 41
41 41 42
42 42 43
43 43 44
44 44 45
45 45 46
46 46 47
47 47 48
48 48 49
49 49 50
50 50 51
51 51 52
52 52 53
53 53 54
54 54 55
55 55 56
56 56 57
57 57 58
58 58 59
59 59 60
60 60 61
61 61 62
62 62 63
63 63 64
64 64 65
65 65 66
66 66 67
67 67 68
68 68 69
69 69 70
70 70 71
71 71 72
72 72 73
73 73 74
74 74 75
75 75 76
76 76 77
77 77 78
78 78 79
79 79 80
80 80 81
81 81 82
82 82 83
83 83 84
84 84 85
85 85 86
86 86 87
87 87 88
88 88 89
89 89 90
90 90 91
91 91 92
92 92 93
93 93 94
94 94 95
95 95 96
96 96 97
97 97 98
98 98 99
99 99 100
100 100 101
101 101 102
102 102 103
103 103 104
104 104 105
105 105 106
106 106 107
107 107 108
108 108 109
109 109 110
110 110 111
111 111 112
112 112 113
113 113 114
114 114 115
115 115 116
116 116 117
117 117 118
118 118 119
119 119 120
120 120 121
121 121 122
122 122 123
123 123 124
124 124 125
125 125 126
126 126 127
127 127 128
128 128 129
129 129 130
130 130 131
131 131 132
132 132 133
133 133 134
134 134 135
135 135 136
136 136 137
137 137 138
138 138 139
139 139 140
140 140 141
141 141 142
142 142 143
143 143 144
144 144 145
145 145 146
146 146 147
147 147 148
148 148 149
149 149 150
150 150 151
151 151 152
152 152 153
153 153 154
154 154 155
155 155 156
156 156 157
157 157 158
158 158 159
159 159 160
160 160 161
161 161 162
162 162 163
163 163 164
164 164 165
165 165 166
166 166 167
167 167 168
168 168 169
169 169 170
170 170 171
171 171 172
172 172 173
173 173 174
174 174 175
175 175 176
176 176 177
177 177 178
178 178 179
179 179 180
180 180 181
181 181 182
182 182 183
183 183 184
184 184 185
185 185 186
186 186 1
