shape_4

155 points
155 lines

Points

1 -4.751229773849353e-03 -1.201513484269366e-03
2 -4.631233654541404e-03 -1.210577958289339e-03
3 -4.508398780535323e-03 -1.217258880338099e-03
4 -4.382823976460812e-03 -1.221610263932822e-03
5 -4.254608066947568e-03 -1.223686122590684e-03
6 -4.123849876625290e-03 -1.223540469828860e-03
7 -3.990648230123670e-03 -1.221227319164526e-03
8 -3.855101952072406e-03 -1.216800684114857e-03
9 -3.717309867101200e-03 -1.210314578197029e-03
10 -3.577370799839745e-03 -1.201823014928218e-03
11 -3.435383574917739e-03 -1.191380007825599e-03
12 -3.291447016964879e-03 -1.179039570406348e-03
13 -3.145659950610865e-03 -1.164855716187640e-03
14 -2.998121200485391e-03 -1.148882458686652e-03
15 -2.848929591218153e-03 -1.131173811420557e-03
16 -2.698183947438853e-03 -1.111783787906533e-03
17 -2.545983093777185e-03 -1.090766401661755e-03
18 -2.392425854862848e-03 -1.068175666203398e-03
19 -2.237611055325536e-03 -1.044065595048638e-03
20 -2.081637519794948e-03 -1.018490201714651e-03
21 -1.924604072900784e-03 -9.915034997186121e-04
22 -1.766609539272738e-03 -9.631595025776971e-04
23 -1.607752743540507e-03 -9.335122238090809e-04
24 -1.448132510333789e-03 -9.026156769299400e-04
25 -1.287847664282281e-03 -8.705238754574500e-04
26 -1.126997030015682e-03 -8.372908329087860e-04
27 -9.656794321636869e-04 -8.029705628011233e-04
28 -8.039936953559930e-04 -7.676170786516382e-04
29 -6.420386442223003e-04 -7.312843939775064e-04
30 -4.799131033923028e-04 -6.940265222959032e-04
31 -3.177158974956979e-04 -6.558974771240037e-04
32 -1.555458511621840e-04 -6.169512719789841e-04
33 6.498210978540815e-06 -5.772419203780201e-04
34 1.683174642967804e-04 -5.368234358382871e-04
35 3.298130841628384e-04 -4.957498318769603e-04
36 4.908862459470173e-04 -4.540751220112158e-04
37 6.514381250196182e-04 -4.118533197582292e-04
38 8.113698967509450e-04 -3.691384386351759e-04
39 9.705827365113014e-04 -3.259844921592314e-04
40 1.128977819670990e-03 -2.824454938475714e-04
41 1.286456321600311e-03 -2.385754572173718e-04
42 1.442919417669570e-03 -1.944283957858081e-04
43 1.598268283249070e-03 -1.500583230700554e-04
44 1.752404093709112e-03 -1.055192525872895e-04
45 1.905228024419999e-03 -6.086519785468643e-05
46 2.056641250752033e-03 -1.615017238942152e-05
47 2.206544948075521e-03 2.857181029132990e-05
48 2.354840291760762e-03 7.324673667039199e-05
49 2.501428457178059e-03 1.178205932305888e-04
50 2.646210619697715e-03 1.622393664547451e-04
51 2.789087954690035e-03 2.064490428256856e-04
52 2.929961637525319e-03 2.503956088262344e-04
53 3.068732843573871e-03 2.940250509392156e-04
54 3.205302748205992e-03 3.372833556474539e-04
55 3.339572526791989e-03 3.801165094337739e-04
56 3.471443354702162e-03 4.224704987809999e-04
57 3.600816407306812e-03 4.642913101719559e-04
58 3.727592859976245e-03 5.055249300894665e-04
59 3.851673888080763e-03 5.461173450163565e-04
60 3.972960666990669e-03 5.860145414354499e-04
61 4.091354372076264e-03 6.251625058295710e-04
62 4.206756178707851e-03 6.635072246815442e-04
63 4.319067262255735e-03 7.009946844741947e-04
64 4.428188798090218e-03 7.375708716903463e-04
65 4.534021961581602e-03 7.731817728128229e-04
66 4.636467928100190e-03 8.077733743244495e-04
67 4.682130470620732e-03 8.258159816636991e-04
68 4.712302560642595e-03 8.436242706442444e-04
69 4.727729046273592e-03 8.611593898361034e-04
70 4.729154775621547e-03 8.783824878092945e-04
71 4.717324596794276e-03 8.952547131338360e-04
72 4.692983357899595e-03 9.117372143797455e-04
73 4.656875907045329e-03 9.277911401170423e-04
74 4.609747092339290e-03 9.433776389157435e-04
75 4.552341761889297e-03 9.584578593458678e-04
76 4.485404763803173e-03 9.729929499774336e-04
77 4.409680946188732e-03 9.869440593804589e-04
78 4.325915157153793e-03 1.000272336124962e-03
79 4.234852244806177e-03 1.012938928780961e-03
80 4.137237057253701e-03 1.024904985918474e-03
81 4.033814442604182e-03 1.036131656107520e-03
82 3.925329248965441e-03 1.046580087918116e-03
83 3.812526324445293e-03 1.056211429920281e-03
84 3.696150517151561e-03 1.064986830684033e-03
85 3.576946675192059e-03 1.072867438779391e-03
86 3.455659646674608e-03 1.079814402776371e-03
87 3.333034279707026e-03 1.085788871244994e-03
88 3.209815422397131e-03 1.090751992755276e-03
89 3.086747922852742e-03 1.094664915877237e-03
90 2.964576629181676e-03 1.097488789180894e-03
91 2.844046389491753e-03 1.099184761236266e-03
92 2.725902051890791e-03 1.099713980613370e-03
93 2.610888464486608e-03 1.099037595882225e-03
94 2.499750475387023e-03 1.097116755612850e-03
95 2.393232932699854e-03 1.093912608375262e-03
96 2.292080684532920e-03 1.089386302739480e-03
97 2.197038578994039e-03 1.083498987275521e-03
98 2.108851464191028e-03 1.076211810553405e-03
99 2.028264188231708e-03 1.067485921143149e-03
100 1.956021599223896e-03 1.057282467614771e-03
101 1.892868545275411e-03 1.045562598538291e-03
102 1.793354033515036e-03 1.024004250110531e-03
103 1.684312867472534e-03 9.998881345131716e-04
104 1.566239664317207e-03 9.733185748766721e-04
105 1.439629041218357e-03 9.443998943314903e-04
106 1.304975615345287e-03 9.132364160080844e-04
107 1.162774003867301e-03 8.799324630369128e-04
108 1.013518823953700e-03 8.445923585484342e-04
109 8.577046927737872e-04 8.073204256731057e-04
110 6.958262274968655e-04 7.682209875413869e-04
111 5.283780452922372e-04 7.273983672837354e-04
112 3.558547633292058e-04 6.849568880306101e-04
113 1.787509987770727e-04 6.410008729124685e-04
114 -2.438631194858385e-06 5.956346450597694e-04
115 -1.872195094172853e-04 5.489625276029710e-04
116 -3.750970187209054e-04 5.010888436725316e-04
117 -5.655765419364156e-04 4.521179163989095e-04
118 -7.581634618945138e-04 4.021540689125629e-04
119 -9.523631614258972e-04 3.513016243439503e-04
120 -1.147681023361263e-03 2.996649058235298e-04
121 -1.343622430531308e-03 2.473482364817598e-04
122 -1.539692765766729e-03 1.944559394490988e-04
123 -1.735397411898226e-03 1.410923378560050e-04
124 -1.930241751756494e-03 8.736175483293630e-05
125 -2.123731168172232e-03 3.336851351035149e-05
126 -2.315371043976134e-03 -2.078306298129145e-05
127 -2.504666761998902e-03 -7.498865151153384e-05
128 -2.691123705071230e-03 -1.291439289499179e-04
129 -2.874247256023816e-03 -1.831445721659847e-04
130 -3.053542797687359e-03 -2.368862580292765e-04
131 -3.228515712892554e-03 -2.902646634093348e-04
132 -3.398671384470100e-03 -3.431754651757013e-04
133 -3.563515195250693e-03 -3.955143401979176e-04
134 -3.722552528065032e-03 -4.471769653455256e-04
135 -3.875288765743812e-03 -4.980590174880668e-04
136 -4.021229291117733e-03 -5.480561734950831e-04
137 -4.159879487017490e-03 -5.970641102361157e-04
138 -4.290744736273781e-03 -6.449785045807070e-04
139 -4.413330421717304e-03 -6.916950333983984e-04
140 -4.527141926178756e-03 -7.371093735587314e-04
141 -4.631684632488835e-03 -7.811172019312480e-04
142 -4.726463923478237e-03 -8.236141953854891e-04
143 -4.810985181977660e-03 -8.644960307909978e-04
144 -4.884753790817801e-03 -9.036583850173148e-04
145 -4.947275132829358e-03 -9.409969349339823e-04
146 -4.998054590843027e-03 -9.764073574105416e-04
147 -5.036597547689509e-03 -1.009785329316535e-03
148 -5.062409386199495e-03 -1.041026527521503e-03
149 -5.074995489203689e-03 -1.070026628894988e-03
150 -5.073861239532783e-03 -1.096681310306533e-03
151 -5.058512020017478e-03 -1.120886248625677e-03
152 -5.028453213488470e-03 -1.142537120721964e-03
153 -4.983190202776456e-03 -1.161529603464935e-03
154 -4.922228370712134e-03 -1.177759373724130e-03
155 -4.845073100126200e-03 -1.191122108369094e-03

Lines

1 1 2
2 2 3
3 3 4
4 4 5
5 5 6
6 6 7
7 7 8
8 8 9
9 9 10
10 10 11
11 11 12
12 12 13
13 13 14
14 14 15
15 15 16
16 16 17
17 17 18
18 18 19
19 19 20
20 20 21
21 21 22
22 22 23
23 23 24
24 24 25
25 25 26
26 26 27
27 27 28
28 28 29
29 29 30
30 30 31
31 31 32
32 32 33
33 33 34
34 34 35
35 35 36
36 36 37
37 37 38
38 38 39
39 39 40
40 40 41
41 41 42
42 42 43
43 43 44
44 44 45
45 45 46
46 46 47
47 47 48
48 48 49
49 49 50
50 50 51
51 51 52
52 52 53
53 53 54
54 54 55
55 55 56
56 56 57
57 57 58
58 58 59
59 59 60
60 60 61
61 61 62
62 62 63
63 63 64
64 64 65
65 65 66
66 66 67
67 67 68
68 68 69
69 69 70
70 70 71
71 71 72
72 72 73
73 73 74
74 74 75
75 75 76
76 76 77
77 77 78
78 78 79
79 79 80
80 80 81
81 81 82
82 82 83
83 83 84
84 84 85
85 85 86
86 86 87
87 87 88
88 88 89
89 89 90
90 90 91
91 91 92
92 92 93
93 93 94
94 94 95
95 95 96
96 96 97
97 97 98
98 98 99
99 99 100
100 100 101
101 101 102
102 102 103
103 103 104
104 104 105
105 105 106
106 106 107
107 107 108
108 108 109
109 109 110
110 110 111
111 111 112
112 112 113
113 113 114
114 114 115
115 115 116
116 116 117
117 117 118
118 118 119
119 119 120
120 120 121
121 121 122
122 122 123
123 123 124
124 124 125
125 125 126
126 126 127
127 127 128
128 128 129
129 129 130
130 130 131
131 131 132
132 132 133
133 133 134
134 134 135
135 135 136
136 136 137
137 137 138
138 138 139
139 139 140
140 140 141
141 141 142
142 142 143
143 143 144
144 144 145
145 145 146
146 146 147
147 147 148
148 148 149
149 149 150
150 150 151
151 151 152
152 152 153
153 153 154
154 154 155
155 155 1
