shape_3

140 points
140 lines

Points

1 -2.993035472254473e-03 -3.878240881414208e-03
2 -2.983028925169529e-03 -3.969764618660000e-03
3 -2.960738614774400e-03 -4.046318014461485e-03
4 -2.926699222776209e-03 -4.108412218960503e-03
5 -2.881445430882078e-03 -4.156558382298889e-03
6 -2.825511920799134e-03 -4.191267654618489e-03
7 -2.759433374234496e-03 -4.213051186061136e-03
8 -2.683744472895289e-03 -4.222420126768671e-03
9 -2.598979898488635e-03 -4.219885626882930e-03
10 -2.505674332721660e-03 -4.205958836545756e-03
11 -2.404362457301486e-03 -4.181150905898985e-03
12 -2.295578953935234e-03 -4.145972985084456e-03
13 -2.179858504330030e-03 -4.100936224244009e-03
14 -2.057735790192995e-03 -4.046551773519482e-03
15 -1.929745493231254e-03 -3.983330783052713e-03
16 -1.796422295151928e-03 -3.911784402985541e-03
17 -1.658300877662143e-03 -3.832423783459805e-03
18 -1.515915922469020e-03 -3.745760074617345e-03
19 -1.369802111279683e-03 -3.652304426599997e-03
20 -1.220494125801255e-03 -3.552567989549602e-03
21 -1.068526647740860e-03 -3.447061913608000e-03
22 -9.144343588056206e-04 -3.336297348917026e-03
23 -7.587519407026600e-04 -3.220785445618522e-03
24 -6.020140751391011e-04 -3.101037353854324e-03
25 -4.447554438220673e-04 -2.977564223766273e-03
26 -2.875107284586806e-04 -2.850877205496205e-03
27 -1.308146107560670e-04 -2.721487449185963e-03
28 2.479822757865222e-05 -2.589906104977383e-03
29 1.787931048383536e-04 -2.456644323012303e-03
30 3.306353393159140e-04 -2.322213253432563e-03
31 4.797902493042105e-04 -2.187124046380002e-03
32 6.257231530961192e-04 -2.051887851996458e-03
33 7.678993689845173e-04 -1.917015820423770e-03
34 9.057842152622813e-04 -1.783019101803778e-03
35 1.038843010222288e-03 -1.650408846278319e-03
36 1.166541072157416e-03 -1.519696203989232e-03
37 1.288343719360539e-03 -1.391392325078356e-03
38 1.403716270124536e-03 -1.266008359687531e-03
39 1.512124042742283e-03 -1.144055457958593e-03
40 1.613032355506657e-03 -1.026044770033383e-03
41 1.705906526710535e-03 -9.124874460537394e-04
42 1.790211874646793e-03 -8.038946361615005e-04
43 1.865413717608309e-03 -7.007774904985053e-04
44 1.930977373887959e-03 -6.036471592065924e-04
45 1.986368161778620e-03 -5.130147924276006e-04
46 2.031350756221965e-03 -4.269940736578680e-04
47 2.074864593258690e-03 -3.284711373846472e-04
48 2.116824789746718e-03 -2.182775718667442e-04
49 2.157146462543968e-03 -9.724496536296459e-05
50 2.195744728508360e-03 3.379509386788536e-05
51 2.232534704497817e-03 1.740110175670001e-04
52 2.267431507370258e-03 3.225712174755732e-04
53 2.300350253983605e-03 4.786441053347992e-04
54 2.331206061195777e-03 6.413980928858719e-04
55 2.359914045864696e-03 8.100015918699852e-04
56 2.386389324848284e-03 9.836230140283341e-04
57 2.410547015004458e-03 1.161430771102112e-03
58 2.432302233191143e-03 1.342593274832513e-03
59 2.451570096266256e-03 1.526278936960730e-03
60 2.468265721087722e-03 1.711656169227960e-03
61 2.482304224513459e-03 1.897893383375395e-03
62 2.493600723401387e-03 2.084158991144229e-03
63 2.502070334609429e-03 2.269621404275657e-03
64 2.507628174995502e-03 2.453449034510871e-03
65 2.510189361417532e-03 2.634810293591069e-03
66 2.509669010733437e-03 2.812873593257441e-03
67 2.505982239801137e-03 2.986807345251185e-03
68 2.499044165478553e-03 3.155779961313491e-03
69 2.488769904623608e-03 3.318959853185556e-03
70 2.475074574094220e-03 3.475515432608572e-03
71 2.457873290748311e-03 3.624615111323735e-03
72 2.437081171443803e-03 3.765427301072239e-03
73 2.412613333038613e-03 3.897120413595277e-03
74 2.384384892390666e-03 4.018862860634043e-03
75 2.352310966357880e-03 4.129823053929731e-03
76 2.316306671798177e-03 4.229169405223536e-03
77 2.276287125569478e-03 4.316070326256653e-03
78 2.232167444529702e-03 4.389694228770274e-03
79 2.183862745536771e-03 4.449209524505593e-03
80 2.131288145448606e-03 4.493784625203804e-03
81 2.074358761123128e-03 4.522587942606104e-03
82 2.012989709418256e-03 4.534787888453686e-03
83 1.947096107191913e-03 4.529552874487742e-03
84 1.876593071302018e-03 4.506051312449466e-03
85 1.801395718606493e-03 4.463451614080054e-03
86 1.693519186543539e-03 4.387966290656044e-03
87 1.584082292402482e-03 4.306337261339595e-03
88 1.473216696075275e-03 4.218757411869905e-03
89 1.361054057453872e-03 4.125419627986173e-03
90 1.247726036430225e-03 4.026516795427599e-03
91 1.133364292896288e-03 3.922241799933382e-03
92 1.018100486744014e-03 3.812787527242722e-03
93 9.020662778653567e-04 3.698346863094820e-03
94 7.853933261522682e-04 3.579112693228872e-03
95 6.682132914967026e-04 3.455277903384079e-03
96 5.506578337906127e-04 3.327035379299642e-03
97 4.328586129259522e-04 3.194578006714759e-03
98 3.149472887946740e-04 3.058098671368629e-03
99 1.970555212887310e-04 2.917790259000452e-03
100 7.931497030007710e-05 2.773845655349428e-03
101 -3.814270427933500e-05 2.626457746154755e-03
102 -1.551858425575520e-04 2.475819417155632e-03
103 -2.716827846426203e-04 2.322123554091261e-03
104 -3.875018706425871e-04 2.165563042700841e-03
105 -5.025114406654992e-04 2.006330768723569e-03
106 -6.165798348194034e-04 1.844619617898647e-03
107 -7.295753932123461e-04 1.680622475965273e-03
108 -8.413664559523742e-04 1.514532228662647e-03
109 -9.518213631475347e-04 1.346541761729967e-03
110 -1.060808454905875e-03 1.176843960906435e-03
111 -1.168196071335440e-03 1.005631711931250e-03
112 -1.273852552544278e-03 8.330979005436092e-04
113 -1.377646238640436e-03 6.594354124827131e-04
114 -1.479445469731959e-03 4.848371334877624e-04
115 -1.579118585926896e-03 3.094959492979546e-04
116 -1.676533927333292e-03 1.336047456524911e-04
117 -1.771559834059196e-03 -4.264359170943074e-05
118 -1.864064646212652e-03 -2.190561770486103e-04
119 -1.953916703901709e-03 -3.954401246258476e-04
120 -2.040984347234412e-03 -5.716025487019445e-04
121 -2.125135916318809e-03 -7.473505635376999e-04
122 -2.206239751262947e-03 -9.224912833939169e-04
123 -2.284164192174871e-03 -1.096831822531393e-03
124 -2.358777579162631e-03 -1.270179295210932e-03
125 -2.429948252334270e-03 -1.442340815693332e-03
126 -2.497544551797837e-03 -1.613123498239395e-03
127 -2.561434817661380e-03 -1.782334457109921e-03
128 -2.621487390032942e-03 -1.949780806565709e-03
129 -2.677570609020573e-03 -2.115269660867563e-03
130 -2.729552814732319e-03 -2.278608134276280e-03
131 -2.777302347276226e-03 -2.439603341052664e-03
132 -2.820687546760341e-03 -2.598062395457512e-03
133 -2.859576753292712e-03 -2.753792411751628e-03
134 -2.893838306981384e-03 -2.906600504195810e-03
135 -2.923340547934406e-03 -3.056293787050860e-03
136 -2.947951816259821e-03 -3.202679374577578e-03
137 -2.967540452065680e-03 -3.345564381036763e-03
138 -2.981974795460028e-03 -3.484755920689220e-03
139 -2.991123186550911e-03 -3.620061107795745e-03
140 -2.994853965446378e-03 -3.751287056617141e-03

Lines

1 1 2
2 2 3
3 3 4
4 4 5
5 5 6
6 6 7
7 7 8
8 8 9
9 9 10
10 10 11
11 11 12
12 12 13
13 13 14
14 14 15
15 15 16
16 16 17
17 17 18
18 18 19
19 19 20
20 20 21
21 21 22
22 22 23
23 23 24
24 24 25
25 25 26
26 26 27
27 27 28
28 28 29
29 29 30
30 30 31
31 31 32
32 32 33
33 33 34
34 34 35
35 35 36
36 36 37
37 37 38
38 38 39
39 39 40
40 40 41
41 41 42
42 42 43
43 43 44
44 44 45
45 45 46
46 46 47
47 47 48
48 48 49
49 49 50
50 50 51
51 51 52
52 52 53
53 53 54
54 54 55
55 55 56
56 56 57
57 57 58
58 58 59
59 59 60
60 60 61
61 61 62
62 62 63
63 63 64
64 64 65
65 65 66
66 66 67
67 67 68
68 68 69
69 69 70
70 70 71
71 71 72
72 72 73
73 73 74
74 74 75
75 75 76
76 76 77
77 77 78
78 78 79
79 79 80
80 80 81
81 81 82
82 82 83
83 83 84
84 84 85
85 85 86
86 86 87
87 87 88
88 88 89
89 89 90
90 90 91
91 91 92
92 92 93
93 93 94
94 94 95
95 95 96
96 96 97
97 97 98
98 98 99
99 99 100
100 100 101
101 101 102
102 102 103
103 103 104
104 104 105
105 105 106
106 106 107
107 107 108
108 108 109
109 109 110
110 110 111
111 111 112
112 112 113
113 113 114
114 114 115
115 115 116
116 116 117
117 117 118
118 118 119
119 119 120
120 120 121
121 121 122
122 122 123
123 123 124
124 124 125
125 125 126
126 126 127
127 127 128
128 128 129
129 129 130
130 130 131
131 131 132
132 132 133
133 133 134
134 134 135
135 135 136
136 136 137
137 137 138
138 138 139
139 139 140
140 140 1
