shape_44

171 points
171 lines

Points

1 4.121893896192930e-03 -2.841550535448730e-03
2 4.205883541210479e-03 -2.813281115499821e-03
3 4.278669289960110e-03 -2.780659786482032e-03
4 4.340518402142079e-03 -2.743811419406358e-03
5 4.391698137456638e-03 -2.702860885283798e-03
6 4.432475755604038e-03 -2.657933055125347e-03
7 4.463118516284535e-03 -2.609152799942006e-03
8 4.483893679198382e-03 -2.556644990744772e-03
9 4.495068504045830e-03 -2.500534498544640e-03
10 4.496910250527132e-03 -2.440946194352610e-03
11 4.489686178342544e-03 -2.378004949179678e-03
12 4.473663547192312e-03 -2.311835634036841e-03
13 4.449109616776697e-03 -2.242563119935099e-03
14 4.416291646795951e-03 -2.170312277885448e-03
15 4.375476896950324e-03 -2.095207978898886e-03
16 4.326932626940070e-03 -2.017375093986410e-03
17 4.270926096465440e-03 -1.936938494159019e-03
18 4.207724565226690e-03 -1.854023050427708e-03
19 4.137595292924072e-03 -1.768753633803476e-03
20 4.060805539257840e-03 -1.681255115297321e-03
21 3.977622563928244e-03 -1.591652365920239e-03
22 3.888313626635540e-03 -1.500070256683228e-03
23 3.793145987079979e-03 -1.406633658597286e-03
24 3.692386904961815e-03 -1.311467442673410e-03
25 3.586303639981303e-03 -1.214696479922599e-03
26 3.475163451838693e-03 -1.116445641355850e-03
27 3.359233600234239e-03 -1.016839797984159e-03
28 3.238781344868191e-03 -9.160038208185240e-04
29 3.114073945440809e-03 -8.140625808699437e-04
30 2.985378661652341e-03 -7.111409491494150e-04
31 2.852962753203041e-03 -6.073637966679355e-04
32 2.717093479793161e-03 -5.028559944365029e-04
33 2.578038101122956e-03 -3.977424134661144e-04
34 2.436063876892679e-03 -2.921479247677671e-04
35 2.291438066802580e-03 -1.861973993524594e-04
36 2.144427930552916e-03 -8.001570823118817e-05
37 1.995300727843936e-03 2.627227758504865e-05
38 1.844323718375895e-03 1.325416870852544e-04
39 1.691764161849048e-03 2.386676492584304e-04
40 1.537889317963645e-03 3.445252930935792e-04
41 1.382966446419940e-03 4.499897475797039e-04
42 1.227262806918186e-03 5.549361417058069e-04
43 1.071045659158637e-03 6.592396044608900e-04
44 9.145822628415448e-04 7.627752648339565e-04
45 7.581398776671613e-04 8.654182518140095e-04
46 6.019857633357420e-04 9.670436943900494e-04
47 4.463871795475390e-04 1.067526721551080e-03
48 2.916113860028054e-04 1.166742462286104e-03
49 1.379256424017932e-04 1.264566045584123e-03
50 -1.440279155524303e-05 1.360872600434139e-03
51 -1.651066561680518e-04 1.455537255825157e-03
52 -3.139186917363789e-04 1.548435140746177e-03
53 -4.605716385599723e-04 1.639441384186203e-03
54 -6.047982369385791e-04 1.728431115134237e-03
55 -7.463312271719452e-04 1.815279462579280e-03
56 -8.849033495598177e-04 1.899861555510337e-03
57 -1.020247344401944e-03 1.982052522916409e-03
58 -1.152095951998071e-03 2.061727493786498e-03
59 -1.280181912647947e-03 2.138761597109608e-03
60 -1.404237966651316e-03 2.213029961874740e-03
61 -1.523996854307929e-03 2.284407717070899e-03
62 -1.639191315917529e-03 2.352769991687084e-03
63 -1.749554091779866e-03 2.417991914712299e-03
64 -1.854817922194685e-03 2.479948615135547e-03
65 -1.954715547461733e-03 2.538515221945830e-03
66 -2.048979707880759e-03 2.593566864132151e-03
67 -2.137343143751508e-03 2.644978670683511e-03
68 -2.185321714339154e-03 2.668451148714235e-03
69 -2.240767267233984e-03 2.687817615393948e-03
70 -2.303062327310925e-03 2.703226470527039e-03
71 -2.371589419444903e-03 2.714826113917893e-03
72 -2.445731068510845e-03 2.722764945370896e-03
73 -2.524869799383676e-03 2.727191364690434e-03
74 -2.608388136938325e-03 2.728253771680893e-03
75 -2.695668606049715e-03 2.726100566146657e-03
76 -2.786093731592776e-03 2.720880147892116e-03
77 -2.879046038442431e-03 2.712740916721652e-03
78 -2.973908051473610e-03 2.701831272439654e-03
79 -3.070062295561237e-03 2.688299614850504e-03
80 -3.166891295580239e-03 2.672294343758592e-03
81 -3.263777576405542e-03 2.653963858968302e-03
82 -3.360103662912073e-03 2.633456560284019e-03
83 -3.455252079974760e-03 2.610920847510132e-03
84 -3.548605352468527e-03 2.586505120451024e-03
85 -3.639546005268301e-03 2.560357778911082e-03
86 -3.727456563249009e-03 2.532627222694693e-03
87 -3.811719551285577e-03 2.503461851606240e-03
88 -3.891717494252932e-03 2.473010065450111e-03
89 -3.966832917026000e-03 2.441420264030692e-03
90 -4.036448344479708e-03 2.408840847152369e-03
91 -4.099946301488981e-03 2.375420214619527e-03
92 -4.156709312928747e-03 2.341306766236553e-03
93 -4.206119903673931e-03 2.306648901807832e-03
94 -4.247560598599461e-03 2.271595021137750e-03
95 -4.280413922580263e-03 2.236293524030694e-03
96 -4.304062400491263e-03 2.200892810291048e-03
97 -4.317888557207388e-03 2.165541279723199e-03
98 -4.321274917603564e-03 2.130387332131534e-03
99 -4.313604006554716e-03 2.095579367320437e-03
100 -4.294258348935775e-03 2.061265785094296e-03
101 -4.262620469621662e-03 2.027594985257494e-03
102 -4.181554299477031e-03 1.956424970825017e-03
103 -4.097804904601713e-03 1.882714410555149e-03
104 -4.011442952429353e-03 1.806576980975053e-03
105 -3.922539110393601e-03 1.728126358611889e-03
106 -3.831164045928110e-03 1.647476219992820e-03
107 -3.737388426466525e-03 1.564740241645006e-03
108 -3.641282919442498e-03 1.480032100095610e-03
109 -3.542918192289675e-03 1.393465471871792e-03
110 -3.442364912441707e-03 1.305154033500714e-03
111 -3.339693747332243e-03 1.215211461509538e-03
112 -3.234975364394933e-03 1.123751432425425e-03
113 -3.128280431063425e-03 1.030887622775537e-03
114 -3.019679614771368e-03 9.367337090870351e-04
115 -2.909243582952412e-03 8.414033678870806e-04
116 -2.797043003040206e-03 7.450102757028352e-04
117 -2.683148542468397e-03 6.476681090614598e-04
118 -2.567630868670637e-03 5.494905444901168e-04
119 -2.450560649080575e-03 4.505912585159673e-04
120 -2.332008551131857e-03 3.510839276661726e-04
121 -2.212045242258137e-03 2.510822284678943e-04
122 -2.090741389893061e-03 1.506998374482942e-04
123 -1.968167661470277e-03 5.005043113453296e-05
124 -1.844394724423438e-03 -5.075231394622688e-05
125 -1.719493246186190e-03 -1.515947212668246e-04
126 -1.593533894192183e-03 -2.523631143000987e-04
127 -1.466587335875067e-03 -3.529438165188872e-04
128 -1.338724238668489e-03 -4.532231513960287e-04
129 -1.210015270006100e-03 -5.530874424043627e-04
130 -1.080531097321549e-03 -6.524230130167267e-04
131 -9.503423880484846e-04 -7.511161867059590e-04
132 -8.195198096205559e-04 -8.490532869448992e-04
133 -6.881340294714132e-04 -9.461206372063847e-04
134 -5.562557150347040e-04 -1.042204560963255e-03
135 -4.239555337440786e-04 -1.137191381688348e-03
136 -2.913041530331858e-04 -1.230967422854503e-03
137 -1.583722403356745e-04 -1.323419007934557e-03
138 -2.523046308519403e-05 -1.414432460401350e-03
139 1.080505112846074e-04 -1.503894103727720e-03
140 2.414000153400785e-04 -1.591690261386505e-03
141 3.747473816475718e-04 -1.677707256850545e-03
142 5.080219427734371e-04 -1.761831413592676e-03
143 6.411530312840264e-04 -1.843949055085739e-03
144 7.740699797456897e-04 -1.923946504802571e-03
145 9.067021207247796e-04 -2.001710086216012e-03
146 1.038978786787644e-03 -2.077126122798899e-03
147 1.170829310500636e-03 -2.150080938024072e-03
148 1.302183024430105e-03 -2.220460855364367e-03
149 1.432969261142403e-03 -2.288152198292626e-03
150 1.563117353203880e-03 -2.353041290281685e-03
151 1.692556633180889e-03 -2.415014454804383e-03
152 1.821216433639778e-03 -2.473958015333559e-03
153 1.949026087146899e-03 -2.529758295342052e-03
154 2.075914926268603e-03 -2.582301618302698e-03
155 2.201812283571241e-03 -2.631474307688338e-03
156 2.326647491621163e-03 -2.677162686971810e-03
157 2.450349882984721e-03 -2.719253079625953e-03
158 2.572848790228266e-03 -2.757631809123604e-03
159 2.694073545918147e-03 -2.792185198937603e-03
160 2.813953482620717e-03 -2.822799572540788e-03
161 2.932417932902324e-03 -2.849361253405997e-03
162 3.049396229329323e-03 -2.871756565006069e-03
163 3.164817704468062e-03 -2.889871830813843e-03
164 3.278611690884892e-03 -2.903593374302157e-03
165 3.390707521146165e-03 -2.912807518943849e-03
166 3.501034527818230e-03 -2.917400588211758e-03
167 3.609522043467440e-03 -2.917258905578723e-03
168 3.716099400660146e-03 -2.912268794517582e-03
169 3.820695931962696e-03 -2.902316578501174e-03
170 3.923240969941444e-03 -2.887288581002336e-03
171 4.023663847162738e-03 -2.867071125493909e-03

Lines

1 1 2
2 2 3
3 3 4
4 4 5
5 5 6
6 6 7
7 7 8
8 8 9
9 9 10
10 10 11
11 11 12
12 12 13
13 13 14
14 14 15
15 15 16
16 16 17
17 17 18
18 18 19
19 19 20
20 20 21
21 21 22
22 22 23
23 23 24
24 24 25
25 25 26
26 26 27
27 27 28
28 28 29
29 29 30
30 30 31
31 31 32
32 32 33
33 33 34
34 34 35
35 35 36
36 36 37
37 37 38
38 38 39
39 39 40
40 40 41
41 41 42
42 42 43
43 43 44
44 44 45
45 45 46
46 46 47
47 47 48
48 48 49
49 49 50
50 50 51
51 51 52
52 52 53
53 53 54
54 54 55
55 55 56
56 56 57
57 57 58
58 58 59
59 59 60
60 60 61
61 61 62
62 62 63
63 63 64
64 64 65
65 65 66
66 66 67
67 67 68
68 68 69
69 69 70
70 70 71
71 71 72
72 72 73
73 73 74
74 74 75
75 75 76
76 76 77
77 77 78
78 78 79
79 79 80
80 80 81
81 81 82
82 82 83
83 83 84
84 84 85
85 85 86
86 86 87
87 87 88
88 88 89
89 89 90
90 90 91
91 91 92
92 92 93
93 93 94
94 94 95
95 95 96
96 96 97
97 97 98
98 98 99
99 99 100
100 100 101
101 101 102
102 102 103
103 103 104
104 104 105
105 105 106
106 106 107
107 107 108
108 108 109
109 109 110
110 110 111
111 111 112
112 112 113
113 113 114
114 114 115
115 115 116
116 116 117
117 117 118
118 118 119
119 119 120
120 120 121
121 121 122
122 122 123
123 123 124
124 124 125
125 125 126
126 126 127
127 127 128
128 128 129
129 129 130
130 130 131
131 131 132
132 132 133
133 133 134
134 134 135
135 135 136
136 136 137
137 137 138
138 138 139
139 139 140
140 140 141
141 141 142
142 142 143
143 143 144
144 144 145
145 145 146
146 146 147
147 147 148
148 148 149
149 149 150
150 150 151
151 151 152
152 152 153
153 153 154
154 154 155
155 155 156
156 156 157
157 157 158
158 158 159
159 159 160
160 160 161
161 161 162
162 162 163
163 163 164
164 164 165
165 165 166
166 166 167
167 167 168
168 168 169
169 169 170
170 170 171
171 171 1
