shape_9

159 points
159 lines

Points

1 2.854254923864007e-04 -2.678254868283877e-03
2 3.589740386111685e-04 -2.701055211856953e-03
3 4.419495000248428e-04 -2.718897085427476e-03
4 5.337651470762923e-04 -2.731917727543186e-03
5 6.338342502143860e-04 -2.740254376751824e-03
6 7.415700798879931e-04 -2.744044271601132e-03
7 8.563859065459819e-04 -2.743424650638851e-03
8 9.776950006372223e-04 -2.738532752412721e-03
9 1.104910632610582e-03 -2.729505815470483e-03
10 1.237446072914932e-03 -2.716481078359880e-03
11 1.374714591999139e-03 -2.699595779628652e-03
12 1.516129460312072e-03 -2.678987157824541e-03
13 1.661103948302602e-03 -2.654792451495286e-03
14 1.809051326419597e-03 -2.627148899188629e-03
15 1.959384865111925e-03 -2.596193739452312e-03
16 2.111517834828456e-03 -2.562064210834074e-03
17 2.264863506018058e-03 -2.524897551881659e-03
18 2.418835149129601e-03 -2.484831001142806e-03
19 2.572846034611953e-03 -2.442001797165256e-03
20 2.726309432913983e-03 -2.396547178496751e-03
21 2.878638614484562e-03 -2.348604383685033e-03
22 3.029246849772556e-03 -2.298310651277841e-03
23 3.177547409226835e-03 -2.245803219822917e-03
24 3.322953563296269e-03 -2.191219327868002e-03
25 3.464878582429725e-03 -2.134696213960837e-03
26 3.602735737076075e-03 -2.076371116649163e-03
27 3.735938297684185e-03 -2.016381274480722e-03
28 3.863899534702924e-03 -1.954863926003254e-03
29 3.986032718581163e-03 -1.891956309764501e-03
30 4.101751119767770e-03 -1.827795664312203e-03
31 4.210468008711613e-03 -1.762519228194102e-03
32 4.311596655861563e-03 -1.696264239957938e-03
33 4.404550331666486e-03 -1.629167938151454e-03
34 4.488742306575253e-03 -1.561367561322389e-03
35 4.563585851036733e-03 -1.493000348018485e-03
36 4.628494235499795e-03 -1.424203536787483e-03
37 4.682880730413307e-03 -1.355114366177125e-03
38 4.726158606226138e-03 -1.285870074735150e-03
39 4.757741133387158e-03 -1.216607901009301e-03
40 4.777041582345236e-03 -1.147465083547319e-03
41 4.783473223549239e-03 -1.078578860896943e-03
42 4.776449327448037e-03 -1.010086471605917e-03
43 4.755383164490500e-03 -9.421251542219793e-04
44 4.719688005125494e-03 -8.748321472928731e-04
45 4.668777119801893e-03 -8.083446893663387e-04
46 4.582396442031303e-03 -7.137446563216563e-04
47 4.491062523430701e-03 -6.186350880032805e-04
48 4.394926734814979e-03 -5.231087677067426e-04
49 4.294140446999026e-03 -4.272584787275745e-04
50 4.188855030797732e-03 -3.311770043613079e-04
51 4.079221857025993e-03 -2.349571279034744e-04
52 3.965392296498696e-03 -1.386916326496059e-04
53 3.847517720030732e-03 -4.247330189523389e-05
54 3.725749498436992e-03 5.360508106410963e-05
55 3.600239002532367e-03 1.494507329328934e-04
56 3.471137603131747e-03 2.449708704155854e-04
57 3.338596671050026e-03 3.400727102166534e-04
58 3.202767577102092e-03 4.346634690405668e-04
59 3.063801692102838e-03 5.286503635917930e-04
60 2.921850386867152e-03 6.219406105748011e-04
61 2.777065032209927e-03 7.144414266940585e-04
62 2.629596998946053e-03 8.060600286540336e-04
63 2.479597657890421e-03 8.967036331591952e-04
64 2.327218379857923e-03 9.862794569140117e-04
65 2.172610535663447e-03 1.074694716622951e-03
66 2.015925496121888e-03 1.161856628990481e-03
67 1.857314632048132e-03 1.247672410721070e-03
68 1.696929314257074e-03 1.332049278519187e-03
69 1.534920913563603e-03 1.414894449089300e-03
70 1.371440800782612e-03 1.496115139135878e-03
71 1.206640346728989e-03 1.575618565363388e-03
72 1.040670922217625e-03 1.653311944476298e-03
73 8.736838980634131e-04 1.729102493179078e-03
74 7.058306450812430e-04 1.802897428176196e-03
75 5.372625340860051e-04 1.874603966172120e-03
76 3.681309358925913e-04 1.944129323871316e-03
77 1.985872213158919e-04 2.011380717978256e-03
78 2.878276117079737e-05 2.076265365197406e-03
79 -1.411310737278007e-04 2.138690482233234e-03
80 -3.110029125650118e-04 2.198563285790210e-03
81 -4.806813845259447e-04 2.255790992572801e-03
82 -6.500151187957102e-04 2.310280819285477e-03
83 -8.188527445594149e-04 2.361939982632704e-03
84 -9.870428910021692e-04 2.410675699318951e-03
85 -1.154434187309082e-03 2.456395186048687e-03
86 -1.320875262665262e-03 2.499005659526380e-03
87 -1.486214746255820e-03 2.538414336456498e-03
88 -1.650301267265863e-03 2.574528433543509e-03
89 -1.812983454880503e-03 2.607255167491882e-03
90 -1.974109938284845e-03 2.636501755006085e-03
91 -2.133529346664001e-03 2.662175412790587e-03
92 -2.291090309203080e-03 2.684183357549854e-03
93 -2.446641455087190e-03 2.702432805988357e-03
94 -2.600031413501441e-03 2.716830974810563e-03
95 -2.751108813630941e-03 2.727285080720940e-03
96 -2.899722284660801e-03 2.733702340423957e-03
97 -3.045720455776129e-03 2.735989970624082e-03
98 -3.188951956162035e-03 2.734055188025783e-03
99 -3.329265415003627e-03 2.727805209333529e-03
100 -3.466509461486013e-03 2.717147251251789e-03
101 -3.600532724794304e-03 2.701988530485028e-03
102 -3.731183834113610e-03 2.682236263737718e-03
103 -3.858311418629038e-03 2.657797667714325e-03
104 -3.981764107525697e-03 2.628579959119318e-03
105 -4.101390529988700e-03 2.594490354657165e-03
106 -4.217039315203151e-03 2.555436071032335e-03
107 -4.328559092354162e-03 2.511324324949296e-03
108 -4.414436673456851e-03 2.468363928936396e-03
109 -4.486990687038288e-03 2.418726727302394e-03
110 -4.546613619210532e-03 2.362681138041882e-03
111 -4.593697956085642e-03 2.300495579149453e-03
112 -4.628636183775678e-03 2.232438468619700e-03
113 -4.651820788392698e-03 2.158778224447216e-03
114 -4.663644256048764e-03 2.079783264626592e-03
115 -4.664499072855931e-03 1.995722007152422e-03
116 -4.654777724926262e-03 1.906862870019300e-03
117 -4.634872698371816e-03 1.813474271221818e-03
118 -4.605176479304651e-03 1.715824628754567e-03
119 -4.566081553836828e-03 1.614182360612142e-03
120 -4.517980408080406e-03 1.508815884789134e-03
121 -4.461265528147443e-03 1.399993619280137e-03
122 -4.396329400149999e-03 1.287983982079743e-03
123 -4.323564510200134e-03 1.173055391182545e-03
124 -4.243363344409908e-03 1.055476264583136e-03
125 -4.156118388891379e-03 9.355150202761082e-04
126 -4.062222129756606e-03 8.134400762560551e-04
127 -3.962067053117651e-03 6.895198505175687e-04
128 -3.856045645086570e-03 5.640227610552422e-04
129 -3.744550391775424e-03 4.372172258636680e-04
130 -3.627973779296272e-03 3.093716629374394e-04
131 -3.506708293761173e-03 1.807544902711477e-04
132 -3.381146421282188e-03 5.163412585938763e-05
133 -3.251680647971376e-03 -7.772101230324887e-05
134 -3.118703459940796e-03 -2.070425062221698e-04
135 -2.982607343302507e-03 -3.360619379027809e-04
136 -2.843784784168568e-03 -4.645108893504910e-04
137 -2.702628268651040e-03 -5.921209425707060e-04
138 -2.559530282861981e-03 -7.186236795688342e-04
139 -2.414883312913450e-03 -8.437506823502824e-04
140 -2.269079844917507e-03 -9.672335329204580e-04
141 -2.122512364986213e-03 -1.088803813284768e-03
142 -1.975573359231625e-03 -1.208193105448620e-03
143 -1.828655313765803e-03 -1.325132991417421e-03
144 -1.682150714700806e-03 -1.439355053196578e-03
145 -1.536452048148696e-03 -1.550590872791499e-03
146 -1.391951800221528e-03 -1.658572032207591e-03
147 -1.249042457031365e-03 -1.763030113450261e-03
148 -1.108116504690265e-03 -1.863696698524916e-03
149 -9.695664293102876e-04 -1.960303369436964e-03
150 -8.337847170034917e-04 -2.052581708191812e-03
151 -7.011638538819371e-04 -2.140263296794866e-03
152 -5.720963260576835e-04 -2.223079717251536e-03
153 -4.469746196427896e-04 -2.300762551567226e-03
154 -3.261912207493151e-04 -2.373043381747346e-03
155 -2.101386154893187e-04 -2.439653789797302e-03
156 -9.920928997486095e-05 -2.500325357722502e-03
157 6.204269681999127e-06 -2.554789667528351e-03
158 1.057095773692023e-04 -2.602778301220259e-03
159 1.989141469746893e-04 -2.644022840803632e-03

Lines

1 1 2
2 2 3
3 3 4
4 4 5
5 5 6
6 6 7
7 7 8
8 8 9
9 9 10
10 10 11
11 11 12
12 12 13
13 13 14
14 14 15
15 15 16
16 16 17
17 17 18
18 18 19
19 19 20
20 20 21
21 21 22
22 22 23
23 23 24
24 24 25
25 25 26
26 26 27
27 27 28
28 28 29
29 29 30
30 30 31
31 31 32
32 32 33
33 33 34
34 34 35
35 35 36
36 36 37
37 37 38
38 38 39
39 39 40
40 40 41
41 41 42
42 42 43
43 43 44
44 44 45
45 45 46
46 46 47
47 47 48
48 48 49
49 49 50
50 50 51
51 51 52
52 52 53
53 53 54
54 54 55
55 55 56
56 56 57
57 57 58
58 58 59
59 59 60
60 60 61
61 61 62
62 62 63
63 63 64
64 64 65
65 65 66
66 66 67
67 67 68
68 68 69
69 69 70
70 70 71
71 71 72
72 72 73
73 73 74
74 74 75
75 75 76
76 76 77
77 77 78
78 78 79
79 79 80
80 80 81
81 81 82
82 82 83
83 83 84
84 84 85
85 85 86
86 86 87
87 87 88
88 88 89
89 89 90
90 90 91
91 91 92
92 92 93
93 93 94
94 94 95
95 95 96
96 96 97
97 97 98
98 98 99
99 99 100
100 100 101
101 101 102
102 102 103
103 103 104
104 104 105
105 105 106
106 106 107
107 107 108
108 108 109
109 109 110
110 110 111
111 111 112
112 112 113
113 113 114
114 114 115
115 115 116
116 116 117
117 117 118
118 118 119
119 119 120
120 120 121
121 121 122
122 122 123
123 123 124
124 124 125
125 125 126
126 126 127
127 127 128
128 128 129
129 129 130
130 130 131
131 131 132
132 132 133
133 133 134
134 134 135
135 135 136
136 136 137
137 137 138
138 138 139
139 139 140
140 140 141
141 141 142
142 142 143
143 143 144
144 144 145
145 145 146
146 146 147
147 147 148
148 148 149
149 149 150
150 150 151
151 151 152
152 152 153
153 153 154
154 154 155
155 155 156
156 156 157
157 157 158
158 158 159
159 159 1
