shape_36

121 points
121 lines

Points

1 1.464267422992856e-03 -2.313312174725812e-03
2 1.575849712818874e-03 -2.288278086532051e-03
3 1.695174924244776e-03 -2.247752995337732e-03
4 1.821386422510704e-03 -2.192670396636296e-03
5 1.953627572856805e-03 -2.123963785921187e-03
6 2.091041740523226e-03 -2.042566658685849e-03
7 2.232772290750111e-03 -1.949412510423725e-03
8 2.377962588777606e-03 -1.845434836628258e-03
9 2.525755999845856e-03 -1.731567132792890e-03
10 2.675295889195007e-03 -1.608742894411068e-03
11 2.825725622065204e-03 -1.477895616976232e-03
12 2.976188563696595e-03 -1.339958795981826e-03
13 3.125828079329322e-03 -1.195865926921294e-03
14 3.273787534203533e-03 -1.046550505288080e-03
15 3.419210293559373e-03 -8.929460265756257e-04
16 3.561239722636987e-03 -7.359859862773755e-04
17 3.699019186676521e-03 -5.766038798867725e-04
18 3.831692050918121e-03 -4.157332028972598e-04
19 3.958401680601932e-03 -2.543074508022811e-04
20 4.078291440968098e-03 -9.326011909527966e-05
21 4.190504697256767e-03 6.647529673030147e-05
22 4.294184814708084e-03 2.239653011810184e-04
23 4.388475158562195e-03 3.782763987634283e-04
24 4.472519094059245e-03 5.284750939840878e-04
25 4.545459986439377e-03 6.736278913495526e-04
26 4.606441200942741e-03 8.128012953663808e-04
27 4.654606102809480e-03 9.450618105411284e-04
28 4.689098057279741e-03 1.069475941380352e-03
29 4.709060429593667e-03 1.185110192390608e-03
30 4.713636584991406e-03 1.291031068078454e-03
31 4.701969888713103e-03 1.386305072950446e-03
32 4.673203705998903e-03 1.469998711513140e-03
33 4.626481402088953e-03 1.541178488273094e-03
34 4.560946342223396e-03 1.598910907736864e-03
35 4.475741891642380e-03 1.642262474411007e-03
36 4.336716398670446e-03 1.690898044436147e-03
37 4.187519966841437e-03 1.736176737785857e-03
38 4.028646139959966e-03 1.778088526842735e-03
39 3.860588461830647e-03 1.816623383989380e-03
40 3.683840476258100e-03 1.851771281608394e-03
41 3.498895727046940e-03 1.883522192082375e-03
42 3.306247758001780e-03 1.911866087793922e-03
43 3.106390112927239e-03 1.936792941125636e-03
44 2.899816335627934e-03 1.958292724460117e-03
45 2.687019969908475e-03 1.976355410179962e-03
46 2.468494559573484e-03 1.990970970667773e-03
47 2.244733648427575e-03 2.002129378306148e-03
48 2.016230780275361e-03 2.009820605477688e-03
49 1.783479498921463e-03 2.014034624564992e-03
50 1.546973348170493e-03 2.014761407950659e-03
51 1.307205871827068e-03 2.011990928017289e-03
52 1.064670613695806e-03 2.005713157147483e-03
53 8.198611175813202e-04 1.995918067723838e-03
54 5.732709272882270e-04 1.982595632128954e-03
55 3.253935866211431e-04 1.965735822745434e-03
56 7.672263938468403e-05 1.945328611955873e-03
57 -1.722483706165350e-04 1.921363972142872e-03
58 -4.210258995778963e-04 1.893831875689034e-03
59 -6.691164036947854e-04 1.862722294976954e-03
60 -9.160263391625862e-04 1.828025202389233e-03
61 -1.161262162176684e-03 1.789730570308471e-03
62 -1.404330328932459e-03 1.747828371117269e-03
63 -1.644737295625299e-03 1.702308577198223e-03
64 -1.881989518450587e-03 1.653161160933936e-03
65 -2.115593453603707e-03 1.600376094707006e-03
66 -2.345055557280042e-03 1.543943350900033e-03
67 -2.569882285674979e-03 1.483852901895616e-03
68 -2.789580094983899e-03 1.420094720076355e-03
69 -3.003655441402187e-03 1.352658777824850e-03
70 -3.211614781125227e-03 1.281535047523700e-03
71 -3.412964570348405e-03 1.206713501555505e-03
72 -3.607211265267104e-03 1.128184112302864e-03
73 -3.793861322076706e-03 1.045936852148378e-03
74 -3.972421196972597e-03 9.599616934746442e-04
75 -4.142397346150161e-03 8.702486086642639e-04
76 -4.303296225804783e-03 7.767875700998367e-04
77 -4.454624292131846e-03 6.795685501639613e-04
78 -4.595888001326732e-03 5.785815212392379e-04
79 -4.726593809584830e-03 4.738164557082658e-04
80 -4.846248173101518e-03 3.652633259536454e-04
81 -4.954357548072186e-03 2.529121043579751e-04
82 -5.050428390692216e-03 1.367527633038549e-04
83 -5.113991479513778e-03 3.656868226675541e-05
84 -5.152922117522673e-03 -6.364184430218829e-05
85 -5.168248249280368e-03 -1.637191073120558e-04
86 -5.160997819348334e-03 -2.635033976719268e-04
87 -5.132198772288044e-03 -3.628350062908811e-04
88 -5.082879052660968e-03 -4.615542240779984e-04
89 -5.014066605028578e-03 -5.595013419423581e-04
90 -4.926789373952347e-03 -6.565166507930402e-04
91 -4.822075303993741e-03 -7.524404415391242e-04
92 -4.700952339714235e-03 -8.471130050896897e-04
93 -4.564448425675299e-03 -9.403746323538167e-04
94 -4.413591506438403e-03 -1.032065614240584e-03
95 -4.249409526565023e-03 -1.122026241659073e-03
96 -4.072930430616624e-03 -1.210096805518362e-03
97 -3.885182163154682e-03 -1.296117596727531e-03
98 -3.687192668740665e-03 -1.379928906195659e-03
99 -3.479989891936046e-03 -1.461371024831827e-03
100 -3.264601777302295e-03 -1.540284243545114e-03
101 -3.042056269400882e-03 -1.616508853244600e-03
102 -2.813381312793283e-03 -1.689885144839364e-03
103 -2.579604852040965e-03 -1.760253409238486e-03
104 -2.341754831705399e-03 -1.827453937351046e-03
105 -2.100859196348058e-03 -1.891327020086123e-03
106 -1.857945890530412e-03 -1.951712948352797e-03
107 -1.614042858813934e-03 -2.008452013060148e-03
108 -1.370178045760093e-03 -2.061384505117256e-03
109 -1.127379395930361e-03 -2.110350715433200e-03
110 -8.866748538862089e-04 -2.155190934917060e-03
111 -6.490923641891081e-04 -2.195745454477915e-03
112 -4.156598714005310e-04 -2.231854565024845e-03
113 -1.874053200819464e-04 -2.263358557466930e-03
114 3.464334520517347e-05 -2.290097722713250e-03
115 2.494581798993572e-04 -2.311912351672884e-03
116 4.560112394391338e-04 -2.328642735254911e-03
117 6.532745792630311e-04 -2.340129164368413e-03
118 8.402202548095798e-04 -2.346211929922467e-03
119 1.015820321517308e-03 -2.346731322826155e-03
120 1.179046834824744e-03 -2.341527633988555e-03
121 1.328871850170417e-03 -2.330441154318747e-03

Lines

1 1 2
2 2 3
3 3 4
4 4 5
5 5 6
6 6 7
7 7 8
8 8 9
9 9 10
10 10 11
11 11 12
12 12 13
13 13 14
14 14 15
15 15 16
16 16 17
17 17 18
18 18 19
19 19 20
20 20 21
21 21 22
22 22 23
23 23 24
24 24 25
25 25 26
26 26 27
27 27 28
28 28 29
29 29 30
30 30 31
31 31 32
32 32 33
33 33 34
34 34 35
35 35 36
36 36 37
37 37 38
38 38 39
39 39 40
40 40 41
41 41 42
42 42 43
43 43 44
44 44 45
45 45 46
46 46 47
47 47 48
48 48 49
49 49 50
50 50 51
51 51 52
52 52 53
53 53 54
54 54 55
55 55 56
56 56 57
57 57 58
58 58 59
59 59 60
60 60 61
61 61 62
62 62 63
63 63 64
64 64 65
65 65 66
66 66 67
67 67 68
68 68 69
69 69 70
70 70 71
71 71 72
72 72 73
73 73 74
74 74 75
75 75 76
76 76 77
77 77 78
78 78 79
79 79 80
80 80 81
81 81 82
82 82 83
83 83 84
84 84 85
85 85 86
86 86 87
87 87 88
88 88 89
89 89 90
90 90 91
91 91 92
92 92 93
93 93 94
94 94 95
95 95 96
96 96 97
97 97 98
98 98 99
99 99 100
100 100 101
101 101 102
102 102 103
103 103 104
104 104 105
105 105 106
106 106 107
107 107 108
108 108 109
109 109 110
110 110 111
111 111 112
112 112 113
113 113 114
114 114 115
115 115 116
116 116 117
117 117 118
118 118 119
119 119 120
120 120 121
121 121 1
