Region Metadata for: shape_3.txt
================================================================================

REGION DEFINITION: Circle union (one circle per point)
  Each point gets a circle with radius = average distance to neighbors

Total vertices: 199
Number of regions: 10
Points per region:
  Region 0: 19 points
  Region 1: 19 points
  Region 2: 19 points
  Region 3: 19 points
  Region 4: 19 points
  Region 5: 19 points
  Region 6: 19 points
  Region 7: 19 points
  Region 8: 19 points
  Region 9: 28 points

REGION SUMMARY:
Region_Index,Num_Points,BBox_Min_X,BBox_Max_X,BBox_Min_Y,BBox_Max_Y,Normal_X,Normal_Y,Tangent_X,Tangent_Y,Fitted_Circle_X,Fitted_Circle_Y,Fitted_Circle_Radius,Local_AoA_Rad,Union_Area,Collection_Area
0,19,-5.8130271623e-02,-7.5525703542e-03,-1.1332068645e-01,-5.3391021065e-02,-0.7724255540,-0.6351053169,-0.6351053169,0.7724255540,1.0242701797e-01,3.0965151950e-02,1.8050730171e-01,-6.88144858e-01,5.53697960e-04,2.79928582e-04
1,19,-1.3001860575e-02,5.5362581186e-02,-1.4388924787e-01,-1.0736848727e-01,-0.4300544422,-0.9028029556,-0.9028029556,0.4300544422,6.7412007997e-02,-3.5356397711e-02,1.0726314085e-01,-1.12624325e+00,5.56029845e-04,2.83228077e-04
2,19,5.2409313729e-02,7.7443680954e-02,-1.4346396693e-01,-9.6990435386e-02,0.9322902099,-0.3617111618,-0.3617111618,-0.9322902099,5.0644104112e-02,-1.1702039546e-01,2.4661912261e-02,-2.77148997e+00,3.14444027e-04,1.64221241e-04
3,19,3.1917378332e-02,7.3293274843e-02,-1.0089807712e-01,-2.5794266156e-02,0.8944961267,0.4470756974,0.4470756974,-0.8944961267,-1.0273523788e+00,-6.1621031021e-01,1.2138829209e+00,2.67809921e+00,6.51577981e-04,3.26609367e-04
4,19,2.4090382176e-02,3.8047274124e-02,-3.0009938627e-02,3.0009139951e-02,0.9966341985,0.0819772802,0.0819772802,-0.9966341985,9.5234954641e-02,4.9630947242e-03,-6.8480938594e-02,3.05952328e+00,3.59277513e-04,1.76850958e-04
5,19,2.7278010049e-02,4.0775019968e-02,2.6716837812e-02,8.5995595937e-02,0.9917027624,-0.1285520556,-0.1285520556,-0.9917027624,-1.4289556866e-01,8.2718090585e-02,1.8088029333e-01,-3.01268387e+00,3.42359994e-04,1.72664957e-04
6,19,-5.7338370290e-03,3.9312468008e-02,8.3599830615e-02,1.2996026420e-01,0.7187693487,0.6952486054,0.6952486054,-0.7187693487,-5.3564540770e-02,3.3742798516e-02,1.0539837345e-01,2.37282693e+00,3.90474365e-04,1.98845879e-04
7,19,-5.5351216946e-02,-1.2271258621e-03,1.2430612540e-01,1.4445849427e-01,0.1595690931,0.9871867627,0.9871867627,-0.1595690931,-3.7165184934e-02,9.8987647103e-02,4.2063958979e-02,1.73105046e+00,3.44548091e-04,1.77937109e-04
8,19,-7.5124124453e-02,-5.0925850633e-02,5.8461615764e-02,1.3633652602e-01,-0.9738060993,0.2273800364,0.2273800364,0.9738060993,1.0859850093e-01,5.9585348727e-02,1.7895924596e-01,2.29386397e-01,6.11884687e-04,3.09228804e-04
9,28,-7.5813613844e-02,-5.3235260275e-02,-5.6610250656e-02,6.3021608493e-02,-0.9917934801,-0.1278502754,-0.1278502754,0.9917934801,2.3213299255e-01,3.8910142751e-02,3.0337861384e-01,-1.28201163e-01,9.71096026e-04,4.89437583e-04

DETAILED CIRCLE DATA:

Region 0 (19 circles):
Circle_Index,Center_X,Center_Y,Radius
0,-5.5210789891e-02,-5.6310502797e-02,2.9194817319e-03
1,-5.4062301711e-02,-5.8785037141e-02,2.8174277382e-03
2,-5.2724272693e-02,-6.1365560753e-02,2.9923278044e-03
3,-5.1204570185e-02,-6.4042081926e-02,3.1590818717e-03
4,-4.9511061532e-02,-6.6804608958e-02,3.3168263945e-03
5,-4.7651614081e-02,-6.9643150143e-02,3.4649305413e-03
6,-4.5634095176e-02,-7.2547713776e-02,3.6029287055e-03
7,-4.3466372164e-02,-7.5508308153e-02,3.7304752118e-03
8,-4.1156312392e-02,-7.8514941569e-02,3.8473134447e-03
9,-3.8711783205e-02,-8.1557622320e-02,3.9532545227e-03
10,-3.6140651949e-02,-8.4626358701e-02,4.0481624188e-03
11,-3.3450785970e-02,-8.7711159007e-02,4.1319435301e-03
12,-3.0650052614e-02,-9.0802031533e-02,4.2045393903e-03
13,-2.7746319227e-02,-9.3888984576e-02,4.2659216687e-03
14,-2.4747453155e-02,-9.6962026430e-02,4.3160888850e-03
15,-2.1661321745e-02,-1.0001116539e-01,4.3550644687e-03
16,-1.8495792342e-02,-1.0302640975e-01,4.3828959255e-03
17,-1.5258732291e-02,-1.0599776781e-01,4.3996549738e-03
18,-1.1958008941e-02,-1.0891524787e-01,4.4054385863e-03

Region 1 (19 circles):
Circle_Index,Center_X,Center_Y,Radius
0,-8.6014896347e-03,-1.1176885821e-01,4.4003709402e-03
1,-5.1970417200e-03,-1.1454860713e-01,4.3846063312e-03
2,-1.7525325425e-03,-1.1724450293e-01,4.3583331670e-03
3,1.7241705518e-03,-1.1984655391e-01,4.3217792180e-03
4,5.2252002170e-03,-1.2234476836e-01,4.2752183716e-03
5,8.7426891070e-03,-1.2472915457e-01,4.2189792217e-03
6,1.2268769876e-02,-1.2698972084e-01,4.1534559278e-03
7,1.5795575177e-02,-1.2911647547e-01,4.0791218974e-03
8,1.9315237666e-02,-1.3109942675e-01,3.9965469907e-03
9,2.2819889995e-02,-1.3292858297e-01,3.9064191066e-03
10,2.6301664819e-02,-1.3459395244e-01,3.8095711707e-03
11,2.9752694792e-02,-1.3608554345e-01,3.7070146688e-03
12,3.3165112568e-02,-1.3739336428e-01,3.5999808773e-03
13,3.6531050800e-02,-1.3850742325e-01,3.4899706748e-03
14,3.9842642144e-02,-1.3941772863e-01,3.3788130107e-03
15,4.3092019252e-02,-1.4011428874e-01,3.2687303176e-03
16,4.6271314779e-02,-1.4058711186e-01,3.1624057645e-03
17,4.9372661379e-02,-1.4082620628e-01,3.0630415817e-03
18,5.2388191705e-02,-1.4082158032e-01,2.9743894807e-03

Region 2 (19 circles):
Circle_Index,Center_X,Center_Y,Radius
0,5.5310038412e-02,-1.4056324225e-01,2.9007246831e-03
1,5.8130334155e-02,-1.4004120038e-01,2.8467286320e-03
2,6.0841211585e-02,-1.3924546300e-01,2.8172506186e-03
3,6.3434803359e-02,-1.3816603840e-01,2.8169451969e-03
4,6.5903242130e-02,-1.3679293489e-01,2.7533580470e-03
5,6.8071209659e-02,-1.3521387267e-01,2.6136653241e-03
6,6.9904493279e-02,-1.3344825583e-01,2.5042059354e-03
7,7.1416859425e-02,-1.3150406396e-01,2.4486302722e-03
8,7.2622074536e-02,-1.2938927662e-01,2.4436333275e-03
9,7.3533905047e-02,-1.2711187340e-01,2.4830149492e-03
10,7.4166117396e-02,-1.2467983388e-01,2.5587298155e-03
11,7.4532478020e-02,-1.2210113765e-01,2.6621830870e-03
12,7.4646753355e-02,-1.1938376428e-01,2.7852730351e-03
13,7.4522709838e-02,-1.1653569335e-01,2.9209711155e-03
14,7.4174113907e-02,-1.1356490444e-01,3.0634972344e-03
15,7.3614731997e-02,-1.1047937714e-01,3.2082494835e-03
16,7.2858330547e-02,-1.0728709103e-01,3.3516284890e-03
17,7.1918675992e-02,-1.0399602568e-01,3.4908414490e-03
18,7.0809534770e-02,-1.0061416067e-01,3.6237252880e-03

Region 3 (19 circles):
Circle_Index,Center_X,Center_Y,Radius
0,6.9544673318e-02,-9.7149475597e-02,3.7486015259e-03
1,6.8137858071e-02,-9.3609950027e-02,3.8641628299e-03
2,6.6602855469e-02,-9.0003563546e-02,3.9693865711e-03
3,6.4953431946e-02,-8.6338295733e-02,4.0634698043e-03
4,6.3203353941e-02,-8.2622126170e-02,4.1457806530e-03
5,6.1366387889e-02,-7.8863034436e-02,4.2158220549e-03
6,5.9456300228e-02,-7.5069000114e-02,4.2732047762e-03
7,5.7486857395e-02,-7.1248002782e-02,4.3176274038e-03
8,5.5471825826e-02,-6.7408022023e-02,4.3488616490e-03
9,5.3424971959e-02,-6.3557037416e-02,4.3667417722e-03
10,5.1360062230e-02,-5.9703028543e-02,4.3711573009e-03
11,4.9290863076e-02,-5.5853974983e-02,4.3620484910e-03
12,4.7231140934e-02,-5.2017856318e-02,4.3394042078e-03
13,4.5194662241e-02,-4.8202652127e-02,4.3032620925e-03
14,4.3195193434e-02,-4.4416341993e-02,4.2537110669e-03
15,4.1246500950e-02,-4.0666905495e-02,4.1908964172e-03
16,3.9362351225e-02,-3.6962322214e-02,4.1150279229e-03
17,3.7556510696e-02,-3.3310571730e-02,4.0263917836e-03
18,3.5842745801e-02,-2.9719633625e-02,3.9253674691e-03

Region 4 (19 circles):
Circle_Index,Center_X,Center_Y,Radius
0,3.4234822975e-02,-2.6197487479e-02,3.8124511487e-03
1,3.2746508657e-02,-2.2752112872e-02,3.6882880854e-03
2,3.1391569283e-02,-1.9391489385e-02,3.5537174101e-03
3,3.0183771289e-02,-1.6123596600e-02,3.4098341114e-03
4,2.9136881113e-02,-1.2956414095e-02,3.2580749363e-03
5,2.8264665192e-02,-9.8979214528e-03,3.1003371002e-03
6,2.7580889962e-02,-6.9560982532e-03,2.9391406092e-03
7,2.7099321860e-02,-4.1389240769e-03,2.6226977587e-03
8,2.6850292621e-02,-1.7645898781e-03,2.4378738156e-03
9,2.6729618231e-02,7.2087193185e-04,2.5385702185e-03
10,2.6727942718e-02,3.3096222437e-03,2.6375605419e-03
11,2.6835910107e-02,5.9938219483e-03,2.7329962956e-03
12,2.7044164425e-02,8.7656319367e-03,2.8234278446e-03
13,2.7343349698e-02,1.1617213100e-02,2.9077187607e-03
14,2.7724109952e-02,1.4540726328e-02,2.9849777474e-03
15,2.8177089214e-02,1.7528332512e-02,3.0545058822e-03
16,2.8692931511e-02,2.0572192544e-02,3.1157563351e-03
17,2.9262280867e-02,2.3664467314e-02,3.1683039143e-03
18,2.9875781311e-02,2.6797317712e-02,3.2118222384e-03

Region 5 (19 circles):
Circle_Index,Center_X,Center_Y,Radius
0,3.0524076867e-02,2.9962904631e-02,3.2460668188e-03
1,3.1197811563e-02,3.3153388960e-02,3.2708627596e-03
2,3.1887629425e-02,3.6360931590e-02,3.2860961372e-03
3,3.2584174479e-02,3.9577693413e-02,3.2917084047e-03
4,3.3278090751e-02,4.2795835320e-02,3.2876933942e-03
5,3.3960022267e-02,4.6007518200e-02,3.2740966840e-03
6,3.4620613055e-02,4.9204902945e-02,3.2510172663e-03
7,3.5250507140e-02,5.2380150446e-02,3.2186116117e-03
8,3.5840348548e-02,5.5525421594e-02,3.1771003975e-03
9,3.6380781307e-02,5.8632877280e-02,3.1267783487e-03
10,3.6862449441e-02,6.1694678394e-02,3.0680278617e-03
11,3.7275996979e-02,6.4702985827e-02,3.0013373364e-03
12,3.7612067945e-02,6.7649960471e-02,2.9273254478e-03
13,3.7861306366e-02,7.0527763215e-02,2.8467729222e-03
14,3.8014356269e-02,7.3328554952e-02,2.7606636984e-03
15,3.8061861680e-02,7.6044496571e-02,2.6702375206e-03
16,3.7994466625e-02,7.8667748964e-02,2.5770557295e-03
17,3.7802815131e-02,8.1190473022e-02,2.4830807297e-03
18,3.7477551223e-02,8.3604829635e-02,2.3907663014e-03

Region 6 (19 circles):
Circle_Index,Center_X,Center_Y,Radius
0,3.7009318928e-02,8.5902979695e-02,2.3031490794e-03
1,3.6388762273e-02,8.8077084091e-02,2.2239195261e-03
2,3.5606525284e-02,9.0119303716e-02,2.1574334911e-03
3,3.4653251987e-02,9.2021799459e-02,2.1882777332e-03
4,3.3471676305e-02,9.3934926181e-02,2.3622783510e-03
5,3.2046542396e-02,9.5959619906e-02,2.5832310411e-03
6,3.0392815202e-02,9.8081876545e-02,2.7902962747e-03
7,2.8525459666e-02,1.0028769201e-01,2.9817430293e-03
8,2.6459440731e-02,1.0256306222e-01,3.1564510811e-03
9,2.4209723338e-02,1.0489398307e-01,3.3136780761e-03
10,2.1791272431e-02,1.0726645049e-01,3.4529260310e-03
11,1.9219052951e-02,1.0966646037e-01,3.5738622014e-03
12,1.6508029842e-02,1.1208000865e-01,3.6762709589e-03
13,1.3673168046e-02,1.1449309122e-01,3.7600241479e-03
14,1.0729432506e-02,1.1689170399e-01,3.8250629990e-03
15,7.6917881633e-03,1.1926184289e-01,3.8713876972e-03
16,4.5751999614e-03,1.2158950382e-01,3.8990524255e-03
17,1.3946328427e-03,1.2386068269e-01,3.9081647336e-03
18,-1.8349482503e-03,1.2606137542e-01,3.8988887787e-03

Region 7 (19 circles):
Circle_Index,Center_X,Center_Y,Radius
0,-5.0985783752e-03,1.2817757791e-01,3.8714525132e-03
1,-8.3812925894e-03,1.3019528608e-01,3.8261593882e-03
2,-1.1668125950e-02,1.3210049584e-01,3.7634056943e-03
3,-1.4944113516e-02,1.3387920310e-01,3.6837053617e-03
4,-1.8194290342e-02,1.3551740378e-01,3.5877250209e-03
5,-2.1403691488e-02,1.3700109378e-01,3.4763335244e-03
6,-2.4557352011e-02,1.3831626901e-01,3.3506721680e-03
7,-2.7640306968e-02,1.3944892540e-01,3.2122547600e-03
8,-3.0637591416e-02,1.4038505884e-01,3.0631106317e-03
9,-3.3534240413e-02,1.4111066525e-01,2.9059883624e-03
10,-3.6315289017e-02,1.4161174055e-01,2.7446414995e-03
11,-3.8965772285e-02,1.4187428064e-01,2.5842136305e-03
12,-4.1470725274e-02,1.4188428144e-01,2.4317125282e-03
13,-4.3815183042e-02,1.4162773885e-01,2.2964789704e-03
14,-4.5984180647e-02,1.4109064879e-01,2.1903765028e-03
15,-4.7962753145e-02,1.4025900718e-01,2.1271902088e-03
16,-4.9735935595e-02,1.3911880992e-01,2.1207122021e-03
17,-5.1288763054e-02,1.3765605292e-01,2.1816995557e-03
18,-5.2606270578e-02,1.3585673210e-01,2.7449463675e-03

Region 8 (19 circles):
Circle_Index,Center_X,Center_Y,Radius
0,-5.4231428909e-02,1.3303094775e-01,3.3055782758e-03
1,-5.5776097130e-02,1.3005677679e-01,3.3973715132e-03
2,-5.7241165028e-02,1.2694062827e-01,3.4891450097e-03
3,-5.8627522391e-02,1.2368891119e-01,3.5800952172e-03
4,-5.9936059006e-02,1.2030803459e-01,3.6695321257e-03
5,-6.1167664660e-02,1.1680440749e-01,3.7568635124e-03
6,-6.2323229142e-02,1.1318443891e-01,3.8415808611e-03
7,-6.3403642238e-02,1.0945453789e-01,3.9232470477e-03
8,-6.4409793736e-02,1.0562111344e-01,4.0014857275e-03
9,-6.5342573424e-02,1.0169057459e-01,4.0759722805e-03
10,-6.6202871088e-02,9.7669330369e-02,4.1464261359e-03
11,-6.6991576517e-02,9.3563789798e-02,4.2126042947e-03
12,-6.7709579498e-02,8.9380361904e-02,4.2742958770e-03
13,-6.8357769818e-02,8.5125455711e-02,4.3313175370e-03
14,-6.8937037264e-02,8.0805480245e-02,4.3835096126e-03
15,-6.9448271625e-02,7.6426844531e-02,4.4307328893e-03
16,-6.9892362687e-02,7.1995957594e-02,4.4728658822e-03
17,-7.0270200238e-02,6.7519228460e-02,4.5098025523e-03
18,-7.0582674065e-02,6.3003066152e-02,4.5414503879e-03

Region 9 (28 circles):
Circle_Index,Center_X,Center_Y,Radius
0,-7.0830673957e-02,5.8453879697e-02,4.5677287955e-03
1,-7.1015089699e-02,5.3878078120e-02,4.5885677514e-03
2,-7.1136811081e-02,4.9282070446e-02,4.6039066779e-03
3,-7.1196727889e-02,4.4672265700e-02,4.6136935105e-03
4,-7.1195729910e-02,4.0055072906e-02,4.6178839335e-03
5,-7.1134706933e-02,3.5436901091e-02,4.6164407619e-03
6,-7.1014548744e-02,3.0824159280e-02,4.6093334558e-03
7,-7.0836145131e-02,2.6223256497e-02,4.5965377553e-03
8,-7.0600385882e-02,2.1640601768e-02,4.5780354283e-03
9,-7.0308160783e-02,1.7082604117e-02,4.5538141273e-03
10,-6.9960359623e-02,1.2555672571e-02,4.5238673536e-03
11,-6.9557872189e-02,8.0662161538e-03,4.4881945331e-03
12,-6.9101588268e-02,3.6206438911e-03,4.4468012084e-03
13,-6.8592397647e-02,-7.7463519219e-04,4.3996993601e-03
14,-6.8031190115e-02,-5.1132120708e-03,4.3469078714e-03
15,-6.7418855459e-02,-9.3886777196e-03,4.2884531598e-03
16,-6.6756283465e-02,-1.3594623113e-02,4.2243700041e-03
17,-6.6044363922e-02,-1.7724639227e-02,4.1547026081e-03
18,-6.5283986617e-02,-2.1772317036e-02,4.0795059502e-03
19,-6.4476041337e-02,-2.5731247514e-02,3.9988474901e-03
20,-6.3621417870e-02,-2.9595021636e-02,3.9128093201e-03
21,-6.2721006004e-02,-3.3357230378e-02,3.8214908792e-03
22,-6.1775695525e-02,-3.7011464714e-02,3.7250123865e-03
23,-6.0786376221e-02,-4.0551315619e-02,3.6235192009e-03
24,-5.9753937880e-02,-4.3970374067e-02,3.5171873826e-03
25,-5.8679270289e-02,-4.7262231035e-02,3.4062308274e-03
26,-5.7563263236e-02,-5.0420477496e-02,3.2909104707e-03
27,-5.6406806507e-02,-5.3438704425e-02,3.1715462316e-03
