Region Metadata for: shape_4.txt
================================================================================

REGION DEFINITION: Circle union (one circle per point)
  Each point gets a circle with radius = average distance to neighbors

Total vertices: 232
Number of regions: 10
Points per region:
  Region 0: 23 points
  Region 1: 23 points
  Region 2: 23 points
  Region 3: 23 points
  Region 4: 23 points
  Region 5: 23 points
  Region 6: 23 points
  Region 7: 23 points
  Region 8: 23 points
  Region 9: 25 points

REGION SUMMARY:
Region_Index,Num_Points,BBox_Min_X,BBox_Max_X,BBox_Min_Y,BBox_Max_Y,Normal_X,Normal_Y,Tangent_X,Tangent_Y,Fitted_Circle_X,Fitted_Circle_Y,Fitted_Circle_Radius,Local_AoA_Rad,Union_Area,Collection_Area
0,23,3.5149253598e-02,8.9063348404e-02,-1.2327220705e-01,-1.0709216699e-01,-0.2138409313,-0.9768684948,-0.9768684948,0.2138409313,7.6028571965e-02,-4.5371164717e-02,7.5411802936e-02,-1.35529117e+00,2.55935293e-04,1.30668387e-04
1,23,8.5431127039e-02,1.0215566874e-01,-1.2200061270e-01,-8.2274805804e-02,0.9997875681,0.0206111274,0.0206111274,-0.9997875681,8.0150773396e-02,-1.0580830814e-01,1.9523164932e-02,3.12098007e+00,2.08269516e-04,1.07036839e-04
2,23,3.7884372061e-02,8.9541878043e-02,-8.5630886524e-02,-2.7416209291e-02,0.7528286798,0.6582165137,0.6582165137,-0.7528286798,-2.9588950832e-01,-3.7476345370e-01,4.8147271131e-01,2.42314540e+00,4.47475086e-04,2.23833774e-04
3,23,9.3978528851e-04,4.1998839208e-02,-3.1425366381e-02,1.8662364710e-02,0.7818561283,0.6234588957,0.6234588957,-0.7818561283,1.7948799793e-01,1.2303383859e-01,-2.0628384498e-01,2.46843376e+00,3.14241581e-04,1.56133644e-04
4,23,-2.7245024238e-02,4.6620363300e-03,1.5954213349e-02,7.9281267912e-02,0.9095329135,0.4156319035,0.4156319035,-0.9095329135,1.4594485819e+00,7.1168043196e-01,-1.6138963054e+00,2.71295520e+00,3.77024094e-04,1.88156425e-04
5,23,-5.4497727476e-02,-2.2514375769e-02,7.6012542264e-02,1.2472435820e-01,0.8486713110,0.5289206045,0.5289206045,-0.8486713110,-1.6708531329e-01,2.4978950973e-02,1.5120551751e-01,2.58426446e+00,2.69540779e-04,1.36054155e-04
6,23,-9.4536986563e-02,-5.3013170833e-02,1.1261109568e-01,1.2674347616e-01,-0.2521867763,0.9676785778,0.9676785778,0.2521867763,-6.3089948039e-02,7.4256677853e-02,5.0414445869e-02,1.31585692e+00,1.61908844e-04,8.32078508e-05
7,23,-9.5464583884e-02,-6.1905202327e-02,4.6864710427e-02,1.1376659862e-01,-0.9112906901,-0.4117636192,-0.4117636192,0.9112906901,3.9790618565e-01,3.0261680073e-01,5.2755561755e-01,-4.24388516e-01,4.53276110e-04,2.27643898e-04
8,23,-6.7860863183e-02,-1.4616739084e-02,-3.5308653585e-02,5.1180583665e-02,-0.8664560440,-0.4992533663,-0.4992533663,0.8664560440,9.8926784843e-01,6.0196718936e-01,1.1903719324e+00,-5.22736852e-01,7.64437251e-04,3.82918592e-04
9,25,-2.0687247070e-02,3.8543900518e-02,-1.1018373213e-01,-3.0527740956e-02,-0.8122959663,-0.5832454571,-0.5832454571,0.8122959663,5.4676277082e-01,3.1292638337e-01,6.6182836882e-01,-6.22718399e-01,6.81371407e-04,3.41214132e-04

DETAILED CIRCLE DATA:

Region 0 (23 circles):
Circle_Index,Center_X,Center_Y,Radius
0,3.7457840259e-02,-1.0940075365e-01,2.3085866613e-03
1,3.8562144810e-02,-1.1050767266e-01,1.6276469186e-03
2,3.9880698317e-02,-1.1156754932e-01,1.7573770319e-03
3,4.1397647030e-02,-1.1257864479e-01,1.8876017988e-03
4,4.3097137195e-02,-1.1353922025e-01,2.0138305711e-03
5,4.4963315060e-02,-1.1444753686e-01,2.1329844281e-03
6,4.6980326873e-02,-1.1530185578e-01,2.2429331251e-03
7,4.9132318882e-02,-1.1610043817e-01,2.3421830048e-03
8,5.1403437334e-02,-1.1684154521e-01,2.4296725913e-03
9,5.3777828477e-02,-1.1752343805e-01,2.5046393975e-03
10,5.6239638559e-02,-1.1814437786e-01,2.5665327151e-03
11,5.8773013827e-02,-1.1870262580e-01,2.6149561101e-03
12,6.1362100528e-02,-1.1919644305e-01,2.6496293869e-03
13,6.3991044912e-02,-1.1962409075e-01,2.6703636500e-03
14,6.6643993225e-02,-1.1998383009e-01,2.6770455438e-03
15,6.9305091715e-02,-1.2027392221e-01,2.6696283299e-03
16,7.1958486629e-02,-1.2049262830e-01,2.6481285456e-03
17,7.4588324216e-02,-1.2063820950e-01,2.6126278071e-03
18,7.7178750722e-02,-1.2070892699e-01,2.5632800550e-03
19,7.9713912397e-02,-1.2070304193e-01,2.5003253488e-03
20,8.2177955486e-02,-1.2061881549e-01,2.4241123696e-03
21,8.4555026239e-02,-1.2045450882e-01,2.3351333399e-03
22,8.6829270903e-02,-1.2020838310e-01,2.2340775009e-03

Region 1 (23 circles):
Circle_Index,Center_X,Center_Y,Radius
0,8.8984835724e-02,-1.1987869949e-01,2.1219132129e-03
1,9.1005866952e-02,-1.1946371915e-01,2.0000151083e-03
2,9.2876510834e-02,-1.1896170324e-01,1.8703627308e-03
3,9.4580913616e-02,-1.1837091294e-01,1.7358512630e-03
4,9.6103221548e-02,-1.1768960941e-01,1.6007689370e-03
5,9.7427580877e-02,-1.1691605380e-01,1.4714859769e-03
6,9.8538137850e-02,-1.1604850730e-01,1.3572881042e-03
7,9.9419038715e-02,-1.1508523105e-01,1.2709089471e-03
8,1.0005442972e-01,-1.1402448622e-01,1.2276257430e-03
9,1.0042845711e-01,-1.1286453399e-01,1.2416867436e-03
10,1.0052526714e-01,-1.1160363550e-01,1.3211223105e-03
11,1.0032900605e-01,-1.1024005194e-01,1.8266626942e-03
12,9.9734050771e-02,-1.0804351048e-01,2.3016268459e-03
13,9.9026795630e-02,-1.0582600249e-01,2.3544568427e-03
14,9.8211241186e-02,-1.0358866032e-01,2.4088565867e-03
15,9.7291387999e-02,-1.0133261635e-01,2.4641777248e-03
16,9.6271236631e-02,-9.9059002940e-02,2.5198476648e-03
17,9.5154787642e-02,-9.6768952456e-02,2.5753629810e-03
18,9.3946041592e-02,-9.4463597264e-02,2.6302823794e-03
19,9.2648999041e-02,-9.2144069733e-02,2.6842197282e-03
20,9.1267660551e-02,-8.9811502227e-02,2.7368374630e-03
21,8.9806026681e-02,-8.7467027113e-02,2.7878405319e-03
22,8.8268097992e-02,-8.5111776757e-02,2.8369709536e-03

Region 2 (23 circles):
Circle_Index,Center_X,Center_Y,Radius
0,8.6657875045e-02,-8.2746883527e-02,2.8840029977e-03
1,8.4979358400e-02,-8.0373479787e-02,2.9287389613e-03
2,8.3236548617e-02,-7.7992697905e-02,2.9710054972e-03
3,8.1433446257e-02,-7.5605670247e-02,3.0106504373e-03
4,7.9574051881e-02,-7.3213529178e-02,3.0475400571e-03
5,7.7662366048e-02,-7.0817407066e-02,3.0815567240e-03
6,7.5702389320e-02,-6.8418436276e-02,3.1125968821e-03
7,7.3698122256e-02,-6.6017749176e-02,3.1405693258e-03
8,7.1653565418e-02,-6.3616478130e-02,3.1653937240e-03
9,6.9572719365e-02,-6.1215755506e-02,3.1869993594e-03
10,6.7459584659e-02,-5.8816713670e-02,3.2053240538e-03
11,6.5318161860e-02,-5.6420484989e-02,3.2203132541e-03
12,6.3152451527e-02,-5.4028201827e-02,3.2319192572e-03
13,6.0966454222e-02,-5.1640996553e-02,3.2401005570e-03
14,5.8764170506e-02,-4.9260001531e-02,3.2448212980e-03
15,5.6549600938e-02,-4.6886349129e-02,3.2460508234e-03
16,5.4326746078e-02,-4.4521171713e-02,3.2437633087e-03
17,5.2099606489e-02,-4.2165601649e-02,3.2379374729e-03
18,4.9872182729e-02,-3.9820771303e-02,3.2285563622e-03
19,4.7648475360e-02,-3.7487813042e-02,3.2156072020e-03
20,4.5432484942e-02,-3.5167859232e-02,3.1990813160e-03
21,4.3228212035e-02,-3.2862042239e-02,3.1789741123e-03
22,4.1039657200e-02,-3.0571494429e-02,3.1552851389e-03

Region 3 (23 circles):
Circle_Index,Center_X,Center_Y,Radius
0,3.8870820997e-02,-2.8297348170e-02,3.1280182111e-03
1,3.6725703987e-02,-2.6040735827e-02,3.0971816200e-03
2,3.4608306730e-02,-2.3802789766e-02,3.0627884286e-03
3,3.2522629787e-02,-2.1584642354e-02,3.0248568695e-03
4,3.0472673718e-02,-1.9387425958e-02,2.9834108611e-03
5,2.8462439084e-02,-1.7212272943e-02,2.9384806622e-03
6,2.6495926445e-02,-1.5060315675e-02,2.8901036947e-03
7,2.4577136361e-02,-1.2932686522e-02,2.8383255690e-03
8,2.2710069394e-02,-1.0830517849e-02,2.7832013588e-03
9,2.0898726103e-02,-8.7549420228e-03,2.7247971854e-03
10,1.9147107049e-02,-6.7070914097e-03,2.6631921856e-03
11,1.7459212793e-02,-4.6880983759e-03,2.5984809660e-03
12,1.5839043895e-02,-2.6990952877e-03,2.5307766688e-03
13,1.4290600915e-02,-7.4121451147e-04,2.4602148170e-03
14,1.2817884413e-02,1.1844115865e-03,2.3869581550e-03
15,1.1424894952e-02,3.0766506398e-03,2.3112027637e-03
16,1.0115633090e-02,4.9343702823e-03,2.2331858120e-03
17,8.8940993879e-03,6.7564381476e-03,2.1187331283e-03
18,7.7970301417e-03,8.4808646387e-03,2.0854578815e-03
19,6.6922911777e-03,1.0298577608e-02,2.1672566737e-03
20,5.5800295482e-03,1.2205295867e-02,2.2460133233e-03
21,4.4603923055e-03,1.4196738227e-02,2.3215549816e-03
22,3.3335265021e-03,1.6268623497e-02,2.3937412136e-03

Region 4 (23 circles):
Circle_Index,Center_X,Center_Y,Radius
0,2.1995791902e-03,1.8416670489e-02,2.4624571397e-03
1,1.0586974223e-03,2.0636598013e-02,2.5276082253e-03
2,-8.8971749307e-05,2.2924124881e-02,2.5891162881e-03
3,-1.2432812723e-03,2.5274969903e-02,2.6469164148e-03
4,-2.4040840942e-03,2.7684851890e-02,2.7009545618e-03
5,-3.5712331627e-03,3.0149489653e-02,2.7511856757e-03
6,-4.7445814256e-03,3.2664602003e-02,2.7975722122e-03
7,-5.9239818303e-03,3.5225907750e-02,2.8400829644e-03
8,-7.1092873245e-03,3.7829125705e-02,2.8786921313e-03
9,-8.3003508559e-03,4.0469974679e-02,2.9133785775e-03
10,-9.4970253722e-03,4.3144173483e-02,2.9441252459e-03
11,-1.0699163821e-02,4.5847440928e-02,2.9709186922e-03
12,-1.1906619150e-02,4.8575495824e-02,2.9937487219e-03
13,-1.3119244306e-02,5.1324056983e-02,3.0126081112e-03
14,-1.4336892238e-02,5.4088843215e-02,3.0274923998e-03
15,-1.5559415893e-02,5.6865573330e-02,3.0383997468e-03
16,-1.6786668219e-02,5.9649966141e-02,3.0453308421e-03
17,-1.8018502162e-02,6.2437740456e-02,3.0482888702e-03
18,-1.9254770672e-02,6.5224615089e-02,3.0472795234e-03
19,-2.0495326696e-02,6.8006308848e-02,3.0423110639e-03
20,-2.1740023180e-02,7.0778540545e-02,3.0333944360e-03
21,-2.2988713074e-02,7.3537028991e-02,3.0205434319e-03
22,-2.4241249324e-02,7.6277492997e-02,3.0037749149e-03

Region 5 (23 circles):
Circle_Index,Center_X,Center_Y,Radius
0,-2.5497484878e-02,7.8995651373e-02,2.9831091084e-03
1,-2.6757272683e-02,8.1687222930e-02,2.9585699582e-03
2,-2.8020465689e-02,8.4347926479e-02,2.9301855824e-03
3,-2.9286916841e-02,8.6973480831e-02,2.8979888230e-03
4,-3.0556479088e-02,8.9559604797e-02,2.8620179208e-03
5,-3.1829005377e-02,9.2102017187e-02,2.8223173386e-03
6,-3.3104348657e-02,9.4596436812e-02,2.7789387654e-03
7,-3.4382361874e-02,9.7038582483e-02,2.7319423446e-03
8,-3.5662897976e-02,9.9424173011e-02,2.6813981782e-03
9,-3.6945809911e-02,1.0174892721e-01,2.6273881762e-03
10,-3.8230950627e-02,1.0400856388e-01,2.5700083388e-03
11,-3.9518173070e-02,1.0619880185e-01,2.5093715842e-03
12,-4.0807330190e-02,1.0831535991e-01,2.4456112673e-03
13,-4.2098274933e-02,1.1035395688e-01,2.3788855777e-03
14,-4.3390860247e-02,1.1231031158e-01,2.3093830578e-03
15,-4.4684939080e-02,1.1418014281e-01,2.2373295515e-03
16,-4.5980364379e-02,1.1595916938e-01,2.1629969782e-03
17,-4.7276989092e-02,1.1764311011e-01,2.0867144258e-03
18,-4.8574666167e-02,1.1922768380e-01,2.0088821665e-03
19,-4.9873248552e-02,1.2070860926e-01,1.9299892970e-03
20,-5.1172589193e-02,1.2208160532e-01,1.5155463070e-03
21,-5.2059461289e-02,1.2279907516e-01,1.2003366090e-03
22,-5.3169134176e-02,1.2339576490e-01,1.3285933003e-03

Region 6 (23 circles):
Circle_Index,Center_X,Center_Y,Radius
0,-5.4481275353e-02,1.2387599795e-01,1.4681045203e-03
1,-5.5975552319e-02,1.2424409776e-01,1.6076793551e-03
2,-5.7631632572e-02,1.2450438775e-01,1.7403939300e-03
3,-5.9429183609e-02,1.2466119135e-01,1.8619660713e-03
4,-6.1347872931e-02,1.2471883199e-01,1.9696963052e-03
5,-6.3367368034e-02,1.2468163310e-01,2.0618430655e-03
6,-6.5467336417e-02,1.2455391810e-01,2.1372615126e-03
7,-6.7627445579e-02,1.2434001044e-01,2.1951932113e-03
8,-6.9827363018e-02,1.2404423353e-01,2.2351421234e-03
9,-7.2046756232e-02,1.2367091081e-01,2.2568014058e-03
10,-7.4265292720e-02,1.2322436570e-01,2.2600117269e-03
11,-7.6462639980e-02,1.2270892165e-01,2.2447409387e-03
12,-7.8618465510e-02,1.2212890206e-01,2.2110804392e-03
13,-8.0712436810e-02,1.2148863039e-01,2.1592574637e-03
14,-8.2724221377e-02,1.2079243005e-01,2.0896662083e-03
15,-8.4633486709e-02,1.2004462447e-01,2.0029253702e-03
16,-8.6419900305e-02,1.1924953709e-01,1.8999771195e-03
17,-8.8063129664e-02,1.1841149133e-01,1.7822555946e-03
18,-8.9542842283e-02,1.1753481062e-01,1.6519768747e-03
19,-9.0838705662e-02,1.1662381839e-01,1.5126447310e-03
20,-9.1930387298e-02,1.1568283808e-01,1.3699307560e-03
21,-9.2797554690e-02,1.1471619311e-01,1.2331273597e-03
22,-9.3419875336e-02,1.1372820691e-01,1.1171112274e-03

Region 7 (23 circles):
Circle_Index,Center_X,Center_Y,Radius
0,-9.3777016735e-02,1.1272320291e-01,1.0433957065e-03
1,-9.3848646385e-02,1.1170550454e-01,1.0363386529e-03
2,-9.3614431784e-02,1.1067943523e-01,1.8501520998e-03
3,-9.2656167552e-02,1.0821107507e-01,2.6892634415e-03
4,-9.1645553049e-02,1.0567428712e-01,2.7710166801e-03
5,-9.0583692632e-02,1.0307118551e-01,2.8505833268e-03
6,-8.9471690659e-02,1.0040388438e-01,2.9279428912e-03
7,-8.8310651487e-02,9.7674497886e-02,3.0030778467e-03
8,-8.7101679472e-02,9.4885140156e-02,3.0759731310e-03
9,-8.5845878973e-02,9.2037925334e-02,3.1466157443e-03
10,-8.4544354347e-02,8.9134967559e-02,3.2149944238e-03
11,-8.3198209951e-02,8.6178380973e-02,3.2810993789e-03
12,-8.1808550142e-02,8.3170279714e-02,3.3449220736e-03
13,-8.0376479277e-02,8.0112777925e-02,3.4064550481e-03
14,-7.8903101714e-02,7.7007989744e-02,3.4656917696e-03
15,-7.7389521811e-02,7.3858029312e-02,3.5226265087e-03
16,-7.5836843923e-02,7.0665010770e-02,3.5772542365e-03
17,-7.4246172410e-02,6.7431048257e-02,3.6295705367e-03
18,-7.2618611627e-02,6.4158255915e-02,3.6795715332e-03
19,-7.0955265933e-02,6.0848747883e-02,3.7272538274e-03
20,-6.9257239685e-02,5.7504638302e-02,3.7726144459e-03
21,-6.7525637239e-02,5.4128041312e-02,3.8156507958e-03
22,-6.5761562953e-02,5.0721071053e-02,3.8563606267e-03

Region 8 (23 circles):
Circle_Index,Center_X,Center_Y,Radius
0,-6.3966121185e-02,4.7285841666e-02,3.8947419981e-03
1,-6.2140416292e-02,4.3824467292e-02,3.9307932519e-03
2,-6.0285552630e-02,4.0339062069e-02,3.9645129892e-03
3,-5.8402634558e-02,3.6831740139e-02,3.9959000501e-03
4,-5.6492766433e-02,3.3304615642e-02,4.0249534972e-03
5,-5.4557052611e-02,2.9759802719e-02,4.0516726014e-03
6,-5.2596597451e-02,2.6199415508e-02,4.0760568303e-03
7,-5.0612505309e-02,2.2625568152e-02,4.0981058388e-03
8,-4.8605880543e-02,1.9040374790e-02,4.1178194618e-03
9,-4.6577827510e-02,1.5445949563e-02,4.1351977080e-03
10,-4.4529450567e-02,1.1844406610e-02,4.1502407561e-03
11,-4.2461854072e-02,8.2378600725e-03,4.1629489524e-03
12,-4.0376142382e-02,4.6284240905e-03,4.1733228092e-03
13,-3.8273419854e-02,1.0182128042e-03,4.1813630059e-03
14,-3.6154790846e-02,-2.5906596460e-03,4.1870703899e-03
15,-3.4021359715e-02,-6.1960791199e-03,4.1904459803e-03
16,-3.1874230817e-02,-9.7959314770e-03,4.1914909721e-03
17,-2.9714508511e-02,-1.3388102577e-02,4.1902067424e-03
18,-2.7543297154e-02,-1.6970478280e-02,4.1865948574e-03
19,-2.5361701103e-02,-2.0540944445e-02,4.1806570819e-03
20,-2.3170824715e-02,-2.4097386932e-02,4.1723953898e-03
21,-2.0971772347e-02,-2.7637691601e-02,4.1618119766e-03
22,-1.8765648358e-02,-3.1159744311e-02,4.1489092740e-03

Region 9 (25 circles):
Circle_Index,Center_X,Center_Y,Radius
0,-1.6553557103e-02,-3.4661430923e-02,4.1336899665e-03
1,-1.4336602941e-02,-3.8140637295e-02,4.1161570104e-03
2,-1.2115890229e-02,-4.1595249288e-02,4.0963136558e-03
3,-9.8925233237e-03,-4.5023152761e-02,4.0741634714e-03
4,-7.6676065828e-03,-4.8422233573e-02,4.0497103724e-03
5,-5.4422443634e-03,-5.1790377586e-02,4.0229586526e-03
6,-3.2175410229e-03,-5.5125470657e-02,3.9939130210e-03
7,-9.9460091866e-04,-5.8425398647e-02,3.9625786428e-03
8,1.2254715921e-03,-6.1688047416e-02,3.9289611867e-03
9,3.4415721522e-03,-6.4911302824e-02,3.8930668783e-03
10,5.6525964042e-03,-6.8093050729e-02,3.8549025611e-03
11,7.8574399908e-03,-7.1231176992e-02,3.8144757671e-03
12,1.0054998555e-02,-7.4323567472e-02,3.7717947962e-03
13,1.2244167739e-02,-7.7368108030e-02,3.7268688086e-03
14,1.4423843186e-02,-8.0362684524e-02,3.6797079308e-03
15,1.6592920538e-02,-8.3305182814e-02,3.6303233781e-03
16,1.8750295439e-02,-8.6193488761e-02,3.5787275958e-03
17,2.0894863530e-02,-8.9025488223e-02,3.5249344247e-03
18,2.3025520455e-02,-9.1799067061e-02,3.4689592924e-03
19,2.5141161856e-02,-9.4512111134e-02,3.4108194379e-03
20,2.7240683377e-02,-9.7162506302e-02,3.3505341751e-03
21,2.9322980659e-02,-9.9748138424e-02,3.2881252033e-03
22,3.1386949346e-02,-1.0226689336e-01,3.2236169742e-03
23,3.3431485079e-02,-1.0471665697e-01,3.1570371282e-03
24,3.5455483503e-02,-1.0709531512e-01,3.0884170147e-03
