Region Metadata for: shape_8.txt
================================================================================

REGION DEFINITION: Circle union (one circle per point)
  Each point gets a circle with radius = average distance to neighbors

Total vertices: 259
Number of regions: 10
Points per region:
  Region 0: 25 points
  Region 1: 25 points
  Region 2: 25 points
  Region 3: 25 points
  Region 4: 25 points
  Region 5: 25 points
  Region 6: 25 points
  Region 7: 25 points
  Region 8: 25 points
  Region 9: 34 points

REGION SUMMARY:
Region_Index,Num_Points,BBox_Min_X,BBox_Max_X,BBox_Min_Y,BBox_Max_Y,Normal_X,Normal_Y,Tangent_X,Tangent_Y,Fitted_Circle_X,Fitted_Circle_Y,Fitted_Circle_Radius,Local_AoA_Rad,Union_Area,Collection_Area
0,25,-9.9918681718e-02,-1.9967069403e-02,-8.2241581624e-02,-5.8197658734e-02,-0.2369636431,-0.9715185185,-0.9715185185,0.2369636431,-1.2506385639e-02,1.3491843402e-01,2.1353428887e-01,-1.33155705e+00,5.00764590e-04,2.52581464e-04
1,25,-2.3633337823e-02,7.0771789546e-02,-8.4235196343e-02,-7.4840935521e-02,0.0079810598,-0.9999681508,-0.9999681508,-0.0079810598,1.9643355094e-02,4.1756115082e-01,4.9808201497e-01,-1.57877747e+00,6.49583513e-04,3.26125604e-04
2,25,6.7392406131e-02,1.2250005741e-01,-8.1224348249e-02,-5.8935787645e-02,0.3256065839,-0.9455053424,-0.9455053424,-0.3256065839,7.9695382035e-02,-3.9502663002e-03,7.3101410204e-02,-1.90244953e+00,3.02626131e-04,1.53170210e-04
3,25,1.1341036309e-01,1.2354736878e-01,-6.0711692105e-02,-4.8682389204e-03,0.9937299672,0.1118067635,0.1118067635,-0.9937299672,-1.2774188150e-01,-6.4465873102e-02,2.4934938561e-01,3.02955163e+00,2.33381161e-04,1.17365354e-04
4,25,1.1293496185e-01,1.1781658520e-01,-6.6057086506e-03,4.2589489129e-02,0.9999999264,-0.0003836903,-0.0003836903,-0.9999999264,-5.7020119083e-01,3.1745557778e-02,6.8566647398e-01,-3.14120896e+00,1.79253613e-04,8.98323771e-05
5,25,6.0887382752e-02,1.1650375613e-01,4.0731370192e-02,6.8681736750e-02,0.4089721313,0.9125468732,0.9125468732,-0.4089721313,7.1330213759e-02,-2.1248655746e-03,6.5515058388e-02,1.99212373e+00,3.43854963e-04,1.73283004e-04
6,25,-3.8557461048e-02,6.4667843475e-02,6.2035685714e-02,8.4011103443e-02,0.1469236487,0.9891478360,0.9891478360,-0.1469236487,-1.0320896186e-01,-7.0565676896e-01,7.8864803198e-01,1.71825377e+00,7.91369791e-04,3.96555969e-04
7,25,-1.2867613625e-01,-3.4478909867e-02,7.2320003201e-02,8.5292527799e-02,-0.0556062341,0.9984527764,0.9984527764,0.0556062341,-6.8464340530e-02,-2.0035274291e-01,2.8192612097e-01,1.51516140e+00,6.56132593e-04,3.30304956e-04
8,25,-1.5849681141e-01,-1.2551939724e-01,2.8321307519e-02,7.7578585691e-02,-0.8596380255,0.5109035772,0.5109035772,0.8596380255,-1.2806886396e-01,4.5233847554e-02,2.8592858696e-02,5.36235576e-01,3.10399079e-04,1.59137031e-04
9,34,-1.5664297622e-01,-9.7219033691e-02,-6.1696055659e-02,3.1425010510e-02,-0.8512386856,-0.5247787154,-0.5247787154,0.8512386856,1.5608753619e-02,7.0035590412e-02,1.7407286762e-01,-5.52455136e-01,6.70851927e-04,3.40516895e-04

DETAILED CIRCLE DATA:

Region 0 (25 circles):
Circle_Index,Center_X,Center_Y,Radius
0,-9.7553045168e-02,-6.0563295284e-02,2.3656365500e-03
1,-9.5236020258e-02,-6.1742314452e-02,2.6297416816e-03
2,-9.2832574653e-02,-6.2881454670e-02,2.6895598478e-03
3,-9.0345434383e-02,-6.3981084351e-02,2.7489202098e-03
4,-8.7777325478e-02,-6.5041571905e-02,2.8075963331e-03
5,-8.5130973971e-02,-6.6063285744e-02,2.8653878644e-03
6,-8.2409105890e-02,-6.7046594279e-02,2.9221173855e-03
7,-7.9614447266e-02,-6.7991865922e-02,2.9776276154e-03
8,-7.6749724131e-02,-6.8899469083e-02,3.0317789390e-03
9,-7.3817662514e-02,-6.9769772174e-02,3.0844472379e-03
10,-7.0820988446e-02,-7.0603143605e-02,3.1355219918e-03
11,-6.7762427958e-02,-7.1399951789e-02,3.1849046220e-03
12,-6.4644707081e-02,-7.2160565137e-02,3.2325070482e-03
13,-6.1470551844e-02,-7.2885352059e-02,3.2782504313e-03
14,-5.8242688279e-02,-7.3574680967e-02,3.3220640803e-03
15,-5.4963842416e-02,-7.4228920272e-02,3.3638845003e-03
16,-5.1636740286e-02,-7.4848438385e-02,3.4036545633e-03
17,-4.8264107919e-02,-7.5433603718e-02,3.4413227855e-03
18,-4.4848671345e-02,-7.5984784682e-02,3.4768426973e-03
19,-4.1393156596e-02,-7.6502349688e-02,3.5101722929e-03
20,-3.7900289702e-02,-7.6986667147e-02,3.5412735483e-03
21,-3.4372796693e-02,-7.7438105471e-02,3.5701120008e-03
22,-3.0813403600e-02,-7.7857033071e-02,3.5966563791e-03
23,-2.7224836454e-02,-7.8243818357e-02,3.6208782798e-03
24,-2.3609821285e-02,-7.8598829742e-02,3.6427518823e-03

Region 1 (25 circles):
Circle_Index,Center_X,Center_Y,Radius
0,-1.9971084124e-02,-7.8922435636e-02,3.6622536989e-03
1,-1.6311351001e-02,-7.9215004451e-02,3.6793623549e-03
2,-1.2633347947e-02,-7.9476904598e-02,3.6940583943e-03
3,-8.9398009926e-03,-7.9708504488e-02,3.7063241099e-03
4,-5.2334361682e-03,-7.9910172532e-02,3.7161433927e-03
5,-1.5169795044e-03,-8.0082277142e-02,3.7235016004e-03
6,2.2068429682e-03,-8.0225186729e-02,3.7283854416e-03
7,5.9353052191e-03,-8.0339269704e-02,3.7307828744e-03
8,9.6656812177e-03,-8.0424894478e-02,3.7306830181e-03
9,1.3395244933e-02,-8.0482429462e-02,3.7280760770e-03
10,1.7121270336e-02,-8.0512243069e-02,3.7229532742e-03
11,2.0841031394e-02,-8.0514703708e-02,3.7153067960e-03
12,2.4551802077e-02,-8.0490179792e-02,3.7051297458e-03
13,2.8250856356e-02,-8.0439039731e-02,3.6924161057e-03
14,3.1935468198e-02,-8.0361651937e-02,3.6771607076e-03
15,3.5602911575e-02,-8.0258384821e-02,3.6593592121e-03
16,3.9250460454e-02,-8.0129606794e-02,3.6390080953e-03
17,4.2875388806e-02,-7.9975686267e-02,3.6161046446e-03
18,4.6474970600e-02,-7.9796991652e-02,3.5906469615e-03
19,5.0046479805e-02,-7.9593891360e-02,3.5626339751e-03
20,5.3587190391e-02,-7.9366753802e-02,3.5320654639e-03
21,5.7094376328e-02,-7.9115947389e-02,3.4989420881e-03
22,6.0565311584e-02,-7.8841840533e-02,3.4632654333e-03
23,6.3997270129e-02,-7.8544801644e-02,3.4250380679e-03
24,6.7387525933e-02,-7.8225199135e-02,3.3842636136e-03

Region 2 (25 circles):
Circle_Index,Center_X,Center_Y,Radius
0,7.0733352964e-02,-7.7883401416e-02,3.3409468335e-03
1,7.4032025193e-02,-7.7519776898e-02,3.2950937403e-03
2,7.7280816589e-02,-7.7134693993e-02,3.2467117262e-03
3,8.0477001121e-02,-7.6728521112e-02,3.1958097207e-03
4,8.3617852759e-02,-7.6301626666e-02,3.1423983816e-03
5,8.6700645472e-02,-7.5854379067e-02,3.0864903241e-03
6,8.9722653230e-02,-7.5387146725e-02,3.0281003983e-03
7,9.2681150001e-02,-7.4900298052e-02,2.9672460251e-03
8,9.5573409756e-02,-7.4394201459e-02,2.9039476036e-03
9,9.8396706464e-02,-7.3869225357e-02,2.8382290075e-03
10,1.0114831409e-01,-7.3325738158e-02,2.7701181932e-03
11,1.0382550662e-01,-7.2764108273e-02,2.6996479470e-03
12,1.0642555800e-01,-7.2184704113e-02,2.6268568100e-03
13,1.0894574221e-01,-7.1587894089e-02,2.5517902281e-03
14,1.1138333323e-01,-7.0974046612e-02,2.4745019932e-03
15,1.1373560501e-01,-7.0343530095e-02,1.8816306001e-03
16,1.1498354658e-01,-6.9889551161e-02,1.3063168934e-03
17,1.1610345296e-01,-6.9260092337e-02,1.2804161287e-03
18,1.1710048025e-01,-6.8463540268e-02,1.2872465611e-03
19,1.1797978450e-01,-6.7508281603e-02,1.3218881440e-03
20,1.1874652181e-01,-6.6402702988e-02,1.3782300628e-03
21,1.1940584824e-01,-6.5155191071e-02,1.4501026031e-03
22,1.1996291988e-01,-6.3774132499e-02,1.5320326485e-03
23,1.2042289280e-01,-6.2267913919e-02,1.6195416892e-03
24,1.2079092308e-01,-6.0644921978e-02,1.7091343326e-03

Region 3 (25 circles):
Circle_Index,Center_X,Center_Y,Radius
0,1.2107216679e-01,-5.8913543324e-02,1.7981487815e-03
1,1.2127178003e-01,-5.7082164604e-02,1.8845779209e-03
2,1.2139491885e-01,-5.5159172465e-02,1.9669093814e-03
3,1.2144673934e-01,-5.3152953554e-02,2.0439982562e-03
4,1.2143239758e-01,-5.1071894519e-02,2.1149711968e-03
5,1.2135704965e-01,-4.8924382006e-02,2.1791559846e-03
6,1.2122585162e-01,-4.6718802663e-02,2.2360303392e-03
7,1.2104395956e-01,-4.4463543138e-02,2.2851847736e-03
8,1.2081652957e-01,-4.2166990077e-02,2.3262955609e-03
9,1.2054871771e-01,-3.9837530127e-02,2.3591049555e-03
10,1.2024568006e-01,-3.7483549937e-02,2.3834066357e-03
11,1.1991257270e-01,-3.5113436152e-02,2.3990349331e-03
12,1.1955455170e-01,-3.2735575421e-02,2.4058568429e-03
13,1.1917677315e-01,-3.0358354390e-02,2.4037661095e-03
14,1.1878439312e-01,-2.7990159708e-02,2.3926788986e-03
15,1.1838256769e-01,-2.5639378020e-02,2.3725307233e-03
16,1.1797645294e-01,-2.3314395974e-02,2.3432744125e-03
17,1.1757120494e-01,-2.1023600217e-02,2.3048790076e-03
18,1.1717197977e-01,-1.8775377398e-02,2.2573295656e-03
19,1.1678393352e-01,-1.6578114162e-02,2.2006279445e-03
20,1.1641222224e-01,-1.4440197157e-02,2.1347947719e-03
21,1.1606200203e-01,-1.2370013030e-02,2.0598729743e-03
22,1.1573842897e-01,-1.0375948429e-02,1.9759335222e-03
23,1.1544665912e-01,-8.4663900012e-03,1.8830845068e-03
24,1.1519184856e-01,-6.6497243930e-03,1.7814854725e-03

Region 4 (25 circles):
Circle_Index,Center_X,Center_Y,Radius
0,1.1497915338e-01,-4.9343382519e-03,1.6713703987e-03
1,1.1481372965e-01,-3.3286182253e-03,1.5530855310e-03
2,1.1470073345e-01,-1.8409509603e-03,1.4289202759e-03
3,1.1464307569e-01,-4.7628031764e-04,1.4219787401e-03
4,1.1462276459e-01,1.0016494732e-03,1.5302303819e-03
5,1.1463521398e-01,2.5839919123e-03,1.6303958488e-03
6,1.1467583773e-01,4.2619004999e-03,1.7220982097e-03
7,1.1474004969e-01,6.0265287361e-03,1.8050878423e-03
8,1.1482326371e-01,7.8690301210e-03,1.8791995749e-03
9,1.1492089363e-01,9.7805581549e-03,1.9443269655e-03
10,1.1502835332e-01,1.1752266338e-02,2.0004065361e-03
11,1.1514105662e-01,1.3775308170e-02,2.0474080636e-03
12,1.1525441739e-01,1.5840837152e-02,2.0853287458e-03
13,1.1536384947e-01,1.7940006783e-02,2.1141900037e-03
14,1.1546476672e-01,2.0063970564e-02,2.1340362242e-03
15,1.1555258300e-01,2.2203881995e-02,2.1449350782e-03
16,1.1562271214e-01,2.4350894576e-02,2.1469792756e-03
17,1.1567056801e-01,2.6496161807e-02,2.1402897895e-03
18,1.1569156446e-01,2.8630837188e-02,2.1250207396e-03
19,1.1568111533e-01,3.0746074220e-02,2.1013662864e-03
20,1.1563463448e-01,3.2833026403e-02,2.0695700910e-03
21,1.1554753576e-01,3.4882847236e-02,2.0299381481e-03
22,1.1541523303e-01,3.6886690221e-02,1.9828561435e-03
23,1.1523314013e-01,3.8835708856e-02,1.9288129511e-03
24,1.1499667091e-01,4.0721056643e-02,1.8684324863e-03

Region 5 (25 circles):
Circle_Index,Center_X,Center_Y,Radius
0,1.1470123924e-01,4.2533887082e-02,1.8025168896e-03
1,1.1434225895e-01,4.4265353672e-02,1.7321048218e-03
2,1.1391514391e-01,4.5906609914e-02,1.6585492008e-03
3,1.1341530796e-01,4.7448809307e-02,1.5836181367e-03
4,1.1283816495e-01,4.8883105353e-02,1.5096191823e-03
5,1.1217912874e-01,5.0200651551e-02,1.4395365512e-03
6,1.1143361318e-01,5.1392601402e-02,1.3771481745e-03
7,1.1059703212e-01,5.2450108405e-02,1.3270510394e-03
8,1.0966479941e-01,5.3364326061e-02,1.2944813774e-03
9,1.0863232890e-01,5.4126407870e-02,1.2848187454e-03
10,1.0749503445e-01,5.4727507332e-02,1.3027830416e-03
11,1.0624832991e-01,5.5158777947e-02,2.0977798093e-03
12,1.0346549522e-01,5.5886324437e-02,2.9160770096e-03
13,1.0060292737e-01,5.6622786487e-02,2.9941728398e-03
14,9.7663123998e-02,5.7367080893e-02,3.0696250275e-03
15,9.4648582762e-02,5.8118124451e-02,3.1424352745e-03
16,9.1561801310e-02,5.8874833958e-02,3.2126055290e-03
17,8.8405277291e-02,5.9636126208e-02,3.2801379740e-03
18,8.5181508354e-02,6.0400917999e-02,3.3450350194e-03
19,8.1892992151e-02,6.1168126125e-02,3.4072992988e-03
20,7.8542226329e-02,6.1936667382e-02,3.4669336681e-03
21,7.5131708539e-02,6.2705458568e-02,3.5239412074e-03
22,7.1663936430e-02,6.3473416476e-02,3.5783252246e-03
23,6.8141407653e-02,6.4239457903e-02,3.6300892619e-03
24,6.4566619856e-02,6.5002499646e-02,3.6792371035e-03

Region 6 (25 circles):
Circle_Index,Center_X,Center_Y,Radius
0,6.0942070689e-02,6.5761458499e-02,3.7257727853e-03
1,5.7270257803e-02,6.6515251260e-02,3.7697006065e-03
2,5.3553678846e-02,6.7262794723e-02,3.8110251432e-03
3,4.9794831468e-02,6.8003005684e-02,3.8497512632e-03
4,4.5996213320e-02,6.8734800940e-02,3.8858841435e-03
5,4.2160322050e-02,6.9457097286e-02,3.9194292890e-03
6,3.8289655308e-02,7.0168811518e-02,3.9503925537e-03
7,3.4386710744e-02,7.0868860432e-02,3.9787801641e-03
8,3.0453986008e-02,7.1556160824e-02,4.0045987449e-03
9,2.6493978748e-02,7.2229629490e-02,4.0278553470e-03
10,2.2509186616e-02,7.2888183225e-02,4.0485574791e-03
11,1.8502107260e-02,7.3530738825e-02,4.0667131415e-03
12,1.4475238331e-02,7.4156213087e-02,4.0823308637e-03
13,1.0431077477e-02,7.4763522807e-02,4.0954197458e-03
14,6.3721223483e-03,7.5351584779e-02,4.1059895035e-03
15,2.3008705949e-03,7.5919315800e-02,4.1140505184e-03
16,-1.7801801337e-03,7.6465632666e-02,4.1196138922e-03
17,-5.8685321879e-03,7.6989452172e-02,4.1226915078e-03
18,-9.9616879181e-03,7.7489691115e-02,4.1232960954e-03
19,-1.4057149675e-02,7.7965266291e-02,4.1214413060e-03
20,-1.8152419808e-02,7.8415094494e-02,4.1171417926e-03
21,-2.2245000668e-02,7.8838092522e-02,4.1104133001e-03
22,-2.6332394606e-02,7.9233177170e-02,4.1012727643e-03
23,-3.0412103971e-02,7.9599265233e-02,4.0897384222e-03
24,-3.4481631114e-02,7.9935273509e-02,4.0758299341e-03

Region 7 (25 circles):
Circle_Index,Center_X,Center_Y,Radius
0,-3.8538478386e-02,8.0240118792e-02,4.0595685191e-03
1,-4.2580148136e-02,8.0512717878e-02,4.0409771066e-03
2,-4.6604142716e-02,8.0751987564e-02,4.0200805042e-03
3,-5.0607964475e-02,8.0956844644e-02,3.9969055850e-03
4,-5.4589115764e-02,8.1126205916e-02,3.9714814977e-03
5,-5.8545098933e-02,8.1258988175e-02,3.9438399005e-03
6,-6.2473416333e-02,8.1354108217e-02,3.9140152234e-03
7,-6.6371570313e-02,8.1410482837e-02,3.8820449620e-03
8,-7.0237063225e-02,8.1427028832e-02,3.8479700075e-03
9,-7.4067397418e-02,8.1402662997e-02,3.8118350168e-03
10,-7.7860075243e-02,8.1336302128e-02,3.7736888294e-03
11,-8.1612599050e-02,8.1226863022e-02,3.7335849358e-03
12,-8.5322471190e-02,8.1073262473e-02,3.6915820055e-03
13,-8.8987194013e-02,8.0874417279e-02,3.6477444819e-03
14,-9.2604269870e-02,8.0629244234e-02,3.6021432525e-03
15,-9.6171201110e-02,8.0336660134e-02,3.5548564048e-03
16,-9.9685490084e-02,7.9995581776e-02,3.5059700788e-03
17,-1.0314463914e-01,7.9604925956e-02,3.4555794262e-03
18,-1.0654615064e-01,7.9163609469e-02,3.4037896907e-03
19,-1.0988752691e-01,7.8670549110e-02,3.3507174220e-03
20,-1.1316627033e-01,7.8124661677e-02,3.2964918355e-03
21,-1.1637988323e-01,7.7524863964e-02,3.2412563329e-03
22,-1.1952586796e-01,7.6870072768e-02,3.1851701930e-03
23,-1.2260172688e-01,7.6159204885e-02,3.1284104422e-03
24,-1.2560496234e-01,7.5391177110e-02,3.0711739084e-03

Region 8 (25 circles):
Circle_Index,Center_X,Center_Y,Radius
0,-1.2853307669e-01,7.4564906239e-02,3.0136794524e-03
1,-1.3138357227e-01,7.3679309068e-02,2.9561703616e-03
2,-1.3415395144e-01,7.2733302394e-02,2.8989168717e-03
3,-1.3684171655e-01,7.1725803011e-02,2.8422187591e-03
4,-1.3944436995e-01,7.0655727716e-02,2.7864079142e-03
5,-1.4195941399e-01,6.9521993304e-02,2.7318507665e-03
6,-1.4438435101e-01,6.8323516572e-02,2.6789503783e-03
7,-1.4671668338e-01,6.7059214316e-02,2.2818346259e-03
8,-1.4831834691e-01,6.6017361824e-02,1.8940311322e-03
9,-1.4975581533e-01,6.4809816555e-02,1.8739227219e-03
10,-1.5103294710e-01,6.3443196719e-02,1.8790987224e-03
11,-1.5215360074e-01,6.1924120525e-02,1.9067981055e-03
12,-1.5312163471e-01,6.0259206184e-02,1.9536625441e-03
13,-1.5394090751e-01,5.8455071906e-02,2.0161132784e-03
14,-1.5461527763e-01,5.6518335900e-02,2.0906683756e-03
15,-1.5514860356e-01,5.4455616378e-02,2.1741512960e-03
16,-1.5554474379e-01,5.2273531548e-02,2.2637917418e-03
17,-1.5580755679e-01,4.9978699622e-02,2.3572464367e-03
18,-1.5594090107e-01,4.7577738809e-02,2.4525721210e-03
19,-1.5594863511e-01,4.5077267319e-02,2.5481763007e-03
20,-1.5583461740e-01,4.2483903363e-02,2.6427620414e-03
21,-1.5560270642e-01,3.9804265150e-02,2.7352755297e-03
22,-1.5525676067e-01,3.7044970891e-02,2.8248601745e-03
23,-1.5480063863e-01,3.4212638795e-02,2.9108182299e-03
24,-1.5423819879e-01,3.1313887074e-02,2.9925795547e-03

Region 9 (34 circles):
Circle_Index,Center_X,Center_Y,Radius
0,-1.5357329964e-01,2.8355333936e-02,3.0696765744e-03
1,-1.5280979967e-01,2.5343597592e-02,3.1417243874e-03
2,-1.5195155737e-01,2.2285296252e-02,3.2084050264e-03
3,-1.5100243122e-01,1.9187048127e-02,3.2694550247e-03
4,-1.4996627971e-01,1.6055471426e-02,3.3246555927e-03
5,-1.4884696133e-01,1.2897184359e-02,3.3738248501e-03
6,-1.4764833458e-01,9.7188051360e-03,3.4168116774e-03
7,-1.4637425793e-01,6.5269519679e-03,3.4534908492e-03
8,-1.4502858987e-01,3.3282430645e-03,3.4837591869e-03
9,-1.4361518890e-01,1.2929663580e-04,3.5075325313e-03
10,-1.4213791351e-01,-3.0632691081e-03,3.5247433824e-03
11,-1.4060062217e-01,-6.2428359571e-03,3.5353390893e-03
12,-1.3900717338e-01,-9.4027857012e-03,3.5392805077e-03
13,-1.3736142563e-01,-1.2536500130e-02,3.5365410614e-03
14,-1.3566723740e-01,-1.5637361034e-02,3.5271061690e-03
15,-1.3392846719e-01,-1.8698750202e-02,3.5109730130e-03
16,-1.3214897348e-01,-2.1714049426e-02,3.4881506452e-03
17,-1.3033261476e-01,-2.4676640493e-02,3.4586604399e-03
18,-1.2848324952e-01,-2.7579905196e-02,3.4225369242e-03
19,-1.2660473625e-01,-3.0417225322e-02,3.3798290341e-03
20,-1.2470093343e-01,-3.3181982663e-02,3.3306018711e-03
21,-1.2277569955e-01,-3.5867559008e-02,3.2749390644e-03
22,-1.2083289311e-01,-3.8467336147e-02,3.2129458833e-03
23,-1.1887637258e-01,-4.0974695871e-02,3.1447532989e-03
24,-1.1690999646e-01,-4.3383019968e-02,3.0705232622e-03
25,-1.1493762324e-01,-4.5685690229e-02,2.9904555649e-03
26,-1.1296311141e-01,-4.7876088443e-02,2.9047967755e-03
27,-1.1099031945e-01,-4.9947596402e-02,2.8138519215e-03
28,-1.0902310584e-01,-5.1893595894e-02,2.7179998239e-03
29,-1.0706532909e-01,-5.3707468709e-02,2.6177133054e-03
30,-1.0512084768e-01,-5.5382596638e-02,2.5135858914e-03
31,-1.0319352009e-01,-5.6912361470e-02,2.4063671097e-03
32,-1.0128720482e-01,-5.8290144995e-02,2.2970089861e-03
33,-9.9405760347e-02,-5.9509329003e-02,2.1867266562e-03
