Region Metadata for: shape_6.txt
================================================================================

REGION DEFINITION: Circle union (one circle per point)
  Each point gets a circle with radius = average distance to neighbors

Total vertices: 240
Number of regions: 10
Points per region:
  Region 0: 24 points
  Region 1: 24 points
  Region 2: 24 points
  Region 3: 24 points
  Region 4: 24 points
  Region 5: 24 points
  Region 6: 24 points
  Region 7: 24 points
  Region 8: 24 points
  Region 9: 24 points

REGION SUMMARY:
Region_Index,Num_Points,BBox_Min_X,BBox_Max_X,BBox_Min_Y,BBox_Max_Y,Normal_X,Normal_Y,Tangent_X,Tangent_Y,Fitted_Circle_X,Fitted_Circle_Y,Fitted_Circle_Radius,Local_AoA_Rad,Union_Area,Collection_Area
0,24,-1.3288856563e-01,-5.3448772128e-02,-7.6558044509e-02,-1.4103582180e-02,-0.6078568244,-0.7940466491,-0.7940466491,0.6078568244,3.7482590051e-01,5.6896367705e-01,7.7339156072e-01,-9.17437588e-01,7.49047735e-04,3.74841395e-04
1,24,-5.8923142850e-02,4.0903227338e-02,-1.2427956781e-01,-6.9790017725e-02,-0.4496073944,-0.8932262820,-0.8932262820,0.4496073944,1.5054765391e-01,2.1372514521e-01,3.5327254542e-01,-1.10447057e+00,9.36811414e-04,4.71799951e-04
2,24,3.6973763614e-02,1.0724904524e-01,-1.2777302706e-01,-9.7971546158e-02,0.3021731928,-0.9532530417,-0.9532530417,-0.3021731928,6.2115663962e-02,-7.6076820820e-02,4.9055419443e-02,-1.87776792e+00,4.76262272e-04,2.43877915e-04
3,24,1.0213635907e-01,1.3643289567e-01,-1.0198552960e-01,-1.4962962823e-03,0.9617489680,-0.2739323322,-0.2739323322,-0.9617489680,-1.1241405663e-01,1.1818699748e-02,2.4479990173e-01,-2.86411326e+00,8.35084421e-04,4.21126501e-04
4,24,1.2274103263e-01,1.3780259081e-01,-5.9046892211e-03,7.2847822038e-02,0.9940473816,0.1089486260,0.1089486260,-0.9940473816,-8.0821264817e-03,2.5464136782e-02,1.4236182083e-01,3.03242734e+00,5.41731819e-04,2.74708989e-04
5,24,5.4141669511e-02,1.2470083341e-01,5.6509186267e-02,7.5493263401e-02,-0.1819116893,0.9833148719,0.9833148719,0.1819116893,1.2620342311e-01,-1.0179356848e-01,1.7481705460e-01,1.38786610e+00,4.08515538e-04,2.06325958e-04
6,24,-1.6826714613e-02,5.7393034456e-02,5.2176049548e-02,6.4452084662e-02,0.0284595678,0.9995949445,0.9995949445,-0.0284595678,2.6641787699e-02,1.8279533918e-01,-1.2757874230e-01,1.59925974e+00,4.33549361e-04,2.14967010e-04
7,24,-1.0590124834e-01,-1.3059416384e-02,5.7741659881e-02,7.8257229143e-02,0.1541354910,0.9880497206,0.9880497206,-0.1541354910,-1.6237443442e-01,-5.6396793528e-01,6.4189986545e-01,1.72554876e+00,6.67194616e-04,3.34587754e-04
8,24,-1.5264107016e-01,-1.0250893214e-01,4.6702038912e-02,7.8304089015e-02,-0.5012829171,0.8652834432,0.8652834432,0.5012829171,-1.2021528061e-01,4.4194022312e-02,3.1709063973e-02,1.04571553e+00,3.27907593e-04,1.67857458e-04
9,24,-1.5295535745e-01,-1.2998461958e-01,-1.7052340701e-02,4.9473594938e-02,-0.9593747103,-0.2821350123,-0.2821350123,0.9593747103,-3.9100201882e-02,4.4591578436e-02,1.1084766349e-01,-2.86018804e-01,3.81548449e-04,1.94282857e-04

DETAILED CIRCLE DATA:

Region 0 (24 circles):
Circle_Index,Center_X,Center_Y,Radius
0,-1.3056286577e-01,-1.6429282039e-02,2.3256998586e-03
1,-1.2840250007e-01,-1.8305172418e-02,2.9303192505e-03
2,-1.2612702891e-01,-2.0259449421e-02,3.0659633918e-03
3,-1.2374005052e-01,-2.2287864025e-02,3.1961961148e-03
4,-1.2124516315e-01,-2.4386167207e-02,3.3210210287e-03
5,-1.1864596504e-01,-2.6550109946e-02,3.4404427427e-03
6,-1.1594605443e-01,-2.8775443218e-02,3.5544667594e-03
7,-1.1314902956e-01,-3.1057918001e-02,3.6630994105e-03
8,-1.1025848869e-01,-3.3393285273e-02,3.7663478212e-03
9,-1.0727803004e-01,-3.5777296010e-02,3.8642198981e-03
10,-1.0421125187e-01,-3.8205701190e-02,3.9567243346e-03
11,-1.0106175241e-01,-4.0674251792e-02,4.0438706311e-03
12,-9.7833129909e-02,-4.3178698791e-02,4.1256691282e-03
13,-9.4528982609e-02,-4.5714793165e-02,4.2021310507e-03
14,-9.1152908753e-02,-4.8278285893e-02,4.2732685640e-03
15,-8.7708506583e-02,-5.0864927951e-02,4.3390948406e-03
16,-8.4199374342e-02,-5.3470470317e-02,4.3996241373e-03
17,-8.0629110272e-02,-5.6090663968e-02,4.4548718858e-03
18,-7.7001312616e-02,-5.8721259882e-02,4.5048547944e-03
19,-7.3319579616e-02,-6.1358009036e-02,4.5495909645e-03
20,-6.9587509515e-02,-6.3996662407e-02,4.5891000221e-03
21,-6.5808700557e-02,-6.6632970974e-02,4.6234032664e-03
22,-6.1986750983e-02,-6.9262685712e-02,4.6525238378e-03
23,-5.8125259035e-02,-7.1881557601e-02,4.6764869075e-03

Region 1 (24 circles):
Circle_Index,Center_X,Center_Y,Radius
0,-5.4227822958e-02,-7.4485337617e-02,4.6953198918e-03
1,-5.0298040993e-02,-7.7069776738e-02,4.7090526947e-03
2,-4.6339511383e-02,-7.9630625941e-02,4.7177179827e-03
3,-4.2355832370e-02,-8.2163636203e-02,4.7213514967e-03
4,-3.8350602198e-02,-8.4664558502e-02,4.7199924062e-03
5,-3.4327419108e-02,-8.7129143816e-02,4.7136837132e-03
6,-3.0289881344e-02,-8.9553143122e-02,4.7024727121e-03
7,-2.6241587148e-02,-9.1932307397e-02,4.6864115170e-03
8,-2.2186134763e-02,-9.4262387619e-02,4.6655576639e-03
9,-1.8127122431e-02,-9.6539134765e-02,4.6399748031e-03
10,-1.4068148395e-02,-9.8758299812e-02,4.6097334957e-03
11,-1.0012810898e-02,-1.0091563374e-01,4.5749121308e-03
12,-5.9647081822e-03,-1.0300688752e-01,4.5355979856e-03
13,-1.9274384902e-03,-1.0502781214e-01,4.4918884521e-03
14,2.0953999352e-03,-1.0697415857e-01,4.4438924587e-03
15,6.1002088515e-03,-1.0884167778e-01,4.3917321217e-03
16,1.0083390016e-02,-1.1062612077e-01,4.3355446654e-03
17,1.4041345186e-02,-1.1232323849e-01,4.2754846584e-03
18,1.7970476119e-02,-1.1392878194e-01,4.2117266196e-03
19,2.1867184572e-02,-1.1543850209e-01,4.1444680563e-03
20,2.5727872303e-02,-1.1684814991e-01,4.0739330056e-03
21,2.9548941069e-02,-1.1815347639e-01,4.0003761575e-03
22,3.3326792628e-02,-1.1935023249e-01,3.9240876468e-03
23,3.7057828736e-02,-1.2043416921e-01,3.8453986020e-03

Region 2 (24 circles):
Circle_Index,Center_X,Center_Y,Radius
0,4.0738451152e-02,-1.2140103751e-01,3.7646875375e-03
1,4.4365061631e-02,-1.2224658837e-01,3.6823876632e-03
2,4.7934061933e-02,-1.2296657278e-01,3.5989951501e-03
3,5.1441853814e-02,-1.2355674170e-01,3.5150783346e-03
4,5.4884839032e-02,-1.2401284612e-01,3.4312877430e-03
5,5.8259419344e-02,-1.2433063701e-01,3.3483666572e-03
6,6.1561996507e-02,-1.2450586535e-01,3.2671617113e-03
7,6.4788972279e-02,-1.2453428212e-01,3.1886326741e-03
8,6.7936748417e-02,-1.2441163829e-01,3.1138601426e-03
9,7.1001726678e-02,-1.2413368485e-01,3.0440493503e-03
10,7.3980308820e-02,-1.2369617276e-01,2.9805277544e-03
11,7.6868896601e-02,-1.2309485302e-01,2.9247336476e-03
12,7.9663891777e-02,-1.2232547658e-01,2.7680115054e-03
13,8.2144508857e-02,-1.2143067583e-01,2.6532100513e-03
14,8.4568425493e-02,-1.2031261192e-01,2.6932445934e-03
15,8.6935531405e-02,-1.1897857840e-01,2.7475347984e-03
16,8.9245716315e-02,-1.1743586884e-01,2.8136202757e-03
17,9.1498869943e-02,-1.1569177680e-01,2.8891519213e-03
18,9.3694882010e-02,-1.1375359586e-01,2.9719641064e-03
19,9.5833642237e-02,-1.1162861957e-01,3.0601122875e-03
20,9.7915040344e-02,-1.0932414150e-01,3.1518840273e-03
21,9.9938966053e-02,-1.0684745521e-01,3.2457921308e-03
22,1.0190530908e-01,-1.0420585427e-01,3.3405573382e-03
23,1.0381395916e-01,-1.0140663224e-01,3.4350860785e-03

Region 3 (24 circles):
Circle_Index,Center_X,Center_Y,Radius
0,1.0566480600e-01,-9.8457082681e-02,3.5284469215e-03
1,1.0745773932e-01,-9.5364499166e-02,3.6198478904e-03
2,1.0919264885e-01,-9.2136175254e-02,3.7086157620e-03
3,1.1086942430e-01,-8.8779404511e-02,3.7941778142e-03
4,1.1248795540e-01,-8.5301480501e-02,3.8760460832e-03
5,1.1404813187e-01,-8.1709696787e-02,3.9538039850e-03
6,1.1554984343e-01,-7.8011346935e-02,4.0270950542e-03
7,1.1699297980e-01,-7.4213724508e-02,4.0956135216e-03
8,1.1837743069e-01,-7.0324123071e-02,4.1590964619e-03
9,1.1970308584e-01,-6.6349836188e-02,4.2173172608e-03
10,1.2096983496e-01,-6.2298157423e-02,4.2700801854e-03
11,1.2217756778e-01,-5.8176380341e-02,4.3172158725e-03
12,1.2332617400e-01,-5.3991798506e-02,4.3585775784e-03
13,1.2441554337e-01,-4.9751705483e-02,4.3940380605e-03
14,1.2544556558e-01,-4.5463394834e-02,4.4234869854e-03
15,1.2641613037e-01,-4.1134160126e-02,4.4468287752e-03
16,1.2732712746e-01,-3.6771294921e-02,4.4639808227e-03
17,1.2817844657e-01,-3.2382092785e-02,4.4748720163e-03
18,1.2896997742e-01,-2.7973847282e-02,4.4794415313e-03
19,1.2970160972e-01,-2.3553851975e-02,4.4776378489e-03
20,1.3037323321e-01,-1.9129400430e-02,4.4694179764e-03
21,1.3098473759e-01,-1.4707786210e-02,4.4547468470e-03
22,1.3153601260e-01,-1.0296302880e-02,4.4335968841e-03
23,1.3202694795e-01,-5.9022440037e-03,4.4059477214e-03

Region 4 (24 circles):
Circle_Index,Center_X,Center_Y,Radius
0,1.3245743336e-01,-1.5329031461e-03,4.3717860750e-03
1,1.3282735856e-01,2.8044261289e-03,4.3311057706e-03
2,1.3313661326e-01,7.1024502569e-03,4.2839079338e-03
3,1.3338508719e-01,1.1353875674e-02,4.2302013594e-03
4,1.3357267006e-01,1.5551408815e-02,4.1700030847e-03
5,1.3369925161e-01,1.9687756117e-02,4.1033392008e-03
6,1.3376472154e-01,2.3755624014e-02,4.0302459513e-03
7,1.3376896957e-01,2.7747718943e-02,3.9507711838e-03
8,1.3371188544e-01,3.1656747340e-02,3.8649762459e-03
9,1.3359335886e-01,3.5475415639e-02,3.7729384459e-03
10,1.3341327955e-01,3.9196430277e-02,3.6747542472e-03
11,1.3317153724e-01,4.2812497690e-02,3.5705434218e-03
12,1.3286802163e-01,4.6316324313e-02,3.4604544804e-03
13,1.3250262246e-01,4.9700616582e-02,3.3446718132e-03
14,1.3207522944e-01,5.2958080932e-02,3.2234251548e-03
15,1.3158573230e-01,5.6081423800e-02,3.0970022345e-03
16,1.3103402076e-01,5.9063351621e-02,2.9657658391e-03
17,1.3041998453e-01,6.1896570831e-02,2.8301770344e-03
18,1.2974351334e-01,6.4573787865e-02,2.2961181446e-03
19,1.2912642901e-01,6.6297539023e-02,1.7776920240e-03
20,1.2828309646e-01,6.7801771140e-02,1.6984521972e-03
21,1.2722373161e-01,6.9095857490e-02,1.6722637465e-03
22,1.2595855038e-01,7.0189171345e-02,1.6944549410e-03
23,1.2449776868e-01,7.1091085980e-02,1.7567360572e-03

Region 5 (24 circles):
Circle_Index,Center_X,Center_Y,Radius
0,1.2285160245e-01,7.1810974668e-02,1.8492309522e-03
1,1.2103026761e-01,7.2358210681e-02,1.9624134919e-03
2,1.1904398006e-01,7.2742167292e-02,2.0882027443e-03
3,1.1690295574e-01,7.2972217776e-02,2.2202463435e-03
4,1.1461741056e-01,7.3057735404e-02,2.3537518784e-03
5,1.1219756046e-01,7.3008093451e-02,2.4851699500e-03
6,1.0965362133e-01,7.2832665189e-02,2.6118838455e-03
7,1.0699580912e-01,7.2540823892e-02,2.7319579682e-03
8,1.0423433973e-01,7.2141942832e-02,2.8439497301e-03
9,1.0137942909e-01,7.1645395284e-02,2.9467739350e-03
10,9.8441293122e-02,7.1060554520e-02,3.0396064273e-03
11,9.5430147744e-02,7.0396793813e-02,3.1218158597e-03
12,9.2356208878e-02,6.9663486436e-02,3.1929152454e-03
13,8.9229692445e-02,6.8870005663e-02,3.2525273856e-03
14,8.6060814365e-02,6.8025724768e-02,3.3003600712e-03
15,8.2859790559e-02,6.7140017022e-02,3.3361882517e-03
16,7.9636836948e-02,6.6222255699e-02,3.3598412498e-03
17,7.6402169453e-02,6.5281814073e-02,3.3711937228e-03
18,7.3166003995e-02,6.4328065417e-02,3.3701594998e-03
19,6.9938556494e-02,6.3370383003e-02,3.3566877389e-03
20,6.6730042872e-02,6.2418140105e-02,3.3307610828e-03
21,6.3550679048e-02,6.1480709996e-02,3.2923956912e-03
22,6.0410680945e-02,6.0567465950e-02,3.2416432138e-03
23,5.7320264483e-02,5.9687781239e-02,3.1785949723e-03

Region 6 (24 circles):
Circle_Index,Center_X,Center_Y,Radius
0,5.4289645582e-02,5.8851029137e-02,3.1033888739e-03
1,5.1329040164e-02,5.8066582917e-02,3.0162199283e-03
2,4.8448664150e-02,5.7343815852e-02,2.9173557579e-03
3,4.5658733459e-02,5.6692101215e-02,2.8071592785e-03
4,4.2969464014e-02,5.6120812280e-02,2.6861219840e-03
5,4.0391071734e-02,5.5639322319e-02,2.5549132790e-03
6,3.7933772541e-02,5.5257004606e-02,2.4144545797e-03
7,3.5607782356e-02,5.4983232414e-02,2.2660322114e-03
8,3.3423317100e-02,5.4827379016e-02,2.1114715144e-03
9,3.1390592692e-02,5.4798817685e-02,2.3455126220e-03
10,2.8733869705e-02,5.4884372369e-02,2.7083228205e-03
11,2.5979532606e-02,5.5036688276e-02,2.8072031248e-03
12,2.3131814356e-02,5.5252191592e-02,2.9027925796e-03
13,2.0194947917e-02,5.5527308497e-02,2.9947987879e-03
14,1.7173166252e-02,5.5858465176e-02,3.0829824140e-03
15,1.4070702322e-02,5.6242087810e-02,3.1671466717e-03
16,1.0891789091e-02,5.6674602582e-02,3.2471291643e-03
17,7.6406595205e-03,5.7152435675e-02,3.3227955170e-03
18,4.3215465723e-03,5.7672013272e-02,3.3940343863e-03
19,9.3868320890e-04,5.8229761555e-02,3.4607535302e-03
20,-2.5036976075e-03,5.8822106706e-02,3.5228766999e-03
21,-6.0013629146e-03,5.9445474910e-02,3.5803411759e-03
22,-9.5500797503e-03,6.0096292347e-02,3.6330958082e-03
23,-1.3145615152e-02,6.0770985202e-02,3.6810994603e-03

Region 7 (24 circles):
Circle_Index,Center_X,Center_Y,Radius
0,-1.6783736158e-02,6.1465979656e-02,3.7243197749e-03
1,-2.0460209806e-02,6.2177701892e-02,3.7627322028e-03
2,-2.4170803134e-02,6.2902578093e-02,3.7963192461e-03
3,-2.7911283179e-02,6.3637034442e-02,3.8250698838e-03
4,-3.1677416980e-02,6.4377497121e-02,3.8489791489e-03
5,-3.5464971573e-02,6.5120392313e-02,3.8680478416e-03
6,-3.9269713997e-02,6.5862146201e-02,3.8822823605e-03
7,-4.3087411290e-02,6.6599184967e-02,3.8916946454e-03
8,-4.6913830489e-02,6.7327934794e-02,3.8963022232e-03
9,-5.0744738632e-02,6.8044821865e-02,3.8961283575e-03
10,-5.4575902758e-02,6.8746272362e-02,3.8912023009e-03
11,-5.8403089903e-02,6.9428712468e-02,3.8815596558e-03
12,-6.2222067105e-02,7.0088568366e-02,3.8672428515e-03
13,-6.6028601402e-02,7.0722266238e-02,3.8483017472e-03
14,-6.9818459833e-02,7.1326232267e-02,3.8247943782e-03
15,-7.3587409435e-02,7.1896892635e-02,3.7967878622e-03
16,-7.7331217245e-02,7.2430673527e-02,3.7643594928e-03
17,-8.1045650301e-02,7.2924001123e-02,3.7275980463e-03
18,-8.4726475642e-02,7.3373301607e-02,3.6866053426e-03
19,-8.8369460304e-02,7.3775001161e-02,3.6414981010e-03
20,-9.1970371327e-02,7.4125525968e-02,3.5924101469e-03
21,-9.5524975746e-02,7.4421302211e-02,3.5394950324e-03
22,-9.9029040602e-02,7.4658756073e-02,3.4829291470e-03
23,-1.0247833293e-01,7.4834313735e-02,3.4229154079e-03

Region 8 (24 circles):
Circle_Index,Center_X,Center_Y,Radius
0,-1.0586861977e-01,7.4944401382e-02,3.3596876336e-03
1,-1.0919566816e-01,7.4985445194e-02,3.2935157174e-03
2,-1.1245524513e-01,7.4953871356e-02,3.2247117296e-03
3,-1.1564311773e-01,7.4846106050e-02,3.1536370836e-03
4,-1.1875505299e-01,7.4658575458e-02,3.0807108920e-03
5,-1.2178681795e-01,7.4387705763e-02,3.0064196140e-03
6,-1.2473417965e-01,7.4029923148e-02,2.9313280316e-03
7,-1.2759290512e-01,7.3581653796e-02,2.8560914702e-03
8,-1.3035876140e-01,7.3039323888e-02,2.7814689787e-03
9,-1.3302751554e-01,7.2399359609e-02,2.7083368532e-03
10,-1.3559493457e-01,7.1658187140e-02,2.6377014123e-03
11,-1.3805678552e-01,7.0812232664e-02,2.5707092656e-03
12,-1.4040883544e-01,6.9857922364e-02,2.1568207423e-03
13,-1.4196944434e-01,6.9011505737e-02,1.7782276767e-03
14,-1.4337841866e-01,6.7921976558e-02,1.8031092105e-03
15,-1.4463989030e-01,6.6602968538e-02,1.8620275930e-03
16,-1.4575799119e-01,6.5068115391e-02,1.9464043533e-03
17,-1.4673685325e-01,6.3331050826e-02,2.0481331345e-03
18,-1.4758060839e-01,6.1405408557e-02,2.1603043382e-03
19,-1.4829338853e-01,5.9304822294e-02,2.2773905105e-03
20,-1.4887932560e-01,5.7042925750e-02,2.3951261292e-03
21,-1.4934255151e-01,5.4633352636e-02,2.5102770166e-03
22,-1.4968719818e-01,5.2089736664e-02,2.6204055578e-03
23,-1.4991739753e-01,4.9425711546e-02,2.7236726340e-03

Region 9 (24 circles):
Circle_Index,Center_X,Center_Y,Radius
0,-1.5003728147e-01,4.6654910993e-02,2.8186839442e-03
1,-1.5005098194e-01,4.3790968718e-02,2.9043755067e-03
2,-1.4996263085e-01,4.0847518432e-02,2.9799299610e-03
3,-1.4977636011e-01,3.7838193847e-02,3.0447158488e-03
4,-1.4949630164e-01,3.4776628674e-02,3.0982436469e-03
5,-1.4912658738e-01,3.1676456625e-02,3.1401339263e-03
6,-1.4867134922e-01,2.8551311413e-02,3.1700943158e-03
7,-1.4813471910e-01,2.5414826749e-02,3.1879029391e-03
8,-1.4752082893e-01,2.2280636344e-02,3.1933967132e-03
9,-1.4683381064e-01,1.9162373910e-02,3.1864634232e-03
10,-1.4607779613e-01,1.6073673159e-02,3.1670368874e-03
11,-1.4525691733e-01,1.3028167804e-02,3.1350948331e-03
12,-1.4437530616e-01,1.0039491555e-02,3.0906593852e-03
13,-1.4343709454e-01,7.1212781240e-03,3.0338003370e-03
14,-1.4244641439e-01,4.2871612235e-03,2.9646416951e-03
15,-1.4140739763e-01,1.5507745648e-03,2.8833724032e-03
16,-1.4032417616e-01,-1.0742481402e-03,2.7902627510e-03
17,-1.3920088193e-01,-3.5742731799e-03,2.6856888774e-03
18,-1.3804164684e-01,-5.9356668424e-03,2.5701692081e-03
19,-1.3685060281e-01,-8.1447954160e-03,2.4444189566e-03
20,-1.3563188176e-01,-1.0188025189e-02,2.3094325332e-03
21,-1.3438961561e-01,-1.2051722449e-02,2.1666096736e-03
22,-1.3312793628e-01,-1.3722253486e-02,2.0179503328e-03
23,-1.3185097570e-01,-1.5185984586e-02,1.8663561153e-03
