Region Metadata for: shape_0.txt
================================================================================

REGION DEFINITION: Circle union (one circle per point)
  Each point gets a circle with radius = average distance to neighbors

Total vertices: 204
Number of regions: 10
Points per region:
  Region 0: 20 points
  Region 1: 20 points
  Region 2: 20 points
  Region 3: 20 points
  Region 4: 20 points
  Region 5: 20 points
  Region 6: 20 points
  Region 7: 20 points
  Region 8: 20 points
  Region 9: 24 points

REGION SUMMARY:
Region_Index,Num_Points,BBox_Min_X,BBox_Max_X,BBox_Min_Y,BBox_Max_Y,Normal_X,Normal_Y,Tangent_X,Tangent_Y,Fitted_Circle_X,Fitted_Circle_Y,Fitted_Circle_Radius,Local_AoA_Rad,Union_Area,Collection_Area
0,20,-1.0899327291e-01,-6.2651074647e-02,-1.1291720186e-01,-7.3404194973e-02,-0.6399274894,-0.7684352987,-0.7684352987,0.6399274894,-2.6030982681e-02,-2.0020902447e-02,9.8197692496e-02,-8.76392426e-01,3.19933216e-04,1.62896400e-04
1,20,-6.5769479846e-02,1.2184244154e-03,-1.1730326426e-01,-9.9092239992e-02,0.1271157177,-0.9918878940,-0.9918878940,-0.1271157177,-4.5970225631e-02,-3.1134337756e-02,8.2929090090e-02,-1.69825689e+00,4.50413374e-04,2.28446790e-04
2,20,-3.4512681586e-03,8.4952045545e-02,-1.0640890650e-01,-5.9353204465e-02,0.4325674196,-0.9016015902,-0.9016015902,-0.4325674196,-1.5763782937e-01,3.3139460391e-01,4.6146198141e-01,-2.01813479e+00,8.47883379e-04,4.25971711e-04
3,20,7.9822046250e-02,1.3644440755e-01,-6.5897960536e-02,-1.0443753059e-02,0.6984652692,-0.7156439532,-0.7156439532,-0.6984652692,2.7853092866e-02,4.8330141922e-02,1.2288478457e-01,-2.34404703e+00,5.40121325e-04,2.73652763e-04
4,20,1.3062119039e-01,1.5173403585e-01,-1.4340526206e-02,7.2916863514e-02,0.9873163698,-0.1587651914,-0.1587651914,-0.9873163698,-5.1244455116e-02,6.0267710396e-02,1.9868077542e-01,-2.98215280e+00,7.11462901e-04,3.60256021e-04
5,20,9.7224252667e-02,1.5055968012e-01,6.9020978790e-02,1.1281552821e-01,0.6187858082,0.7855597518,0.7855597518,-0.6187858082,1.1179716812e-01,7.2719101483e-02,3.5071387674e-02,2.23799245e+00,4.98665487e-04,2.56190655e-04
6,20,-1.1095348633e-02,1.0187999012e-01,9.6666041401e-02,1.1492962066e-01,-0.0605796498,0.9981633664,0.9981633664,0.0605796498,7.2145963315e-02,-3.0666333203e-01,4.1627558926e-01,1.51017956e+00,1.15863635e-03,5.83642924e-04
7,20,-1.1405732807e-01,-5.2004235557e-03,6.6302649572e-02,1.0724072886e-01,-0.2954541354,0.9553569248,0.9553569248,0.2954541354,5.7000430884e-02,-2.9684905683e-01,4.0391567305e-01,1.27086549e+00,1.16458016e-03,5.86746474e-04
8,20,-1.4849821675e-01,-1.0889203340e-01,1.4018687143e-02,7.3550670435e-02,-0.8589613675,0.5120403979,0.5120403979,0.8589613675,-1.0674518947e-01,2.9524005707e-02,3.8700649600e-02,5.37558538e-01,5.12913917e-04,2.63322973e-04
9,24,-1.4723563876e-01,-1.0476723324e-01,-7.6458304911e-02,1.7982158014e-02,-0.9267570856,-0.3756611562,-0.3756611562,0.9267570856,1.8987208410e-01,1.0048947125e-01,3.4454873064e-01,-3.85110080e-01,7.90532084e-04,3.98057514e-04

DETAILED CIRCLE DATA:

Region 0 (20 circles):
Circle_Index,Center_X,Center_Y,Radius
0,-1.0640840749e-01,-7.5989060386e-02,2.5848654133e-03
1,-1.0528859905e-01,-7.7870538000e-02,2.2519837040e-03
2,-1.0399805126e-01,-7.9791794363e-02,2.3735326007e-03
3,-1.0254670884e-01,-8.1744013100e-02,2.4876326589e-03
4,-1.0094451650e-01,-8.3718377836e-02,2.5931975368e-03
5,-9.9201418947e-02,-8.5706072195e-02,2.6894353564e-03
6,-9.7327360889e-02,-8.7698279801e-02,2.7757672196e-03
7,-9.5332287037e-02,-8.9686184279e-02,2.8517716541e-03
8,-9.3226142102e-02,-9.1660969253e-02,2.9171465980e-03
9,-9.1018870791e-02,-9.3613818348e-02,2.9716833901e-03
10,-8.8720417816e-02,-9.5535915187e-02,3.0152491480e-03
11,-8.6340727885e-02,-9.7418443396e-02,3.0477751832e-03
12,-8.3889745709e-02,-9.9252586599e-02,3.0692499478e-03
13,-8.1377415997e-02,-1.0102952842e-01,3.0797155799e-03
14,-7.8813683459e-02,-1.0274045248e-01,3.0792675296e-03
15,-7.6208492804e-02,-1.0437654241e-01,3.0680570550e-03
16,-7.3571788742e-02,-1.0592898184e-01,3.0462966487e-03
17,-7.0913515982e-02,-1.0738895438e-01,3.0142686960e-03
18,-6.8243619235e-02,-1.0874764365e-01,2.9723379332e-03
19,-6.5572043210e-02,-1.0999623330e-01,2.9209685626e-03

Region 1 (20 circles):
Circle_Index,Center_X,Center_Y,Radius
0,-6.2908732616e-02,-1.1112590693e-01,2.8607472297e-03
1,-6.0263632164e-02,-1.1212784818e-01,2.7924134583e-03
2,-5.7646686562e-02,-1.1299324066e-01,2.7168995687e-03
3,-5.5067840521e-02,-1.1371326800e-01,2.6353824574e-03
4,-5.2537038750e-02,-1.1427911384e-01,2.5493496865e-03
5,-5.0064225958e-02,-1.1468196178e-01,2.4606816128e-03
6,-4.7659346856e-02,-1.1491299546e-01,2.3717488381e-03
7,-4.5332346153e-02,-1.1496339850e-01,2.2855184922e-03
8,-4.3093168559e-02,-1.1482435453e-01,2.2056516106e-03
9,-4.0951758783e-02,-1.1448704716e-01,2.8162171061e-03
10,-3.7567879914e-02,-1.1374343051e-01,3.5251956677e-03
11,-3.4079256243e-02,-1.1291442483e-01,3.6434980052e-03
12,-3.0492207722e-02,-1.1200219795e-01,3.7560510498e-03
13,-2.6813054306e-02,-1.1100891768e-01,3.8627512138e-03
14,-2.3048115947e-02,-1.0993675185e-01,3.9635142841e-03
15,-1.9203712601e-02,-1.0878786827e-01,4.0582716416e-03
16,-1.5286164219e-02,-1.0756443475e-01,4.1469673709e-03
17,-1.1301790756e-02,-1.0626861913e-01,4.2295560332e-03
18,-7.2569121658e-03,-1.0490258921e-01,4.3060009413e-03
19,-3.1578484012e-03,-1.0346851281e-01,4.3762728165e-03

Region 2 (20 circles):
Circle_Index,Center_X,Center_Y,Radius
0,9.8908058393e-04,-1.0196855775e-01,4.4403487425e-03
1,5.1775548359e-03,-1.0040489186e-01,4.4982113512e-03
2,9.4012544013e-03,-9.8779682945e-02,4.5498481937e-03
3,1.3653859326e-02,-9.7095098827e-02,4.5952512613e-03
4,1.7929049658e-02,-9.5353307324e-02,4.6344166290e-03
5,2.2220505441e-02,-9.3556476256e-02,4.6673442046e-03
6,2.6521906724e-02,-9.1706773439e-02,4.6940375663e-03
7,3.0826933552e-02,-8.9806366692e-02,4.7145038822e-03
8,3.5129265972e-02,-8.7857423835e-02,4.7287539028e-03
9,3.9422584031e-02,-8.5862112684e-02,4.7368020254e-03
10,4.3700567773e-02,-8.3822601058e-02,4.7386664272e-03
11,4.7956897247e-02,-8.1741056776e-02,4.7343692718e-03
12,5.2185252499e-02,-7.9619647656e-02,4.7239369909e-03
13,5.6379313574e-02,-7.7460541516e-02,4.7074006495e-03
14,6.0532760519e-02,-7.5265906174e-02,4.6847964041e-03
15,6.4639273382e-02,-7.3037909450e-02,4.6561660659e-03
16,6.8692532207e-02,-7.0778719160e-02,4.6215577876e-03
17,7.2686217042e-02,-6.8490503124e-02,4.5810268931e-03
18,7.6614007933e-02,-6.6175429159e-02,4.5346368789e-03
19,8.0469584926e-02,-6.3835665084e-02,4.4824606191e-03

Region 3 (20 circles):
Circle_Index,Center_X,Center_Y,Radius
0,8.4246628068e-02,-6.1473378718e-02,4.4245818184e-03
1,8.7938817405e-02,-5.9090737878e-02,4.3610967646e-03
2,9.1539832984e-02,-5.6689910383e-02,4.2921164480e-03
3,9.5043354851e-02,-5.4273064051e-02,4.2177691321e-03
4,9.8443063052e-02,-5.1842366700e-02,4.1382034797e-03
5,1.0173263763e-01,-4.9399986149e-02,4.0535923690e-03
6,1.0490575864e-01,-4.6948090217e-02,3.9641375658e-03
7,1.0795610613e-01,-4.4488846721e-02,3.8700754628e-03
8,1.1087736013e-01,-4.2024423479e-02,3.7716841510e-03
9,1.1366320070e-01,-3.9556988310e-02,3.6692921514e-03
10,1.1630730788e-01,-3.7088709033e-02,3.5632892120e-03
11,1.1880336172e-01,-3.4621753465e-02,3.4541396630e-03
12,1.2114504227e-01,-3.2158289425e-02,3.3423989040e-03
13,1.2332602957e-01,-2.9700484731e-02,3.2287336677e-03
14,1.2534000367e-01,-2.7250507202e-02,2.9150906778e-03
15,1.2691018470e-01,-2.5105032901e-02,2.7640563791e-03
16,1.2845686198e-01,-2.2688115717e-02,2.9711965083e-03
17,1.2997550384e-01,-2.0016645557e-02,3.1698364773e-03
18,1.3146157862e-01,-1.7107512332e-02,3.3578788570e-03
19,1.3291055466e-01,-1.3977605949e-02,3.5338528903e-03

Region 4 (20 circles):
Circle_Index,Center_X,Center_Y,Radius
0,1.3431790027e-01,-1.0643816318e-02,3.6967098884e-03
1,1.3567908381e-01,-7.1230333467e-03,3.8456919784e-03
2,1.3698957360e-01,-3.4321469446e-03,3.9802465888e-03
3,1.3824483798e-01,4.1195297976e-04,4.0999698291e-03
4,1.3944034528e-01,4.3923765175e-03,4.2045684675e-03
5,1.4057156383e-01,8.4922337599e-03,4.2938341492e-03
6,1.4163396197e-01,1.2694634798e-02,4.3676258815e-03
7,1.4262300804e-01,1.6982689724e-02,4.4258582740e-03
8,1.4353417036e-01,2.1339508627e-02,4.4684939428e-03
9,1.4436291728e-01,2.5748201600e-02,4.4955390805e-03
10,1.4510471712e-01,3.0191878734e-02,4.5070415954e-03
11,1.4575503822e-01,3.4653650120e-02,4.5030915100e-03
12,1.4630934892e-01,3.9116625849e-02,4.4838235357e-03
13,1.4676311754e-01,4.3563916013e-02,4.4494219402e-03
14,1.4711181242e-01,4.7978630702e-02,4.4001280283e-03
15,1.4735090190e-01,5.2343880008e-02,4.3362507870e-03
16,1.4747585431e-01,5.6642774022e-02,4.2581815357e-03
17,1.4748213799e-01,6.0858422836e-02,4.1664137981e-03
18,1.4736522126e-01,6.4973936539e-02,4.0615701254e-03
19,1.4712057246e-01,6.8972425225e-02,3.9444382895e-03

Region 5 (20 circles):
Circle_Index,Center_X,Center_Y,Radius
0,1.4674365993e-01,7.2836998983e-02,3.8160201935e-03
1,1.4622995200e-01,7.6550767906e-02,3.6775980439e-03
2,1.4557491700e-01,8.0096842084e-02,3.5308237484e-03
3,1.4477402327e-01,8.3458331609e-02,3.3778388694e-03
4,1.4382273914e-01,8.6618346571e-02,3.2214329054e-03
5,1.4271653295e-01,8.9559997063e-02,3.0652450677e-03
6,1.4145087302e-01,9.2266393175e-02,2.9140045083e-03
7,1.4002122771e-01,9.4720644998e-02,2.7737780722e-03
8,1.3842306533e-01,9.6905862624e-02,2.6521431207e-03
9,1.3665185422e-01,9.8805156144e-02,2.5581257310e-03
10,1.3470306272e-01,1.0040163565e-01,2.5016819263e-03
11,1.3257215915e-01,1.0167841123e-01,2.4925620210e-03
12,1.3025461187e-01,1.0261859298e-01,3.1318174268e-03
13,1.2664809683e-01,1.0369121653e-01,3.8291513493e-03
14,1.2287793554e-01,1.0467206262e-01,3.9612471748e-03
15,1.1895071577e-01,1.0556219245e-01,4.0911749968e-03
16,1.1487302533e-01,1.0636266721e-01,4.2183456558e-03
17,1.1065145199e-01,1.0707454810e-01,4.3422653362e-03
18,1.0629258355e-01,1.0769889633e-01,4.4625186952e-03
19,1.0180300779e-01,1.0823677308e-01,4.5787551265e-03

Region 6 (20 circles):
Circle_Index,Center_X,Center_Y,Radius
0,9.7189312517e-02,1.0868923956e-01,4.6906775997e-03
1,9.2458085509e-02,1.0905735696e-01,4.7980335953e-03
2,8.7615914557e-02,1.0934218648e-01,4.9006077334e-03
3,8.2669387453e-02,1.0954478932e-01,4.9982157695e-03
4,7.7625091986e-02,1.0966622667e-01,5.0906996910e-03
5,7.2489615945e-02,1.0970755975e-01,5.1779237023e-03
6,6.7269547122e-02,1.0966984973e-01,5.2597709286e-03
7,6.1971473304e-02,1.0955415782e-01,5.3361407018e-03
8,5.6601982283e-02,1.0936154522e-01,5.4069463219e-03
9,5.1167661848e-02,1.0909307313e-01,5.4721132049e-03
10,4.5675099789e-02,1.0874980274e-01,5.5315773510e-03
11,4.0130883896e-02,1.0833279525e-01,5.5852840756e-03
12,3.4541601959e-02,1.0784311187e-01,5.6331869603e-03
13,2.8913841766e-02,1.0728181377e-01,5.6752469883e-03
14,2.3254191110e-02,1.0664996218e-01,5.7114318347e-03
15,1.7569237778e-02,1.0594861827e-01,5.7417152912e-03
16,1.1865569562e-02,1.0517884326e-01,5.7660768064e-03
17,6.1497742499e-03,1.0434169833e-01,5.7845011264e-03
18,4.2843963290e-04,1.0343824469e-01,5.7969780279e-03
19,-5.2918464996e-03,1.0246954353e-01,5.8035021331e-03

Region 7 (20 circles):
Circle_Index,Center_X,Center_Y,Radius
0,-1.1004496358e-02,1.0143665606e-01,5.8040728021e-03
1,-1.6702922152e-02,1.0034064346e-01,5.7986941003e-03
2,-2.2380536092e-02,9.9182566945e-02,5.7873748372e-03
3,-2.8030750388e-02,9.7963487701e-02,5.7701286799e-03
4,-3.3646977250e-02,9.6684466930e-02,5.7469743418e-03
5,-3.9222628889e-02,9.5346565829e-02,5.7179358530e-03
6,-4.4751117514e-02,9.3950845596e-02,5.6830429182e-03
7,-5.0225855337e-02,9.2498367430e-02,5.6423313724e-03
8,-5.5640254566e-02,9.0990192528e-02,5.5958437458e-03
9,-6.0987727412e-02,8.9427382087e-02,5.5436299559e-03
10,-6.6261686086e-02,8.7810997306e-02,5.4857481444e-03
11,-7.1455542797e-02,8.6142099382e-02,5.4222656852e-03
12,-7.6562709755e-02,8.4421749513e-02,5.3532603938e-03
13,-8.1576599171e-02,8.2651008897e-02,5.2788219766e-03
14,-8.6490623256e-02,8.0830938732e-02,5.1990537672e-03
15,-9.1298194218e-02,7.8962600215e-02,5.1140748070e-03
16,-9.5992724268e-02,7.7047054545e-02,5.0240223438e-03
17,-1.0056762562e-01,7.5085362918e-02,4.9290548346e-03
18,-1.0501631047e-01,7.3078586534e-02,4.8293555652e-03
19,-1.0933219105e-01,7.1027786589e-02,4.7251370174e-03

Region 8 (20 circles):
Circle_Index,Center_X,Center_Y,Radius
0,-1.1350867956e-01,6.8934024282e-02,4.6166461530e-03
1,-1.1753918820e-01,6.6798360810e-02,4.5041708126e-03
2,-1.2141712919e-01,6.4621857371e-02,4.3880474752e-03
3,-1.2513591475e-01,6.2405575163e-02,4.2686706664e-03
4,-1.2868895707e-01,6.0150575384e-02,4.1465043539e-03
5,-1.3206966837e-01,5.7857919231e-02,4.0220957081e-03
6,-1.3527146086e-01,5.5528667903e-02,3.3453117326e-03
7,-1.3734045130e-01,5.3745739527e-02,2.7147781283e-03
8,-1.3914034041e-01,5.1735409873e-02,2.7028343547e-03
9,-1.4068081211e-01,4.9509070197e-02,2.7298526546e-03
10,-1.4197155032e-01,4.7078111757e-02,2.7895429325e-03
11,-1.4302223896e-01,4.4453925811e-02,2.8750919592e-03
12,-1.4384256195e-01,4.1647903616e-02,2.9798704184e-03
13,-1.4444220321e-01,3.8671436430e-02,3.0978917721e-03
14,-1.4483084665e-01,3.5535915511e-02,3.2240191659e-03
15,-1.4501817621e-01,3.2252732115e-02,3.3539903146e-03
16,-1.4501387579e-01,2.8833277501e-02,3.4843409634e-03
17,-1.4482762931e-01,2.5288942927e-02,3.6122874357e-03
18,-1.4446912070e-01,2.1631119650e-02,3.7356039576e-03
19,-1.4394803388e-01,1.7871198927e-02,3.8525117842e-03

Region 9 (24 circles):
Circle_Index,Center_X,Center_Y,Radius
0,-1.4327405276e-01,1.4020572016e-02,3.9615859981e-03
1,-1.4245686126e-01,1.0090630175e-02,4.0616802225e-03
2,-1.4150614331e-01,6.0927646619e-03,4.1518671362e-03
3,-1.4043158282e-01,2.0383667334e-03,4.2313920203e-03
4,-1.3924286371e-01,-2.0611723523e-03,4.2996366685e-03
5,-1.3794966990e-01,-6.1944613378e-03,4.3560913772e-03
6,-1.3656168531e-01,-1.0350108965e-02,4.4003331697e-03
7,-1.3508859386e-01,-1.4516723978e-02,4.4320088081e-03
8,-1.3354007947e-01,-1.8682915117e-02,4.4508214808e-03
9,-1.3192582606e-01,-2.2837291125e-02,4.4565203149e-03
10,-1.3025551754e-01,-2.6968460745e-02,4.4488920669e-03
11,-1.2853883785e-01,-3.1065032719e-02,4.4277545021e-03
12,-1.2678547089e-01,-3.5115615790e-02,4.3929510865e-03
13,-1.2500510059e-01,-3.9108818699e-02,4.3443467080e-03
14,-1.2320741086e-01,-4.3033250189e-02,4.2818242057e-03
15,-1.2140208562e-01,-4.6877519004e-02,4.2052815394e-03
16,-1.1959880881e-01,-5.0630233884e-02,4.1146294690e-03
17,-1.1780726432e-01,-5.4280003572e-02,4.0097896416e-03
18,-1.1603713609e-01,-5.7815436811e-02,3.8906930060e-03
19,-1.1429810803e-01,-6.1225142344e-02,3.7572784942e-03
20,-1.1259986406e-01,-6.4497728912e-02,3.6094919177e-03
21,-1.1095208810e-01,-6.7621805257e-02,3.4472850415e-03
22,-1.0936446408e-01,-7.0585980123e-02,3.2706148041e-03
23,-1.0784667590e-01,-7.3378862252e-02,3.0794426584e-03
