NODE
622 -0.04238945834401906 0.00016124925252148593
621 -0.042863383420732835 0.0003183512439654149
620 -0.04333538435050143 0.00048114144278669336
619 -0.043805218020573536 0.0006500828447935479
618 -0.04427259202603687 0.0008257119038598231
617 -0.04473715035045255 0.0010086557813427928
616 -0.04519845364137833 0.0011996549349103246
615 -0.04565595134211611 0.0013995929154840773
614 -0.04610894188573064 0.0016095359430798668
613 -0.04655651493469432 0.0018307847783411702
612 -0.046997460009012164 0.002064953934873441
611 -0.04743010310263192 0.002314114645338118
610 -0.047852084764366115 0.0025809156024458307
609 -0.04825994151574525 0.002868818658269529
608 -0.04864838403583865 0.0031823729097243936
607 -0.049012502938989365 0.0035237456391019896
606 -0.04932942938187733 0.003904586644859593
605 -0.04953385238371518 0.004360040727870088
604 -0.049691252176842504 0.004833304422826518
603 -0.049708937340814045 0.005327771105835258
602 -0.04951485962703857 0.005785871084751679
601 -0.04923900407513583 0.006201740076039742
600 -0.048919988991484586 0.006584041844802414
599 -0.048499400858223664 0.006851999455281716
598 -0.04806514650622506 0.007097958462851609
597 -0.04761397100040881 0.007311520568262467
596 -0.047150999308526884 0.007498292403113041
595 -0.04667977324537309 0.0076632109418330345
594 -0.04620256529170474 0.007809967349622704
593 -0.045720888652756295 0.007941343334597124
592 -0.04523579081429484 0.008059480827087365
591 -0.04474802102975762 0.008166063836940012
590 -0.044258130517419135 0.0082624411471042
589 -0.043766534410904834 0.00834971093810747
588 -0.04327355181349304 0.008428780377791578
587 -0.04277943234046362 0.008500408522079254
586 -0.042284374289601745 0.008565237784592176
585 -0.0417885374302465 0.008623817429575078
584 -0.041292051874222344 0.00867662174516405
583 -0.040795024863260344 0.008724063273662451
582 -0.040297545537243976 0.008766503243249327
581 -0.0397996886649652 0.008804260606968251
580 -0.03930151749901824 0.008837618725096611
579 -0.03880308585585121 0.008866830775265863
578 -0.0383044398518493 0.00889212415436426
577 -0.037805619211401575 0.008913704100272523
576 -0.03730665835887889 0.0089317566875717
575 -0.036807587232597416 0.008946451327862794
574 -0.036308431997043485 0.008957942865471575
573 -0.0358092156070366 0.008966373347933038
572 -0.03530995826583069 0.00897187352960347
571 -0.03481067781572275 0.00897456415531194
570 -0.034311390083006967 0.008974557062267352
569 -0.03381210907732108 0.008971956130332671
568 -0.033312847275517074 0.008966858104726295
567 -0.0328136158331531 0.008959353312794942
566 -0.03231442465128631 0.008949526288142487
565 -0.031815282641455465 0.00893745632092937
564 -0.03131619776338561 0.008923217939346435
563 -0.030817177122362992 0.008906881335101174
562 -0.030318227125284872 0.008888512742984396
561 -0.02981935350843068 0.008868174775011896
560 -0.029320561404851047 0.008845926719176984
559 -0.028821855415481042 0.008821824807051617
558 -0.028323239689134666 0.008795922454766427
557 -0.027824717920302187 0.00876827047589829
556 -0.027326293410531576 0.008738917276137428
555 -0.026827969111896353 0.008707909028696741
554 -0.026329747659626153 0.008675289832745979
553 -0.025831631376796678 0.008641101855366214
552 -0.02533362236831531 0.008605385466703207
551 -0.02483572240558338 0.008568179348924997
550 -0.024337933128065852 0.008529520617542833
549 -0.02384025591301917 0.00848944490954088
548 -0.023342691963814895 0.008447986479242506
547 -0.022845242327309175 0.008405178281809433
546 -0.0223479078563433 0.008361052045176951
545 -0.021850689295152284 0.00831563834657334
544 -0.021353587230769237 0.00826896667200899
543 -0.02085660212887915 0.008221065478188004
542 -0.020359734348628034 0.008171962248258016
541 -0.019862984131852602 0.008121683540976856
540 -0.01936635163254948 0.008070255040143647
539 -0.018869836909180895 0.008017701597008094
538 -0.01837343993888603 0.007964047271810161
537 -0.017877160618584687 0.007909315371169132
536 -0.01738099878094796 0.007853528484537806
535 -0.016884954183589578 0.007796708515349013
534 -0.01638902652888837 0.007738876713413216
533 -0.015893215475684074 0.007680053704552863
532 -0.015397520599073853 0.0076202595121877765
531 -0.014901941445166456 0.007559513588454539
530 -0.014406477514187017 0.0074978348353881355
529 -0.01391112827782887 0.007435241628795817
528 -0.013415893176185295 0.0073717518383279055
527 -0.012920771573929351 0.007307382840919063
526 -0.01242576282875304 0.007242151547493704
525 -0.011930866368247504 0.007176074430454213
524 -0.01143608132660654 0.007109167491040973
523 -0.010941407056141163 0.007041446342584061
522 -0.010446842742685323 0.0069729261731325785
521 -0.009952387795203833 0.0069036218126072675
520 -0.009458041366171377 0.0068335476790453275
519 -0.008963802589845048 0.006762717823030037
518 -0.00846967078285989 0.006691145968250699
517 -0.007975645052870541 0.006618845466173915
516 -0.00748172457100612 0.006545829345239018
515 -0.006987908499116665 0.006472110310167999
514 -0.0064941959925249315 0.006397700751559946
513 -0.006000586246491535 0.006322612761718321
512 -0.005507078370807484 0.006246858123917949
511 -0.005013671495137685 0.0061704483361174085
510 -0.00452036475764952 0.00609339461683907
509 -0.004027157295290692 0.006015707910846638
508 -0.0035340482722979105 0.0059373989004952304
507 -0.0030410368299633576 0.005858478004317991
506 -0.0025481220767181833 0.005778955381453364
505 -0.002055303153296996 0.005698840947969462
504 -0.0015625793403695287 0.00561814440037713
503 -0.001069949383840738 0.005536875110118309
502 -0.0005774128972422731 0.005455042359361048
501 -8.496884937925026e-05 0.005372655097057852
707 -0.00040798501742005425 -0.005271066044414181
706 -0.0009068346739157463 -0.00525014203569297
705 -0.0014056610693704591 -0.005228670193783641
704 -0.0019044632190096179 -0.005206641903766908
703 -0.002403240070048696 -0.005184048336834205
702 -0.002901990563987002 -0.0051608804429924835
701 -0.003400713594452184 -0.005137128948156683
700 -0.0038994080154754274 -0.005112784348816714
699 -0.00439807268771171 -0.005087836904483337
698 -0.0048967063118111115 -0.005062276640577119
697 -0.005395308125449749 -0.005036093306392624
696 -0.005893875186973698 -0.005009276513239791
695 -0.006392407705815999 -0.0049818154448624564
694 -0.00689090372488081 -0.00495369913340682
693 -0.007389361688835834 -0.004924916316399353
692 -0.00788778003422319 -0.004895455450975305
691 -0.008386157138484573 -0.004865304709038636
690 -0.0088844912654447 -0.00483445197264977
689 -0.009382780650828978 -0.004802884820475173
688 -0.009881023451250859 -0.004770590521981102
687 -0.010379217709754687 -0.004737556030463933
686 -0.01087736139306201 -0.004703767970950009
685 -0.011375452459183626 -0.00466921262506436
684 -0.011873488706093801 -0.004633875930355716
683 -0.012371467855827998 -0.004597743463136965
682 -0.012869387515375301 -0.004560800429073159
681 -0.013367245224276854 -0.004523031646760759
680 -0.01386503838974462 -0.004484421538847858
679 -0.014362764315102172 -0.0044449541154779485
678 -0.01486042018264761 -0.004404612959627565
677 -0.015358003052646183 -0.004363381211162009
676 -0.01585550985432816 -0.004321241551523609
675 -0.016352937375686192 -0.004278176185333245
674 -0.01685028225738195 -0.004234166821371314
673 -0.017347541004995606 -0.004189194650619929
672 -0.01784470994645111 -0.004143240327827207
671 -0.018341785241455636 -0.004096283947042388
670 -0.018838762876807844 -0.0040483050167136585
669 -0.01933563864396756 -0.003999282434759975
668 -0.019832408143341383 -0.003949194459194198
667 -0.02032906675284581 -0.0038980186802199243
666 -0.020825609633300546 -0.0038457319864411395
665 -0.021322031705398817 -0.003792310531486918
664 -0.02181832764050314 -0.003737729696572075
663 -0.022314491833493155 -0.0036819640521131036
662 -0.02281051840764349 -0.003624987312608933
661 -0.023306401172435216 -0.0035667722932852925
660 -0.023802133615364693 -0.003507290859137932
659 -0.02429770889265109 -0.0034465138697072064
658 -0.02479311971903055 -0.0033844111317789
657 -0.025288358617920167 -0.003320951301702706
656 -0.025783417425890156 -0.003256101876079546
655 -0.026278287680998214 -0.0031898290645459666
654 -0.02677296043025154 -0.003122097728629179
653 -0.027267426146789214 -0.0030528713000705907
652 -0.027761674776942896 -0.002982111672539784
651 -0.028255695650520888 -0.0029097791022195305
650 -0.02874947743799965 -0.0028358320912703666
649 -0.029243008092072812 -0.002760227261376359
648 -0.029736274803672767 -0.002682919211332285
647 -0.030229263922424116 -0.002603860364528571
646 -0.03072196087580613 -0.002523000799360806
645 -0.0312143500854327 -0.0024402880603566174
644 -0.03170641490257569 -0.002355666943310265
643 -0.0321981374659954 -0.0022690792676831506
642 -0.032689498571336954 -0.0021804636182001062
641 -0.03318047759497182 -0.002089755042608937
640 -0.03367105229726903 -0.0019968847317944163
639 -0.03416119861443498 -0.0019017796579938163
638 -0.03465089054466385 -0.001804362142417869
637 -0.035140099861555016 -0.001704549394655696
636 -0.035628795792502437 -0.0016022529893854158
635 -0.03611694488327657 -0.0014973782200166919
634 -0.03660451041613722 -0.0013898234464844116
633 -0.03709145219757683 -0.0012794792474195916
632 -0.037577725915525335 -0.0011662275248925079
631 -0.03806328261470069 -0.0010499404160891864
630 -0.03854806802796939 -0.0009304790333194845
629 -0.03903202170497681 -0.0008076920052355924
628 -0.03951507605045391 -0.0006814137378123855
627 -0.039997155115222935 -0.0005514623636246176
626 -0.040478173064515816 -0.0004176373123208027
625 -0.040958032475540466 -0.00027971634435537647
624 -0.04143662195171104 -0.00013745203784337027
623 -0.04191381338522997 9.432562312770873e-06
*
TOPO
1 4 622 621
2 4 621 620
3 4 620 619
4 4 619 618
5 4 618 617
6 4 617 616
7 4 616 615
8 4 615 614
9 4 614 613
10 4 613 612
11 4 612 611
12 4 611 610
13 4 610 609
14 4 609 608
15 4 608 607
16 4 607 606
17 4 606 605
18 4 605 604
19 4 604 603
20 4 603 602
21 4 602 601
22 4 601 600
23 4 600 599
24 4 599 598
25 4 598 597
26 4 597 596
27 4 596 595
28 4 595 594
29 4 594 593
30 4 593 592
31 4 592 591
32 4 591 590
33 4 590 589
34 4 589 588
35 4 588 587
36 4 587 586
37 4 586 585
38 4 585 584
39 4 584 583
40 4 583 582
41 4 582 581
42 4 581 580
43 4 580 579
44 4 579 578
45 4 578 577
46 4 577 576
47 4 576 575
48 4 575 574
49 4 574 573
50 4 573 572
51 4 572 571
52 4 571 570
53 4 570 569
54 4 569 568
55 4 568 567
56 4 567 566
57 4 566 565
58 4 565 564
59 4 564 563
60 4 563 562
61 4 562 561
62 4 561 560
63 4 560 559
64 4 559 558
65 4 558 557
66 4 557 556
67 4 556 555
68 4 555 554
69 4 554 553
70 4 553 552
71 4 552 551
72 4 551 550
73 4 550 549
74 4 549 548
75 4 548 547
76 4 547 546
77 4 546 545
78 4 545 544
79 4 544 543
80 4 543 542
81 4 542 541
82 4 541 540
83 4 540 539
84 4 539 538
85 4 538 537
86 4 537 536
87 4 536 535
88 4 535 534
89 4 534 533
90 4 533 532
91 4 532 531
92 4 531 530
93 4 530 529
94 4 529 528
95 4 528 527
96 4 527 526
97 4 526 525
98 4 525 524
99 4 524 523
100 4 523 522
101 4 522 521
102 4 521 520
103 4 520 519
104 4 519 518
105 4 518 517
106 4 517 516
107 4 516 515
108 4 515 514
109 4 514 513
110 4 513 512
111 4 512 511
112 4 511 510
113 4 510 509
114 4 509 508
115 4 508 507
116 4 507 506
117 4 506 505
118 4 505 504
119 4 504 503
120 4 503 502
121 4 502 501
122 4 707 706
123 4 706 705
124 4 705 704
125 4 704 703
126 4 703 702
127 4 702 701
128 4 701 700
129 4 700 699
130 4 699 698
131 4 698 697
132 4 697 696
133 4 696 695
134 4 695 694
135 4 694 693
136 4 693 692
137 4 692 691
138 4 691 690
139 4 690 689
140 4 689 688
141 4 688 687
142 4 687 686
143 4 686 685
144 4 685 684
145 4 684 683
146 4 683 682
147 4 682 681
148 4 681 680
149 4 680 679
150 4 679 678
151 4 678 677
152 4 677 676
153 4 676 675
154 4 675 674
155 4 674 673
156 4 673 672
157 4 672 671
158 4 671 670
159 4 670 669
160 4 669 668
161 4 668 667
162 4 667 666
163 4 666 665
164 4 665 664
165 4 664 663
166 4 663 662
167 4 662 661
168 4 661 660
169 4 660 659
170 4 659 658
171 4 658 657
172 4 657 656
173 4 656 655
174 4 655 654
175 4 654 653
176 4 653 652
177 4 652 651
178 4 651 650
179 4 650 649
180 4 649 648
181 4 648 647
182 4 647 646
183 4 646 645
184 4 645 644
185 4 644 643
186 4 643 642
187 4 642 641
188 4 641 640
189 4 640 639
190 4 639 638
191 4 638 637
192 4 637 636
193 4 636 635
194 4 635 634
195 4 634 633
196 4 633 632
197 4 632 631
198 4 631 630
199 4 630 629
200 4 629 628
201 4 628 627
202 4 627 626
203 4 626 625
204 4 625 624
205 4 624 623
206 4 623 622
*
ATTR
1 206 1
*
MATERIAL
1 0.0 15000000000.0 0.3 3000.0 0.0 3.0 1.0 0.0 0.0 1000.0 0.0 0.0 0.0 0.0 0.0 0.0 0.0 0.0
*
ITEMPERATURES
622 300.0
621 300.0
620 300.0
619 300.0
618 300.0
617 300.0
616 300.0
615 300.0
614 300.0
613 300.0
612 300.0
611 300.0
610 300.0
609 300.0
608 300.0
607 300.0
606 300.0
605 300.0
604 300.0
603 300.0
602 300.0
601 300.0
600 300.0
599 300.0
598 300.0
597 300.0
596 300.0
595 300.0
594 300.0
593 300.0
592 300.0
591 300.0
590 300.0
589 300.0
588 300.0
587 300.0
586 300.0
585 300.0
584 300.0
583 300.0
582 300.0
581 300.0
580 300.0
579 300.0
578 300.0
577 300.0
576 300.0
575 300.0
574 300.0
573 300.0
572 300.0
571 300.0
570 300.0
569 300.0
568 300.0
567 300.0
566 300.0
565 300.0
564 300.0
563 300.0
562 300.0
561 300.0
560 300.0
559 300.0
558 300.0
557 300.0
556 300.0
555 300.0
554 300.0
553 300.0
552 300.0
551 300.0
550 300.0
549 300.0
548 300.0
547 300.0
546 300.0
545 300.0
544 300.0
543 300.0
542 300.0
541 300.0
540 300.0
539 300.0
538 300.0
537 300.0
536 300.0
535 300.0
534 300.0
533 300.0
532 300.0
531 300.0
530 300.0
529 300.0
528 300.0
527 300.0
526 300.0
525 300.0
524 300.0
523 300.0
522 300.0
521 300.0
520 300.0
519 300.0
518 300.0
517 300.0
516 300.0
515 300.0
514 300.0
513 300.0
512 300.0
511 300.0
510 300.0
509 300.0
508 300.0
507 300.0
506 300.0
505 300.0
504 300.0
503 300.0
502 300.0
501 300.0
707 300.0
706 300.0
705 300.0
704 300.0
703 300.0
702 300.0
701 300.0
700 300.0
699 300.0
698 300.0
697 300.0
696 300.0
695 300.0
694 300.0
693 300.0
692 300.0
691 300.0
690 300.0
689 300.0
688 300.0
687 300.0
686 300.0
685 300.0
684 300.0
683 300.0
682 300.0
681 300.0
680 300.0
679 300.0
678 300.0
677 300.0
676 300.0
675 300.0
674 300.0
673 300.0
672 300.0
671 300.0
670 300.0
669 300.0
668 300.0
667 300.0
666 300.0
665 300.0
664 300.0
663 300.0
662 300.0
661 300.0
660 300.0
659 300.0
658 300.0
657 300.0
656 300.0
655 300.0
654 300.0
653 300.0
652 300.0
651 300.0
650 300.0
649 300.0
648 300.0
647 300.0
646 300.0
645 300.0
644 300.0
643 300.0
642 300.0
641 300.0
640 300.0
639 300.0
638 300.0
637 300.0
636 300.0
635 300.0
634 300.0
633 300.0
632 300.0
631 300.0
630 300.0
629 300.0
628 300.0
627 300.0
626 300.0
625 300.0
624 300.0
623 300.0
