# SPARTA_ELEMENT_ID SPARTA_NODE_ID_1 SPARTA_NODE_ID_2 AERO-S_NODE_ID... ACTIVE_FLAG
1 1 2 622 621 1
2 2 3 621 620 1
3 3 4 620 619 1
4 4 5 619 618 1
5 5 6 618 617 1
6 6 7 617 616 1
7 7 8 616 615 1
8 8 9 615 614 1
9 9 10 614 613 1
10 10 11 613 612 1
11 11 12 612 611 1
12 12 13 611 610 1
13 13 14 610 609 1
14 14 15 609 608 1
15 15 16 608 607 1
16 16 17 607 606 1
17 17 18 606 605 1
18 18 19 605 604 1
19 19 20 604 603 1
20 20 21 603 602 1
21 21 22 602 601 1
22 22 23 601 600 1
23 23 24 600 599 1
24 24 25 599 598 1
25 25 26 598 597 1
26 26 27 597 596 1
27 27 28 596 595 1
28 28 29 595 594 1
29 29 30 594 593 1
30 30 31 593 592 1
31 31 32 592 591 1
32 32 33 591 590 1
33 33 34 590 589 1
34 34 35 589 588 1
35 35 36 588 587 1
36 36 37 587 586 1
37 37 38 586 585 1
38 38 39 585 584 1
39 39 40 584 583 1
40 40 41 583 582 1
41 41 42 582 581 1
42 42 43 581 580 1
43 43 44 580 579 1
44 44 45 579 578 1
45 45 46 578 577 1
46 46 47 577 576 1
47 47 48 576 575 1
48 48 49 575 574 1
49 49 50 574 573 1
50 50 51 573 572 1
51 51 52 572 571 1
52 52 53 571 570 1
53 53 54 570 569 1
54 54 55 569 568 1
55 55 56 568 567 1
56 56 57 567 566 1
57 57 58 566 565 1
58 58 59 565 564 1
59 59 60 564 563 1
60 60 61 563 562 1
61 61 62 562 561 1
62 62 63 561 560 1
63 63 64 560 559 1
64 64 65 559 558 1
65 65 66 558 557 1
66 66 67 557 556 1
67 67 68 556 555 1
68 68 69 555 554 1
69 69 70 554 553 1
70 70 71 553 552 1
71 71 72 552 551 1
72 72 73 551 550 1
73 73 74 550 549 1
74 74 75 549 548 1
75 75 76 548 547 1
76 76 77 547 546 1
77 77 78 546 545 1
78 78 79 545 544 1
79 79 80 544 543 1
80 80 81 543 542 1
81 81 82 542 541 1
82 82 83 541 540 1
83 83 84 540 539 1
84 84 85 539 538 1
85 85 86 538 537 1
86 86 87 537 536 1
87 87 88 536 535 1
88 88 89 535 534 1
89 89 90 534 533 1
90 90 91 533 532 1
91 91 92 532 531 1
92 92 93 531 530 1
93 93 94 530 529 1
94 94 95 529 528 1
95 95 96 528 527 1
96 96 97 527 526 1
97 97 98 526 525 1
98 98 99 525 524 1
99 99 100 524 523 1
100 100 101 523 522 1
101 101 102 522 521 1
102 102 103 521 520 1
103 103 104 520 519 1
104 104 105 519 518 1
105 105 106 518 517 1
106 106 107 517 516 1
107 107 108 516 515 1
108 108 109 515 514 1
109 109 110 514 513 1
110 110 111 513 512 1
111 111 112 512 511 1
112 112 113 511 510 1
113 113 114 510 509 1
114 114 115 509 508 1
115 115 116 508 507 1
116 116 117 507 506 1
117 117 118 506 505 1
118 118 119 505 504 1
119 119 120 504 503 1
120 120 121 503 502 1
121 121 122 502 501 1
122 122 123 0
123 123 124 0
124 124 125 0
125 125 126 0
126 126 127 0
127 127 128 0
128 128 129 0
129 129 130 0
130 130 131 0
131 131 132 0
132 132 133 0
133 133 134 0
134 134 135 0
135 135 136 0
136 136 137 0
137 137 138 0
138 138 139 0
139 139 140 0
140 140 141 0
141 141 142 0
142 142 143 0
143 143 144 0
144 144 145 0
145 145 146 0
146 146 147 0
147 147 148 0
148 148 149 0
149 149 150 0
150 150 151 0
151 151 152 0
152 152 153 0
153 153 154 0
154 154 155 0
155 155 156 0
156 156 157 0
157 157 158 0
158 158 159 0
159 159 160 0
160 160 161 0
161 161 162 0
162 162 163 0
163 163 164 0
164 164 165 0
165 165 166 0
166 166 167 0
167 167 168 0
168 168 169 0
169 169 170 0
170 170 171 0
171 171 172 0
172 172 173 0
173 173 174 0
174 174 175 0
175 175 176 0
176 176 177 0
177 177 178 0
178 178 179 0
179 179 180 0
180 180 181 0
181 181 182 0
182 182 183 0
183 183 184 0
184 184 185 0
185 185 186 0
186 186 187 0
187 187 188 0
188 188 189 0
189 189 190 0
190 190 191 0
191 191 192 0
192 192 193 0
193 193 194 0
194 194 195 0
195 195 196 0
196 196 197 0
197 197 198 0
198 198 199 0
199 199 200 0
200 200 201 0
201 201 202 0
202 202 203 0
203 203 204 0
204 204 205 0
205 205 206 0
206 206 207 0
207 207 208 0
208 208 209 0
209 209 210 0
210 210 211 0
211 211 212 0
212 212 213 0
213 213 214 0
214 214 215 0
215 215 216 0
216 216 217 0
217 217 218 0
218 218 219 0
219 219 220 0
220 220 221 0
221 221 222 0
222 222 223 0
223 223 224 0
224 224 225 0
225 225 226 0
226 226 227 0
227 227 228 0
228 228 229 0
229 229 230 0
230 230 231 0
231 231 232 0
232 232 233 0
233 233 234 0
234 234 235 0
235 235 236 0
236 236 237 0
237 237 238 0
238 238 239 0
239 239 240 0
240 240 241 0
241 241 242 0
242 242 243 0
243 243 244 0
244 244 245 0
245 245 246 0
246 246 247 0
247 247 248 0
248 248 249 0
249 249 250 0
250 250 251 0
251 251 252 0
252 252 253 0
253 253 254 0
254 254 255 0
255 255 256 0
256 256 257 0
257 257 258 0
258 258 259 0
259 259 260 0
260 260 261 0
261 261 262 0
262 262 263 0
263 263 264 0
264 264 265 0
265 265 266 0
266 266 267 0
267 267 268 0
268 268 269 0
269 269 270 0
270 270 271 0
271 271 272 0
272 272 273 0
273 273 274 0
274 274 275 0
275 275 276 0
276 276 277 0
277 277 278 0
278 278 279 0
279 279 280 0
280 280 281 0
281 281 282 0
282 282 283 0
283 283 284 0
284 284 285 0
285 285 286 0
286 286 287 0
287 287 288 0
288 288 289 0
289 289 290 0
290 290 291 0
291 291 292 0
292 292 293 0
293 293 294 0
294 294 295 0
295 295 296 0
296 296 297 0
297 297 298 0
298 298 299 0
299 299 300 0
300 300 301 0
301 301 302 0
302 302 303 0
303 303 304 0
304 304 305 0
305 305 306 0
306 306 307 0
307 307 308 0
308 308 309 0
309 309 310 0
310 310 311 0
311 311 312 0
312 312 313 0
313 313 314 0
314 314 315 0
315 315 316 0
316 316 317 0
317 317 318 0
318 318 319 0
319 319 320 0
320 320 321 0
321 321 322 0
322 322 323 0
323 323 324 0
324 324 325 0
325 325 326 707 706 1
326 326 327 706 705 1
327 327 328 705 704 1
328 328 329 704 703 1
329 329 330 703 702 1
330 330 331 702 701 1
331 331 332 701 700 1
332 332 333 700 699 1
333 333 334 699 698 1
334 334 335 698 697 1
335 335 336 697 696 1
336 336 337 696 695 1
337 337 338 695 694 1
338 338 339 694 693 1
339 339 340 693 692 1
340 340 341 692 691 1
341 341 342 691 690 1
342 342 343 690 689 1
343 343 344 689 688 1
344 344 345 688 687 1
345 345 346 687 686 1
346 346 347 686 685 1
347 347 348 685 684 1
348 348 349 684 683 1
349 349 350 683 682 1
350 350 351 682 681 1
351 351 352 681 680 1
352 352 353 680 679 1
353 353 354 679 678 1
354 354 355 678 677 1
355 355 356 677 676 1
356 356 357 676 675 1
357 357 358 675 674 1
358 358 359 674 673 1
359 359 360 673 672 1
360 360 361 672 671 1
361 361 362 671 670 1
362 362 363 670 669 1
363 363 364 669 668 1
364 364 365 668 667 1
365 365 366 667 666 1
366 366 367 666 665 1
367 367 368 665 664 1
368 368 369 664 663 1
369 369 370 663 662 1
370 370 371 662 661 1
371 371 372 661 660 1
372 372 373 660 659 1
373 373 374 659 658 1
374 374 375 658 657 1
375 375 376 657 656 1
376 376 377 656 655 1
377 377 378 655 654 1
378 378 379 654 653 1
379 379 380 653 652 1
380 380 381 652 651 1
381 381 382 651 650 1
382 382 383 650 649 1
383 383 384 649 648 1
384 384 385 648 647 1
385 385 386 647 646 1
386 386 387 646 645 1
387 387 388 645 644 1
388 388 389 644 643 1
389 389 390 643 642 1
390 390 391 642 641 1
391 391 392 641 640 1
392 392 393 640 639 1
393 393 394 639 638 1
394 394 395 638 637 1
395 395 396 637 636 1
396 396 397 636 635 1
397 397 398 635 634 1
398 398 399 634 633 1
399 399 400 633 632 1
400 400 401 632 631 1
401 401 402 631 630 1
402 402 403 630 629 1
403 403 404 629 628 1
404 404 405 628 627 1
405 405 406 627 626 1
406 406 407 626 625 1
407 407 408 625 624 1
408 408 409 624 623 1
409 409 1 623 622 1
