Refined Surface (Ordered)

632 points
632 lines

Points

1 -1e-06 0.0
2 -9.999505812218129e-07 9.941585092861396e-09
3 -9.9980232977168e-07 1.9882187583876644e-08
4 -9.995552603023317e-07 2.9820824970776516e-08
5 -9.992093972328828e-07 3.9756514956658433e-08
6 -9.987647747486122e-07 4.9688275491849334e-08
7 -9.982214367948107e-07 5.961512495419136e-08
8 -9.975794370733321e-07 6.953608220523767e-08
9 -9.968388390379417e-07 7.945016668005519e-08
10 -9.959997158872899e-07 8.935639849746539e-08
11 -9.950621505570355e-07 9.92537985611022e-08
12 -9.940262357153866e-07 1.0914138861815292e-07
13 -9.92892073751052e-07 1.1901819139247324e-07
14 -9.916597767608858e-07 1.2888323069565672e-07
15 -9.903294665417208e-07 1.3873553149496542e-07
16 -9.889012745778555e-07 1.4857412001520615e-07
17 -9.873753420264249e-07 1.5839802384562835e-07
18 -9.857518197078394e-07 1.6820627200756678e-07
19 -9.840308680911985e-07 1.779978950540774e-07
20 -9.82212657268485e-07 1.8777192522201436e-07
21 -9.80297366947244e-07 1.975273964702124e-07
22 -9.78285186429788e-07 2.0726334459338244e-07
23 -9.761763145939396e-07 2.1697880731950193e-07
24 -9.739709598737908e-07 2.266728244023235e-07
25 -9.716693402423777e-07 2.3634443770256678e-07
26 -9.692716831920786e-07 2.459926912775964e-07
27 -9.667782256949811e-07 2.556166315443191e-07
28 -9.641892142034466e-07 2.6521530727644727e-07
29 -9.615049046063392e-07 2.7478776977506563e-07
30 -9.587255622091557e-07 2.843330729386542e-07
31 -9.558514617198908e-07 2.9385027331610225e-07
32 -9.528828872073612e-07 3.033384302513671e-07
33 -9.498201320820371e-07 3.127966059465184e-07
34 -9.466634990583631e-07 3.22223865581953e-07
35 -9.434133001283982e-07 3.31619277396301e-07
36 -9.40069856533041e-07 3.409819127724338e-07
37 -9.366334987224401e-07 3.503108463507242e-07
38 -9.331045663486318e-07 3.596051560522064e-07
39 -9.294834082024371e-07 3.6886392325135536e-07
40 -9.257703821871348e-07 3.780862328425703e-07
41 -9.21965855290323e-07 3.8727117331242606e-07
42 -9.180702035412621e-07 3.9641783684605524e-07
43 -9.140838119782323e-07 4.055253194060065e-07
44 -9.100070745976944e-07 4.145927208504103e-07
45 -9.058403943426852e-07 4.2361914496052747e-07
46 -9.015841830442425e-07 4.326036995732306e-07
47 -8.972388613607525e-07 4.4154549670907124e-07
48 -8.928048587770671e-07 4.50443652573839e-07
49 -8.88282613544062e-07 4.592972876855801e-07
50 -8.836725726145682e-07 4.6810552700085757e-07
51 -8.789751916485728e-07 4.76867499905744e-07
52 -8.741909349350267e-07 4.855823403681644e-07
53 -8.693202753303346e-07 4.942491870500054e-07
54 -8.64363694233366e-07 5.028671833508807e-07
55 -8.59321681542743e-07 5.114354774852373e-07
56 -8.541947355930617e-07 5.199532225932438e-07
57 -8.489833631200902e-07 5.284195767998203e-07
58 -8.436880792028814e-07 5.36833703311326e-07
59 -8.383094072123953e-07 5.451947704987661e-07
60 -8.328478787728183e-07 5.535019519600783e-07
61 -8.273040336920462e-07 5.617544266286379e-07
62 -8.216784198926583e-07 5.699513788760444e-07
63 -8.159715934061535e-07 5.780919985211894e-07
64 -8.101841182929201e-07 5.861754809491129e-07
65 -8.043165665483648e-07 5.94201027242338e-07
66 -7.983695181138067e-07 6.021678441653356e-07
67 -7.923435607957099e-07 6.100751442777973e-07
68 -7.862392901809681e-07 6.179221460473216e-07
69 -7.800573095917893e-07 6.257080739070092e-07
70 -7.737982300307965e-07 6.334321583257408e-07
71 -7.674626701412578e-07 6.410936358595762e-07
72 -7.610512561233e-07 6.486917492562606e-07
73 -7.54564621663931e-07 6.562257475390377e-07
74 -7.480034078822982e-07 6.636948860707519e-07
75 -7.413682632588546e-07 6.7109842663543e-07
76 -7.346598436076384e-07 6.784356374707924e-07
77 -7.278788119943383e-07 6.857057933616361e-07
78 -7.21025838619812e-07 6.92908175765445e-07
79 -7.141016007985674e-07 7.000420728334288e-07
80 -7.071067829254517e-07 7.071067794476434e-07
81 -7.000420762955027e-07 7.141015974046561e-07
82 -6.929081792257275e-07 7.210258352944693e-07
83 -6.857057968115232e-07 7.278788087443362e-07
84 -6.784356409126985e-07 7.346598404291445e-07
85 -6.71098430072056e-07 7.413682601479657e-07
86 -6.636948894948807e-07 7.480034048441078e-07
87 -6.562257509492733e-07 7.545646186981354e-07
88 -6.486917526631945e-07 7.610512532193564e-07
89 -6.410936392690219e-07 7.674626672932055e-07
90 -6.334321617354659e-07 7.737982272395916e-07
91 -6.257080773260004e-07 7.800573068493108e-07
92 -6.179221494524759e-07 7.86239287504785e-07
93 -6.100751476558666e-07 7.923435581947219e-07
94 -6.021678475108984e-07 7.98369515590426e-07
95 -5.942010305693506e-07 8.04316564090484e-07
96 -5.861754842630542e-07 8.101841158952537e-07
97 -5.780920017956828e-07 8.159715910862708e-07
98 -5.699513821308744e-07 8.216784176349687e-07
99 -5.617544298621186e-07 8.273040314964542e-07
100 -5.535019551568864e-07 8.328478766482533e-07
101 -5.451947736763298e-07 8.38309405145866e-07
102 -5.368337064645758e-07 8.436880771964872e-07
103 -5.284195799147555e-07 8.489833611813092e-07
104 -5.199532256732619e-07 8.541947337182372e-07
105 -5.11435480524477e-07 8.593216797339034e-07
106 -5.028671863335316e-07 8.643636924981274e-07
107 -4.942491899882245e-07 8.693202736598196e-07
108 -4.85582343266599e-07 8.741909333250481e-07
109 -4.768675027665676e-07 8.789751900964996e-07
110 -4.6810552984659943e-07 8.83672571107101e-07
111 -4.592972905139303e-07 8.882826120816293e-07
112 -4.504436553710223e-07 8.928048573658141e-07
113 -4.4154549946451394e-07 8.972388600047552e-07
114 -4.3260370229151695e-07 9.015841817399375e-07
115 -4.236191476196606e-07 9.058403930991332e-07
116 -4.1459272346584407e-07 9.100070734061214e-07
117 -4.055253219875614e-07 9.14083810832948e-07
118 -3.9641783936733505e-07 9.180702024525868e-07
119 -3.872711757851738e-07 9.219658542516469e-07
120 -3.780862352535737e-07 9.257703812024769e-07
121 -3.688639255972219e-07 9.294834072714838e-07
122 -3.5960515832665205e-07 9.33104565472093e-07
123 -3.503108485648875e-07 9.366334978943196e-07
124 -3.4098191494661706e-07 9.400698557444218e-07
125 -3.3161927951164234e-07 9.434132993848344e-07
126 -3.2222386763201626e-07 9.466634983605657e-07
127 -3.1279660792184165e-07 9.498201314315198e-07
128 -3.033384321548766e-07 9.528828866014025e-07
129 -2.938502751683278e-07 9.55851461150475e-07
130 -2.84333074741057e-07 9.5872556167461e-07
131 -2.747877715291112e-07 9.615049041050518e-07
132 -2.652153089621644e-07 9.641892137397636e-07
133 -2.5561663316078355e-07 9.667782252675871e-07
134 -2.4599269284100315e-07 9.692716827952997e-07
135 -2.3634443920185358e-07 9.71669339877698e-07
136 -2.2667282585300782e-07 9.739709595361722e-07
137 -2.1697880871973466e-07 9.761763142827041e-07
138 -2.0726334592946784e-07 9.782851861467195e-07
139 -1.975273977308141e-07 9.80297366693236e-07
140 -1.877719264084805e-07 9.822126570416653e-07
141 -1.7799789616513473e-07 9.840308678902232e-07
142 -1.6820627305191298e-07 9.857518195296346e-07
143 -1.5839802483744e-07 9.873753418673152e-07
144 -1.4857412094365297e-07 9.889012744383643e-07
145 -1.3873553235206684e-07 9.903294664216492e-07
146 -1.2888323148054042e-07 9.916597766588768e-07
147 -1.1901819210591967e-07 9.928920736655311e-07
148 -1.0914138926479242e-07 9.940262356443872e-07
149 -9.925379915807669e-08 9.950621504974893e-07
150 -8.935639905258318e-08 9.959997158374873e-07
151 -7.94501671779881e-08 9.968388389982554e-07
152 -6.953608264122505e-08 9.975794370429419e-07
153 -5.96151253266535e-08 9.982214367725668e-07
154 -4.968827579882145e-08 9.987647747333406e-07
155 -3.975651520265429e-08 9.992093972230951e-07
156 -2.982082516919451e-08 9.995552602964122e-07
157 -1.9882187718057754e-08 9.99802329769012e-07
158 -9.94158516005077e-09 9.999505812211448e-07
159 0.0 1e-06
160 9.941585092861396e-09 9.999505812218129e-07
161 1.9882187583876644e-08 9.9980232977168e-07
162 2.9820824970776516e-08 9.995552603023317e-07
163 3.9756514956658433e-08 9.992093972328828e-07
164 4.9688275491849334e-08 9.987647747486122e-07
165 5.961512495419136e-08 9.982214367948107e-07
166 6.953608220523767e-08 9.975794370733321e-07
167 7.945016668005519e-08 9.968388390379417e-07
168 8.935639849746539e-08 9.959997158872899e-07
169 9.92537985611022e-08 9.950621505570355e-07
170 1.0914138861815292e-07 9.940262357153866e-07
171 1.1901819139247324e-07 9.92892073751052e-07
172 1.2888323069565672e-07 9.916597767608858e-07
173 1.3873553149496542e-07 9.903294665417208e-07
174 1.4857412001520615e-07 9.889012745778555e-07
175 1.5839802384562835e-07 9.873753420264249e-07
176 1.6820627200756678e-07 9.857518197078394e-07
177 1.779978950540774e-07 9.840308680911985e-07
178 1.8777192522201436e-07 9.82212657268485e-07
179 1.975273964702124e-07 9.80297366947244e-07
180 2.0726334459338244e-07 9.78285186429788e-07
181 2.1697880731950193e-07 9.761763145939396e-07
182 2.266728244023235e-07 9.739709598737908e-07
183 2.3634443770256678e-07 9.716693402423777e-07
184 2.459926912775964e-07 9.692716831920786e-07
185 2.556166315443191e-07 9.667782256949811e-07
186 2.6521530727644727e-07 9.641892142034466e-07
187 2.7478776977506563e-07 9.615049046063392e-07
188 2.843330729386542e-07 9.587255622091557e-07
189 2.9385027331610225e-07 9.558514617198908e-07
190 3.033384302513671e-07 9.528828872073612e-07
191 3.127966059465184e-07 9.498201320820371e-07
192 3.22223865581953e-07 9.466634990583631e-07
193 3.31619277396301e-07 9.434133001283982e-07
194 3.409819127724338e-07 9.40069856533041e-07
195 3.503108463507242e-07 9.366334987224401e-07
196 3.596051560522064e-07 9.331045663486318e-07
197 3.6886392325135536e-07 9.294834082024371e-07
198 3.780862328425703e-07 9.257703821871348e-07
199 3.8727117331242606e-07 9.21965855290323e-07
200 3.9641783684605524e-07 9.180702035412621e-07
201 4.055253194060065e-07 9.140838119782323e-07
202 4.145927208504103e-07 9.100070745976944e-07
203 4.2361914496052747e-07 9.058403943426852e-07
204 4.326036995732306e-07 9.015841830442425e-07
205 4.4154549670907124e-07 8.972388613607525e-07
206 4.50443652573839e-07 8.928048587770671e-07
207 4.592972876855801e-07 8.88282613544062e-07
208 4.6810552700085757e-07 8.836725726145682e-07
209 4.76867499905744e-07 8.789751916485728e-07
210 4.855823403681644e-07 8.741909349350267e-07
211 4.942491870500054e-07 8.693202753303346e-07
212 5.028671833508807e-07 8.64363694233366e-07
213 5.114354774852373e-07 8.59321681542743e-07
214 5.199532225932438e-07 8.541947355930617e-07
215 5.284195767998203e-07 8.489833631200902e-07
216 5.36833703311326e-07 8.436880792028814e-07
217 5.451947704987661e-07 8.383094072123953e-07
218 5.535019519600783e-07 8.328478787728183e-07
219 5.617544266286379e-07 8.273040336920462e-07
220 5.699513788760444e-07 8.216784198926583e-07
221 5.780919985211894e-07 8.159715934061535e-07
222 5.861754809491129e-07 8.101841182929201e-07
223 5.94201027242338e-07 8.043165665483648e-07
224 6.021678441653356e-07 7.983695181138067e-07
225 6.100751442777973e-07 7.923435607957099e-07
226 6.179221460473216e-07 7.862392901809681e-07
227 6.257080739070092e-07 7.800573095917893e-07
228 6.334321583257408e-07 7.737982300307965e-07
229 6.410936358595762e-07 7.674626701412578e-07
230 6.486917492562606e-07 7.610512561233e-07
231 6.562257475390377e-07 7.54564621663931e-07
232 6.636948860707519e-07 7.480034078822982e-07
233 6.7109842663543e-07 7.413682632588546e-07
234 6.784356374707924e-07 7.346598436076384e-07
235 6.857057933616361e-07 7.278788119943383e-07
236 6.92908175765445e-07 7.21025838619812e-07
237 7.000420728334288e-07 7.141016007985674e-07
238 7.071067794476434e-07 7.071067829254517e-07
239 7.141015974046561e-07 7.000420762955027e-07
240 7.210258352944693e-07 6.929081792257275e-07
241 7.278788087443362e-07 6.857057968115232e-07
242 7.346598404291445e-07 6.784356409126985e-07
243 7.413682601479657e-07 6.71098430072056e-07
244 7.480034048441078e-07 6.636948894948807e-07
245 7.545646186981354e-07 6.562257509492733e-07
246 7.610512532193564e-07 6.486917526631945e-07
247 7.674626672932055e-07 6.410936392690219e-07
248 7.737982272395916e-07 6.334321617354659e-07
249 7.800573068493108e-07 6.257080773260004e-07
250 7.86239287504785e-07 6.179221494524759e-07
251 7.923435581947219e-07 6.100751476558666e-07
252 7.98369515590426e-07 6.021678475108984e-07
253 8.04316564090484e-07 5.942010305693506e-07
254 8.101841158952537e-07 5.861754842630542e-07
255 8.159715910862708e-07 5.780920017956828e-07
256 8.216784176349687e-07 5.699513821308744e-07
257 8.273040314964542e-07 5.617544298621186e-07
258 8.328478766482533e-07 5.535019551568864e-07
259 8.38309405145866e-07 5.451947736763298e-07
260 8.436880771964872e-07 5.368337064645758e-07
261 8.489833611813092e-07 5.284195799147555e-07
262 8.541947337182372e-07 5.199532256732619e-07
263 8.593216797339034e-07 5.11435480524477e-07
264 8.643636924981274e-07 5.028671863335316e-07
265 8.693202736598196e-07 4.942491899882245e-07
266 8.741909333250481e-07 4.85582343266599e-07
267 8.789751900964996e-07 4.768675027665676e-07
268 8.83672571107101e-07 4.6810552984659943e-07
269 8.882826120816293e-07 4.592972905139303e-07
270 8.928048573658141e-07 4.504436553710223e-07
271 8.972388600047552e-07 4.4154549946451394e-07
272 9.015841817399375e-07 4.3260370229151695e-07
273 9.058403930991332e-07 4.236191476196606e-07
274 9.100070734061214e-07 4.1459272346584407e-07
275 9.14083810832948e-07 4.055253219875614e-07
276 9.180702024525868e-07 3.9641783936733505e-07
277 9.219658542516469e-07 3.872711757851738e-07
278 9.257703812024769e-07 3.780862352535737e-07
279 9.294834072714838e-07 3.688639255972219e-07
280 9.33104565472093e-07 3.5960515832665205e-07
281 9.366334978943196e-07 3.503108485648875e-07
282 9.400698557444218e-07 3.4098191494661706e-07
283 9.434132993848344e-07 3.3161927951164234e-07
284 9.466634983605657e-07 3.2222386763201626e-07
285 9.498201314315198e-07 3.1279660792184165e-07
286 9.528828866014025e-07 3.033384321548766e-07
287 9.55851461150475e-07 2.938502751683278e-07
288 9.5872556167461e-07 2.84333074741057e-07
289 9.615049041050518e-07 2.747877715291112e-07
290 9.641892137397636e-07 2.652153089621644e-07
291 9.667782252675871e-07 2.5561663316078355e-07
292 9.692716827952997e-07 2.4599269284100315e-07
293 9.71669339877698e-07 2.3634443920185358e-07
294 9.739709595361722e-07 2.2667282585300782e-07
295 9.761763142827041e-07 2.1697880871973466e-07
296 9.782851861467195e-07 2.0726334592946784e-07
297 9.80297366693236e-07 1.975273977308141e-07
298 9.822126570416653e-07 1.877719264084805e-07
299 9.840308678902232e-07 1.7799789616513473e-07
300 9.857518195296346e-07 1.6820627305191298e-07
301 9.873753418673152e-07 1.5839802483744e-07
302 9.889012744383643e-07 1.4857412094365297e-07
303 9.903294664216492e-07 1.3873553235206684e-07
304 9.916597766588768e-07 1.2888323148054042e-07
305 9.928920736655311e-07 1.1901819210591967e-07
306 9.940262356443872e-07 1.0914138926479242e-07
307 9.950621504974893e-07 9.925379915807669e-08
308 9.959997158374873e-07 8.935639905258318e-08
309 9.968388389982554e-07 7.94501671779881e-08
310 9.975794370429419e-07 6.953608264122505e-08
311 9.982214367725668e-07 5.96151253266535e-08
312 9.987647747333406e-07 4.968827579882145e-08
313 9.992093972230951e-07 3.975651520265429e-08
314 9.995552602964122e-07 2.982082516919451e-08
315 9.99802329769012e-07 1.9882187718057754e-08
316 9.999505812211448e-07 9.94158516005077e-09
317 1e-06 0.0
318 9.999505812218129e-07 -9.941585092861396e-09
319 9.9980232977168e-07 -1.9882187583876644e-08
320 9.995552603023317e-07 -2.9820824970776516e-08
321 9.992093972328828e-07 -3.9756514956658433e-08
322 9.987647747486122e-07 -4.9688275491849334e-08
323 9.982214367948107e-07 -5.961512495419136e-08
324 9.975794370733321e-07 -6.953608220523767e-08
325 9.968388390379417e-07 -7.945016668005519e-08
326 9.959997158872899e-07 -8.935639849746539e-08
327 9.950621505570355e-07 -9.92537985611022e-08
328 9.940262357153866e-07 -1.0914138861815292e-07
329 9.92892073751052e-07 -1.1901819139247324e-07
330 9.916597767608858e-07 -1.2888323069565672e-07
331 9.903294665417208e-07 -1.3873553149496542e-07
332 9.889012745778555e-07 -1.4857412001520615e-07
333 9.873753420264249e-07 -1.5839802384562835e-07
334 9.857518197078394e-07 -1.6820627200756678e-07
335 9.840308680911985e-07 -1.779978950540774e-07
336 9.82212657268485e-07 -1.8777192522201436e-07
337 9.80297366947244e-07 -1.975273964702124e-07
338 9.78285186429788e-07 -2.0726334459338244e-07
339 9.761763145939396e-07 -2.1697880731950193e-07
340 9.739709598737908e-07 -2.266728244023235e-07
341 9.716693402423777e-07 -2.3634443770256678e-07
342 9.692716831920786e-07 -2.459926912775964e-07
343 9.667782256949811e-07 -2.556166315443191e-07
344 9.641892142034466e-07 -2.6521530727644727e-07
345 9.615049046063392e-07 -2.7478776977506563e-07
346 9.587255622091557e-07 -2.843330729386542e-07
347 9.558514617198908e-07 -2.9385027331610225e-07
348 9.528828872073612e-07 -3.033384302513671e-07
349 9.498201320820371e-07 -3.127966059465184e-07
350 9.466634990583631e-07 -3.22223865581953e-07
351 9.434133001283982e-07 -3.31619277396301e-07
352 9.40069856533041e-07 -3.409819127724338e-07
353 9.366334987224401e-07 -3.503108463507242e-07
354 9.331045663486318e-07 -3.596051560522064e-07
355 9.294834082024371e-07 -3.6886392325135536e-07
356 9.257703821871348e-07 -3.780862328425703e-07
357 9.21965855290323e-07 -3.8727117331242606e-07
358 9.180702035412621e-07 -3.9641783684605524e-07
359 9.140838119782323e-07 -4.055253194060065e-07
360 9.100070745976944e-07 -4.145927208504103e-07
361 9.058403943426852e-07 -4.2361914496052747e-07
362 9.015841830442425e-07 -4.326036995732306e-07
363 8.972388613607525e-07 -4.4154549670907124e-07
364 8.928048587770671e-07 -4.50443652573839e-07
365 8.88282613544062e-07 -4.592972876855801e-07
366 8.836725726145682e-07 -4.6810552700085757e-07
367 8.789751916485728e-07 -4.76867499905744e-07
368 8.741909349350267e-07 -4.855823403681644e-07
369 8.693202753303346e-07 -4.942491870500054e-07
370 8.64363694233366e-07 -5.028671833508807e-07
371 8.59321681542743e-07 -5.114354774852373e-07
372 8.541947355930617e-07 -5.199532225932438e-07
373 8.489833631200902e-07 -5.284195767998203e-07
374 8.436880792028814e-07 -5.36833703311326e-07
375 8.383094072123953e-07 -5.451947704987661e-07
376 8.328478787728183e-07 -5.535019519600783e-07
377 8.273040336920462e-07 -5.617544266286379e-07
378 8.216784198926583e-07 -5.699513788760444e-07
379 8.159715934061535e-07 -5.780919985211894e-07
380 8.101841182929201e-07 -5.861754809491129e-07
381 8.043165665483648e-07 -5.94201027242338e-07
382 7.983695181138067e-07 -6.021678441653356e-07
383 7.923435607957099e-07 -6.100751442777973e-07
384 7.862392901809681e-07 -6.179221460473216e-07
385 7.800573095917893e-07 -6.257080739070092e-07
386 7.737982300307965e-07 -6.334321583257408e-07
387 7.674626701412578e-07 -6.410936358595762e-07
388 7.610512561233e-07 -6.486917492562606e-07
389 7.54564621663931e-07 -6.562257475390377e-07
390 7.480034078822982e-07 -6.636948860707519e-07
391 7.413682632588546e-07 -6.7109842663543e-07
392 7.346598436076384e-07 -6.784356374707924e-07
393 7.278788119943383e-07 -6.857057933616361e-07
394 7.21025838619812e-07 -6.92908175765445e-07
395 7.141016007985674e-07 -7.000420728334288e-07
396 7.071067829254517e-07 -7.071067794476434e-07
397 7.000420762955027e-07 -7.141015974046561e-07
398 6.929081792257275e-07 -7.210258352944693e-07
399 6.857057968115232e-07 -7.278788087443362e-07
400 6.784356409126985e-07 -7.346598404291445e-07
401 6.71098430072056e-07 -7.413682601479657e-07
402 6.636948894948807e-07 -7.480034048441078e-07
403 6.562257509492733e-07 -7.545646186981354e-07
404 6.486917526631945e-07 -7.610512532193564e-07
405 6.410936392690219e-07 -7.674626672932055e-07
406 6.334321617354659e-07 -7.737982272395916e-07
407 6.257080773260004e-07 -7.800573068493108e-07
408 6.179221494524759e-07 -7.86239287504785e-07
409 6.100751476558666e-07 -7.923435581947219e-07
410 6.021678475108984e-07 -7.98369515590426e-07
411 5.942010305693506e-07 -8.04316564090484e-07
412 5.861754842630542e-07 -8.101841158952537e-07
413 5.780920017956828e-07 -8.159715910862708e-07
414 5.699513821308744e-07 -8.216784176349687e-07
415 5.617544298621186e-07 -8.273040314964542e-07
416 5.535019551568864e-07 -8.328478766482533e-07
417 5.451947736763298e-07 -8.38309405145866e-07
418 5.368337064645758e-07 -8.436880771964872e-07
419 5.284195799147555e-07 -8.489833611813092e-07
420 5.199532256732619e-07 -8.541947337182372e-07
421 5.11435480524477e-07 -8.593216797339034e-07
422 5.028671863335316e-07 -8.643636924981274e-07
423 4.942491899882245e-07 -8.693202736598196e-07
424 4.85582343266599e-07 -8.741909333250481e-07
425 4.768675027665676e-07 -8.789751900964996e-07
426 4.6810552984659943e-07 -8.83672571107101e-07
427 4.592972905139303e-07 -8.882826120816293e-07
428 4.504436553710223e-07 -8.928048573658141e-07
429 4.4154549946451394e-07 -8.972388600047552e-07
430 4.3260370229151695e-07 -9.015841817399375e-07
431 4.236191476196606e-07 -9.058403930991332e-07
432 4.1459272346584407e-07 -9.100070734061214e-07
433 4.055253219875614e-07 -9.14083810832948e-07
434 3.9641783936733505e-07 -9.180702024525868e-07
435 3.872711757851738e-07 -9.219658542516469e-07
436 3.780862352535737e-07 -9.257703812024769e-07
437 3.688639255972219e-07 -9.294834072714838e-07
438 3.5960515832665205e-07 -9.33104565472093e-07
439 3.503108485648875e-07 -9.366334978943196e-07
440 3.4098191494661706e-07 -9.400698557444218e-07
441 3.3161927951164234e-07 -9.434132993848344e-07
442 3.2222386763201626e-07 -9.466634983605657e-07
443 3.1279660792184165e-07 -9.498201314315198e-07
444 3.033384321548766e-07 -9.528828866014025e-07
445 2.938502751683278e-07 -9.55851461150475e-07
446 2.84333074741057e-07 -9.5872556167461e-07
447 2.747877715291112e-07 -9.615049041050518e-07
448 2.652153089621644e-07 -9.641892137397636e-07
449 2.5561663316078355e-07 -9.667782252675871e-07
450 2.4599269284100315e-07 -9.692716827952997e-07
451 2.3634443920185358e-07 -9.71669339877698e-07
452 2.2667282585300782e-07 -9.739709595361722e-07
453 2.1697880871973466e-07 -9.761763142827041e-07
454 2.0726334592946784e-07 -9.782851861467195e-07
455 1.975273977308141e-07 -9.80297366693236e-07
456 1.877719264084805e-07 -9.822126570416653e-07
457 1.7799789616513473e-07 -9.840308678902232e-07
458 1.6820627305191298e-07 -9.857518195296346e-07
459 1.5839802483744e-07 -9.873753418673152e-07
460 1.4857412094365297e-07 -9.889012744383643e-07
461 1.3873553235206684e-07 -9.903294664216492e-07
462 1.2888323148054042e-07 -9.916597766588768e-07
463 1.1901819210591967e-07 -9.928920736655311e-07
464 1.0914138926479242e-07 -9.940262356443872e-07
465 9.925379915807669e-08 -9.950621504974893e-07
466 8.935639905258318e-08 -9.959997158374873e-07
467 7.94501671779881e-08 -9.968388389982554e-07
468 6.953608264122505e-08 -9.975794370429419e-07
469 5.96151253266535e-08 -9.982214367725668e-07
470 4.968827579882145e-08 -9.987647747333406e-07
471 3.975651520265429e-08 -9.992093972230951e-07
472 2.982082516919451e-08 -9.995552602964122e-07
473 1.9882187718057754e-08 -9.99802329769012e-07
474 9.94158516005077e-09 -9.999505812211448e-07
475 0.0 -1e-06
476 -9.941585092861396e-09 -9.999505812218129e-07
477 -1.9882187583876644e-08 -9.9980232977168e-07
478 -2.9820824970776516e-08 -9.995552603023317e-07
479 -3.9756514956658433e-08 -9.992093972328828e-07
480 -4.9688275491849334e-08 -9.987647747486122e-07
481 -5.961512495419136e-08 -9.982214367948107e-07
482 -6.953608220523767e-08 -9.975794370733321e-07
483 -7.945016668005519e-08 -9.968388390379417e-07
484 -8.935639849746539e-08 -9.959997158872899e-07
485 -9.92537985611022e-08 -9.950621505570355e-07
486 -1.0914138861815292e-07 -9.940262357153866e-07
487 -1.1901819139247324e-07 -9.92892073751052e-07
488 -1.2888323069565672e-07 -9.916597767608858e-07
489 -1.3873553149496542e-07 -9.903294665417208e-07
490 -1.4857412001520615e-07 -9.889012745778555e-07
491 -1.5839802384562835e-07 -9.873753420264249e-07
492 -1.6820627200756678e-07 -9.857518197078394e-07
493 -1.779978950540774e-07 -9.840308680911985e-07
494 -1.8777192522201436e-07 -9.82212657268485e-07
495 -1.975273964702124e-07 -9.80297366947244e-07
496 -2.0726334459338244e-07 -9.78285186429788e-07
497 -2.1697880731950193e-07 -9.761763145939396e-07
498 -2.266728244023235e-07 -9.739709598737908e-07
499 -2.3634443770256678e-07 -9.716693402423777e-07
500 -2.459926912775964e-07 -9.692716831920786e-07
501 -2.556166315443191e-07 -9.667782256949811e-07
502 -2.6521530727644727e-07 -9.641892142034466e-07
503 -2.7478776977506563e-07 -9.615049046063392e-07
504 -2.843330729386542e-07 -9.587255622091557e-07
505 -2.9385027331610225e-07 -9.558514617198908e-07
506 -3.033384302513671e-07 -9.528828872073612e-07
507 -3.127966059465184e-07 -9.498201320820371e-07
508 -3.22223865581953e-07 -9.466634990583631e-07
509 -3.31619277396301e-07 -9.434133001283982e-07
510 -3.409819127724338e-07 -9.40069856533041e-07
511 -3.503108463507242e-07 -9.366334987224401e-07
512 -3.596051560522064e-07 -9.331045663486318e-07
513 -3.6886392325135536e-07 -9.294834082024371e-07
514 -3.780862328425703e-07 -9.257703821871348e-07
515 -3.8727117331242606e-07 -9.21965855290323e-07
516 -3.9641783684605524e-07 -9.180702035412621e-07
517 -4.055253194060065e-07 -9.140838119782323e-07
518 -4.145927208504103e-07 -9.100070745976944e-07
519 -4.2361914496052747e-07 -9.058403943426852e-07
520 -4.326036995732306e-07 -9.015841830442425e-07
521 -4.4154549670907124e-07 -8.972388613607525e-07
522 -4.50443652573839e-07 -8.928048587770671e-07
523 -4.592972876855801e-07 -8.88282613544062e-07
524 -4.6810552700085757e-07 -8.836725726145682e-07
525 -4.76867499905744e-07 -8.789751916485728e-07
526 -4.855823403681644e-07 -8.741909349350267e-07
527 -4.942491870500054e-07 -8.693202753303346e-07
528 -5.028671833508807e-07 -8.64363694233366e-07
529 -5.114354774852373e-07 -8.59321681542743e-07
530 -5.199532225932438e-07 -8.541947355930617e-07
531 -5.284195767998203e-07 -8.489833631200902e-07
532 -5.36833703311326e-07 -8.436880792028814e-07
533 -5.451947704987661e-07 -8.383094072123953e-07
534 -5.535019519600783e-07 -8.328478787728183e-07
535 -5.617544266286379e-07 -8.273040336920462e-07
536 -5.699513788760444e-07 -8.216784198926583e-07
537 -5.780919985211894e-07 -8.159715934061535e-07
538 -5.861754809491129e-07 -8.101841182929201e-07
539 -5.94201027242338e-07 -8.043165665483648e-07
540 -6.021678441653356e-07 -7.983695181138067e-07
541 -6.100751442777973e-07 -7.923435607957099e-07
542 -6.179221460473216e-07 -7.862392901809681e-07
543 -6.257080739070092e-07 -7.800573095917893e-07
544 -6.334321583257408e-07 -7.737982300307965e-07
545 -6.410936358595762e-07 -7.674626701412578e-07
546 -6.486917492562606e-07 -7.610512561233e-07
547 -6.562257475390377e-07 -7.54564621663931e-07
548 -6.636948860707519e-07 -7.480034078822982e-07
549 -6.7109842663543e-07 -7.413682632588546e-07
550 -6.784356374707924e-07 -7.346598436076384e-07
551 -6.857057933616361e-07 -7.278788119943383e-07
552 -6.92908175765445e-07 -7.21025838619812e-07
553 -7.000420728334288e-07 -7.141016007985674e-07
554 -7.071067794476434e-07 -7.071067829254517e-07
555 -7.141015974046561e-07 -7.000420762955027e-07
556 -7.210258352944693e-07 -6.929081792257275e-07
557 -7.278788087443362e-07 -6.857057968115232e-07
558 -7.346598404291445e-07 -6.784356409126985e-07
559 -7.413682601479657e-07 -6.71098430072056e-07
560 -7.480034048441078e-07 -6.636948894948807e-07
561 -7.545646186981354e-07 -6.562257509492733e-07
562 -7.610512532193564e-07 -6.486917526631945e-07
563 -7.674626672932055e-07 -6.410936392690219e-07
564 -7.737982272395916e-07 -6.334321617354659e-07
565 -7.800573068493108e-07 -6.257080773260004e-07
566 -7.86239287504785e-07 -6.179221494524759e-07
567 -7.923435581947219e-07 -6.100751476558666e-07
568 -7.98369515590426e-07 -6.021678475108984e-07
569 -8.04316564090484e-07 -5.942010305693506e-07
570 -8.101841158952537e-07 -5.861754842630542e-07
571 -8.159715910862708e-07 -5.780920017956828e-07
572 -8.216784176349687e-07 -5.699513821308744e-07
573 -8.273040314964542e-07 -5.617544298621186e-07
574 -8.328478766482533e-07 -5.535019551568864e-07
575 -8.38309405145866e-07 -5.451947736763298e-07
576 -8.436880771964872e-07 -5.368337064645758e-07
577 -8.489833611813092e-07 -5.284195799147555e-07
578 -8.541947337182372e-07 -5.199532256732619e-07
579 -8.593216797339034e-07 -5.11435480524477e-07
580 -8.643636924981274e-07 -5.028671863335316e-07
581 -8.693202736598196e-07 -4.942491899882245e-07
582 -8.741909333250481e-07 -4.85582343266599e-07
583 -8.789751900964996e-07 -4.768675027665676e-07
584 -8.83672571107101e-07 -4.6810552984659943e-07
585 -8.882826120816293e-07 -4.592972905139303e-07
586 -8.928048573658141e-07 -4.504436553710223e-07
587 -8.972388600047552e-07 -4.4154549946451394e-07
588 -9.015841817399375e-07 -4.3260370229151695e-07
589 -9.058403930991332e-07 -4.236191476196606e-07
590 -9.100070734061214e-07 -4.1459272346584407e-07
591 -9.14083810832948e-07 -4.055253219875614e-07
592 -9.180702024525868e-07 -3.9641783936733505e-07
593 -9.219658542516469e-07 -3.872711757851738e-07
594 -9.257703812024769e-07 -3.780862352535737e-07
595 -9.294834072714838e-07 -3.688639255972219e-07
596 -9.33104565472093e-07 -3.5960515832665205e-07
597 -9.366334978943196e-07 -3.503108485648875e-07
598 -9.400698557444218e-07 -3.4098191494661706e-07
599 -9.434132993848344e-07 -3.3161927951164234e-07
600 -9.466634983605657e-07 -3.2222386763201626e-07
601 -9.498201314315198e-07 -3.1279660792184165e-07
602 -9.528828866014025e-07 -3.033384321548766e-07
603 -9.55851461150475e-07 -2.938502751683278e-07
604 -9.5872556167461e-07 -2.84333074741057e-07
605 -9.615049041050518e-07 -2.747877715291112e-07
606 -9.641892137397636e-07 -2.652153089621644e-07
607 -9.667782252675871e-07 -2.5561663316078355e-07
608 -9.692716827952997e-07 -2.4599269284100315e-07
609 -9.71669339877698e-07 -2.3634443920185358e-07
610 -9.739709595361722e-07 -2.2667282585300782e-07
611 -9.761763142827041e-07 -2.1697880871973466e-07
612 -9.782851861467195e-07 -2.0726334592946784e-07
613 -9.80297366693236e-07 -1.975273977308141e-07
614 -9.822126570416653e-07 -1.877719264084805e-07
615 -9.840308678902232e-07 -1.7799789616513473e-07
616 -9.857518195296346e-07 -1.6820627305191298e-07
617 -9.873753418673152e-07 -1.5839802483744e-07
618 -9.889012744383643e-07 -1.4857412094365297e-07
619 -9.903294664216492e-07 -1.3873553235206684e-07
620 -9.916597766588768e-07 -1.2888323148054042e-07
621 -9.928920736655311e-07 -1.1901819210591967e-07
622 -9.940262356443872e-07 -1.0914138926479242e-07
623 -9.950621504974893e-07 -9.925379915807669e-08
624 -9.959997158374873e-07 -8.935639905258318e-08
625 -9.968388389982554e-07 -7.94501671779881e-08
626 -9.975794370429419e-07 -6.953608264122505e-08
627 -9.982214367725668e-07 -5.96151253266535e-08
628 -9.987647747333406e-07 -4.968827579882145e-08
629 -9.992093972230951e-07 -3.975651520265429e-08
630 -9.995552602964122e-07 -2.982082516919451e-08
631 -9.99802329769012e-07 -1.9882187718057754e-08
632 -9.999505812211448e-07 -9.94158516005077e-09

Lines

1 1 2
2 2 3
3 3 4
4 4 5
5 5 6
6 6 7
7 7 8
8 8 9
9 9 10
10 10 11
11 11 12
12 12 13
13 13 14
14 14 15
15 15 16
16 16 17
17 17 18
18 18 19
19 19 20
20 20 21
21 21 22
22 22 23
23 23 24
24 24 25
25 25 26
26 26 27
27 27 28
28 28 29
29 29 30
30 30 31
31 31 32
32 32 33
33 33 34
34 34 35
35 35 36
36 36 37
37 37 38
38 38 39
39 39 40
40 40 41
41 41 42
42 42 43
43 43 44
44 44 45
45 45 46
46 46 47
47 47 48
48 48 49
49 49 50
50 50 51
51 51 52
52 52 53
53 53 54
54 54 55
55 55 56
56 56 57
57 57 58
58 58 59
59 59 60
60 60 61
61 61 62
62 62 63
63 63 64
64 64 65
65 65 66
66 66 67
67 67 68
68 68 69
69 69 70
70 70 71
71 71 72
72 72 73
73 73 74
74 74 75
75 75 76
76 76 77
77 77 78
78 78 79
79 79 80
80 80 81
81 81 82
82 82 83
83 83 84
84 84 85
85 85 86
86 86 87
87 87 88
88 88 89
89 89 90
90 90 91
91 91 92
92 92 93
93 93 94
94 94 95
95 95 96
96 96 97
97 97 98
98 98 99
99 99 100
100 100 101
101 101 102
102 102 103
103 103 104
104 104 105
105 105 106
106 106 107
107 107 108
108 108 109
109 109 110
110 110 111
111 111 112
112 112 113
113 113 114
114 114 115
115 115 116
116 116 117
117 117 118
118 118 119
119 119 120
120 120 121
121 121 122
122 122 123
123 123 124
124 124 125
125 125 126
126 126 127
127 127 128
128 128 129
129 129 130
130 130 131
131 131 132
132 132 133
133 133 134
134 134 135
135 135 136
136 136 137
137 137 138
138 138 139
139 139 140
140 140 141
141 141 142
142 142 143
143 143 144
144 144 145
145 145 146
146 146 147
147 147 148
148 148 149
149 149 150
150 150 151
151 151 152
152 152 153
153 153 154
154 154 155
155 155 156
156 156 157
157 157 158
158 158 159
159 159 160
160 160 161
161 161 162
162 162 163
163 163 164
164 164 165
165 165 166
166 166 167
167 167 168
168 168 169
169 169 170
170 170 171
171 171 172
172 172 173
173 173 174
174 174 175
175 175 176
176 176 177
177 177 178
178 178 179
179 179 180
180 180 181
181 181 182
182 182 183
183 183 184
184 184 185
185 185 186
186 186 187
187 187 188
188 188 189
189 189 190
190 190 191
191 191 192
192 192 193
193 193 194
194 194 195
195 195 196
196 196 197
197 197 198
198 198 199
199 199 200
200 200 201
201 201 202
202 202 203
203 203 204
204 204 205
205 205 206
206 206 207
207 207 208
208 208 209
209 209 210
210 210 211
211 211 212
212 212 213
213 213 214
214 214 215
215 215 216
216 216 217
217 217 218
218 218 219
219 219 220
220 220 221
221 221 222
222 222 223
223 223 224
224 224 225
225 225 226
226 226 227
227 227 228
228 228 229
229 229 230
230 230 231
231 231 232
232 232 233
233 233 234
234 234 235
235 235 236
236 236 237
237 237 238
238 238 239
239 239 240
240 240 241
241 241 242
242 242 243
243 243 244
244 244 245
245 245 246
246 246 247
247 247 248
248 248 249
249 249 250
250 250 251
251 251 252
252 252 253
253 253 254
254 254 255
255 255 256
256 256 257
257 257 258
258 258 259
259 259 260
260 260 261
261 261 262
262 262 263
263 263 264
264 264 265
265 265 266
266 266 267
267 267 268
268 268 269
269 269 270
270 270 271
271 271 272
272 272 273
273 273 274
274 274 275
275 275 276
276 276 277
277 277 278
278 278 279
279 279 280
280 280 281
281 281 282
282 282 283
283 283 284
284 284 285
285 285 286
286 286 287
287 287 288
288 288 289
289 289 290
290 290 291
291 291 292
292 292 293
293 293 294
294 294 295
295 295 296
296 296 297
297 297 298
298 298 299
299 299 300
300 300 301
301 301 302
302 302 303
303 303 304
304 304 305
305 305 306
306 306 307
307 307 308
308 308 309
309 309 310
310 310 311
311 311 312
312 312 313
313 313 314
314 314 315
315 315 316
316 316 317
317 317 318
318 318 319
319 319 320
320 320 321
321 321 322
322 322 323
323 323 324
324 324 325
325 325 326
326 326 327
327 327 328
328 328 329
329 329 330
330 330 331
331 331 332
332 332 333
333 333 334
334 334 335
335 335 336
336 336 337
337 337 338
338 338 339
339 339 340
340 340 341
341 341 342
342 342 343
343 343 344
344 344 345
345 345 346
346 346 347
347 347 348
348 348 349
349 349 350
350 350 351
351 351 352
352 352 353
353 353 354
354 354 355
355 355 356
356 356 357
357 357 358
358 358 359
359 359 360
360 360 361
361 361 362
362 362 363
363 363 364
364 364 365
365 365 366
366 366 367
367 367 368
368 368 369
369 369 370
370 370 371
371 371 372
372 372 373
373 373 374
374 374 375
375 375 376
376 376 377
377 377 378
378 378 379
379 379 380
380 380 381
381 381 382
382 382 383
383 383 384
384 384 385
385 385 386
386 386 387
387 387 388
388 388 389
389 389 390
390 390 391
391 391 392
392 392 393
393 393 394
394 394 395
395 395 396
396 396 397
397 397 398
398 398 399
399 399 400
400 400 401
401 401 402
402 402 403
403 403 404
404 404 405
405 405 406
406 406 407
407 407 408
408 408 409
409 409 410
410 410 411
411 411 412
412 412 413
413 413 414
414 414 415
415 415 416
416 416 417
417 417 418
418 418 419
419 419 420
420 420 421
421 421 422
422 422 423
423 423 424
424 424 425
425 425 426
426 426 427
427 427 428
428 428 429
429 429 430
430 430 431
431 431 432
432 432 433
433 433 434
434 434 435
435 435 436
436 436 437
437 437 438
438 438 439
439 439 440
440 440 441
441 441 442
442 442 443
443 443 444
444 444 445
445 445 446
446 446 447
447 447 448
448 448 449
449 449 450
450 450 451
451 451 452
452 452 453
453 453 454
454 454 455
455 455 456
456 456 457
457 457 458
458 458 459
459 459 460
460 460 461
461 461 462
462 462 463
463 463 464
464 464 465
465 465 466
466 466 467
467 467 468
468 468 469
469 469 470
470 470 471
471 471 472
472 472 473
473 473 474
474 474 475
475 475 476
476 476 477
477 477 478
478 478 479
479 479 480
480 480 481
481 481 482
482 482 483
483 483 484
484 484 485
485 485 486
486 486 487
487 487 488
488 488 489
489 489 490
490 490 491
491 491 492
492 492 493
493 493 494
494 494 495
495 495 496
496 496 497
497 497 498
498 498 499
499 499 500
500 500 501
501 501 502
502 502 503
503 503 504
504 504 505
505 505 506
506 506 507
507 507 508
508 508 509
509 509 510
510 510 511
511 511 512
512 512 513
513 513 514
514 514 515
515 515 516
516 516 517
517 517 518
518 518 519
519 519 520
520 520 521
521 521 522
522 522 523
523 523 524
524 524 525
525 525 526
526 526 527
527 527 528
528 528 529
529 529 530
530 530 531
531 531 532
532 532 533
533 533 534
534 534 535
535 535 536
536 536 537
537 537 538
538 538 539
539 539 540
540 540 541
541 541 542
542 542 543
543 543 544
544 544 545
545 545 546
546 546 547
547 547 548
548 548 549
549 549 550
550 550 551
551 551 552
552 552 553
553 553 554
554 554 555
555 555 556
556 556 557
557 557 558
558 558 559
559 559 560
560 560 561
561 561 562
562 562 563
563 563 564
564 564 565
565 565 566
566 566 567
567 567 568
568 568 569
569 569 570
570 570 571
571 571 572
572 572 573
573 573 574
574 574 575
575 575 576
576 576 577
577 577 578
578 578 579
579 579 580
580 580 581
581 581 582
582 582 583
583 583 584
584 584 585
585 585 586
586 586 587
587 587 588
588 588 589
589 589 590
590 590 591
591 591 592
592 592 593
593 593 594
594 594 595
595 595 596
596 596 597
597 597 598
598 598 599
599 599 600
600 600 601
601 601 602
602 602 603
603 603 604
604 604 605
605 605 606
606 606 607
607 607 608
608 608 609
609 609 610
610 610 611
611 611 612
612 612 613
613 613 614
614 614 615
615 615 616
616 616 617
617 617 618
618 618 619
619 619 620
620 620 621
621 621 622
622 622 623
623 623 624
624 624 625
625 625 626
626 626 627
627 627 628
628 628 629
629 629 630
630 630 631
631 631 632
632 632 1
