Refined Surface (Ordered)

632 points
632 lines

Points

1 -0.009999505812218128 9.941585092861394e-05
2 -0.0099980232977168 0.00019882187583876643
3 -0.009995552603023318 0.00029820824970776515
4 -0.009992093972328829 0.00039756514956658433
5 -0.009987647747486122 0.0004968827549184933
6 -0.009982214367948107 0.0005961512495419136
7 -0.009975794370733322 0.0006953608220523767
8 -0.009968388390379416 0.0007945016668005519
9 -0.0099599971588729 0.0008935639849746539
10 -0.009950621505570354 0.000992537985611022
11 -0.009940262357153866 0.0010914138861815293
12 -0.00992892073751052 0.0011901819139247323
13 -0.00991659776760886 0.001288832306956567
14 -0.009903294665417207 0.0013873553149496543
15 -0.009889012745778554 0.0014857412001520614
16 -0.00987375342026425 0.0015839802384562834
17 -0.009857518197078393 0.0016820627200756677
18 -0.009840308680911984 0.001779978950540774
19 -0.00982212657268485 0.0018777192522201436
20 -0.00980297366947244 0.001975273964702124
21 -0.009782851864297878 0.0020726334459338245
22 -0.009761763145939397 0.0021697880731950192
23 -0.009739709598737907 0.002266728244023235
24 -0.009716693402423777 0.0023634443770256678
25 -0.009692716831920786 0.0024599269127759636
26 -0.00966778225694981 0.0025561663154431914
27 -0.009641892142034465 0.002652153072764473
28 -0.009615049046063391 0.0027478776977506564
29 -0.009587255622091558 0.0028433307293865423
30 -0.009558514617198909 0.0029385027331610223
31 -0.00952882887207361 0.0030333843025136713
32 -0.009498201320820372 0.0031279660594651843
33 -0.00946663499058363 0.00322223865581953
34 -0.009434133001283982 0.0033161927739630104
35 -0.009400698565330412 0.0034098191277243377
36 -0.009366334987224402 0.0035031084635072426
37 -0.009331045663486318 0.003596051560522064
38 -0.00929483408202437 0.0036886392325135536
39 -0.009257703821871348 0.003780862328425703
40 -0.00921965855290323 0.0038727117331242606
41 -0.00918070203541262 0.0039641783684605525
42 -0.009140838119782323 0.004055253194060065
43 -0.009100070745976943 0.0041459272085041035
44 -0.009058403943426852 0.004236191449605275
45 -0.009015841830442425 0.004326036995732307
46 -0.008972388613607525 0.004415454967090712
47 -0.00892804858777067 0.00450443652573839
48 -0.00888282613544062 0.0045929728768558005
49 -0.008836725726145682 0.004681055270008575
50 -0.008789751916485728 0.00476867499905744
51 -0.008741909349350268 0.004855823403681644
52 -0.008693202753303346 0.004942491870500054
53 -0.00864363694233366 0.005028671833508806
54 -0.00859321681542743 0.005114354774852372
55 -0.008541947355930618 0.005199532225932438
56 -0.008489833631200901 0.0052841957679982034
57 -0.008436880792028813 0.0053683370331132595
58 -0.008383094072123953 0.005451947704987661
59 -0.008328478787728183 0.005535019519600784
60 -0.008273040336920463 0.00561754426628638
61 -0.008216784198926583 0.005699513788760444
62 -0.008159715934061536 0.0057809199852118945
63 -0.0081018411829292 0.005861754809491129
64 -0.008043165665483649 0.00594201027242338
65 -0.007983695181138067 0.006021678441653356
66 -0.007923435607957099 0.006100751442777973
67 -0.00786239290180968 0.006179221460473216
68 -0.007800573095917893 0.006257080739070092
69 -0.007737982300307965 0.006334321583257408
70 -0.007674626701412578 0.006410936358595762
71 -0.007610512561233001 0.006486917492562606
72 -0.00754564621663931 0.0065622574753903765
73 -0.007480034078822981 0.006636948860707519
74 -0.007413682632588546 0.006710984266354299
75 -0.0073465984360763835 0.006784356374707924
76 -0.007278788119943382 0.006857057933616361
77 -0.007210258386198119 0.006929081757654451
78 -0.007141016007985673 0.007000420728334288
79 -0.007071067829254517 0.007071067794476433
80 -0.0070004207629550275 0.007141015974046561
81 -0.006929081792257275 0.007210258352944693
82 -0.006857057968115232 0.007278788087443362
83 -0.006784356409126985 0.007346598404291446
84 -0.006710984300720559 0.007413682601479657
85 -0.006636948894948806 0.0074800340484410775
86 -0.006562257509492733 0.007545646186981354
87 -0.006486917526631945 0.007610512532193564
88 -0.006410936392690219 0.007674626672932054
89 -0.006334321617354659 0.007737982272395916
90 -0.006257080773260005 0.007800573068493109
91 -0.006179221494524759 0.00786239287504785
92 -0.0061007514765586655 0.007923435581947219
93 -0.006021678475108983 0.00798369515590426
94 -0.005942010305693506 0.008043165640904841
95 -0.005861754842630542 0.008101841158952537
96 -0.005780920017956828 0.008159715910862708
97 -0.005699513821308744 0.008216784176349686
98 -0.005617544298621186 0.008273040314964541
99 -0.005535019551568864 0.008328478766482534
100 -0.005451947736763298 0.00838309405145866
101 -0.005368337064645758 0.008436880771964871
102 -0.005284195799147556 0.008489833611813092
103 -0.0051995322567326184 0.008541947337182372
104 -0.005114354805244771 0.008593216797339034
105 -0.005028671863335316 0.008643636924981274
106 -0.004942491899882246 0.008693202736598196
107 -0.00485582343266599 0.008741909333250482
108 -0.004768675027665675 0.008789751900964995
109 -0.004681055298465994 0.00883672571107101
110 -0.004592972905139303 0.008882826120816293
111 -0.004504436553710223 0.008928048573658141
112 -0.00441545499464514 0.008972388600047553
113 -0.004326037022915169 0.009015841817399374
114 -0.004236191476196607 0.009058403930991332
115 -0.004145927234658441 0.009100070734061215
116 -0.004055253219875614 0.00914083810832948
117 -0.0039641783936733505 0.009180702024525868
118 -0.003872711757851738 0.00921965854251647
119 -0.0037808623525357366 0.00925770381202477
120 -0.003688639255972219 0.009294834072714838
121 -0.003596051583266521 0.00933104565472093
122 -0.0035031084856488753 0.009366334978943196
123 -0.0034098191494661705 0.009400698557444218
124 -0.003316192795116423 0.009434132993848343
125 -0.0032222386763201627 0.009466634983605657
126 -0.003127966079218417 0.009498201314315198
127 -0.003033384321548766 0.009528828866014026
128 -0.002938502751683278 0.00955851461150475
129 -0.0028433307474105703 0.0095872556167461
130 -0.002747877715291112 0.009615049041050518
131 -0.002652153089621644 0.009641892137397636
132 -0.0025561663316078353 0.009667782252675871
133 -0.0024599269284100314 0.009692716827952997
134 -0.002363444392018536 0.00971669339877698
135 -0.0022667282585300784 0.009739709595361723
136 -0.0021697880871973468 0.009761763142827042
137 -0.002072633459294678 0.009782851861467195
138 -0.001975273977308141 0.00980297366693236
139 -0.0018777192640848052 0.009822126570416654
140 -0.0017799789616513473 0.009840308678902232
141 -0.00168206273051913 0.009857518195296346
142 -0.0015839802483744 0.009873753418673152
143 -0.0014857412094365296 0.009889012744383642
144 -0.0013873553235206684 0.009903294664216493
145 -0.0012888323148054044 0.009916597766588769
146 -0.0011901819210591968 0.00992892073665531
147 -0.0010914138926479242 0.009940262356443873
148 -0.0009925379915807669 0.009950621504974893
149 -0.0008935639905258319 0.009959997158374874
150 -0.0007945016717798809 0.009968388389982555
151 -0.0006953608264122506 0.009975794370429418
152 -0.0005961512532665351 0.009982214367725667
153 -0.0004968827579882145 0.009987647747333404
154 -0.0003975651520265429 0.00999209397223095
155 -0.00029820825169194507 0.009995552602964121
156 -0.00019882187718057754 0.009998023297690119
157 -9.94158516005077e-05 0.00999950581221145
158 0.0 0.01
159 9.941585092861394e-05 0.009999505812218128
160 0.00019882187583876643 0.0099980232977168
161 0.00029820824970776515 0.009995552603023318
162 0.00039756514956658433 0.009992093972328829
163 0.0004968827549184933 0.009987647747486122
164 0.0005961512495419136 0.009982214367948107
165 0.0006953608220523767 0.009975794370733322
166 0.0007945016668005519 0.009968388390379416
167 0.0008935639849746539 0.0099599971588729
168 0.000992537985611022 0.009950621505570354
169 0.0010914138861815293 0.009940262357153866
170 0.0011901819139247323 0.00992892073751052
171 0.001288832306956567 0.00991659776760886
172 0.0013873553149496543 0.009903294665417207
173 0.0014857412001520614 0.009889012745778554
174 0.0015839802384562834 0.00987375342026425
175 0.0016820627200756677 0.009857518197078393
176 0.001779978950540774 0.009840308680911984
177 0.0018777192522201436 0.00982212657268485
178 0.001975273964702124 0.00980297366947244
179 0.0020726334459338245 0.009782851864297878
180 0.0021697880731950192 0.009761763145939397
181 0.002266728244023235 0.009739709598737907
182 0.0023634443770256678 0.009716693402423777
183 0.0024599269127759636 0.009692716831920786
184 0.0025561663154431914 0.00966778225694981
185 0.002652153072764473 0.009641892142034465
186 0.0027478776977506564 0.009615049046063391
187 0.0028433307293865423 0.009587255622091558
188 0.0029385027331610223 0.009558514617198909
189 0.0030333843025136713 0.00952882887207361
190 0.0031279660594651843 0.009498201320820372
191 0.00322223865581953 0.00946663499058363
192 0.0033161927739630104 0.009434133001283982
193 0.0034098191277243377 0.009400698565330412
194 0.0035031084635072426 0.009366334987224402
195 0.003596051560522064 0.009331045663486318
196 0.0036886392325135536 0.00929483408202437
197 0.003780862328425703 0.009257703821871348
198 0.0038727117331242606 0.00921965855290323
199 0.0039641783684605525 0.00918070203541262
200 0.004055253194060065 0.009140838119782323
201 0.0041459272085041035 0.009100070745976943
202 0.004236191449605275 0.009058403943426852
203 0.004326036995732307 0.009015841830442425
204 0.004415454967090712 0.008972388613607525
205 0.00450443652573839 0.00892804858777067
206 0.0045929728768558005 0.00888282613544062
207 0.004681055270008575 0.008836725726145682
208 0.00476867499905744 0.008789751916485728
209 0.004855823403681644 0.008741909349350268
210 0.004942491870500054 0.008693202753303346
211 0.005028671833508806 0.00864363694233366
212 0.005114354774852372 0.00859321681542743
213 0.005199532225932438 0.008541947355930618
214 0.0052841957679982034 0.008489833631200901
215 0.0053683370331132595 0.008436880792028813
216 0.005451947704987661 0.008383094072123953
217 0.005535019519600784 0.008328478787728183
218 0.00561754426628638 0.008273040336920463
219 0.005699513788760444 0.008216784198926583
220 0.0057809199852118945 0.008159715934061536
221 0.005861754809491129 0.0081018411829292
222 0.00594201027242338 0.008043165665483649
223 0.006021678441653356 0.007983695181138067
224 0.006100751442777973 0.007923435607957099
225 0.006179221460473216 0.00786239290180968
226 0.006257080739070092 0.007800573095917893
227 0.006334321583257408 0.007737982300307965
228 0.006410936358595762 0.007674626701412578
229 0.006486917492562606 0.007610512561233001
230 0.0065622574753903765 0.00754564621663931
231 0.006636948860707519 0.007480034078822981
232 0.006710984266354299 0.007413682632588546
233 0.006784356374707924 0.0073465984360763835
234 0.006857057933616361 0.007278788119943382
235 0.006929081757654451 0.007210258386198119
236 0.007000420728334288 0.007141016007985673
237 0.007071067794476433 0.007071067829254517
238 0.007141015974046561 0.0070004207629550275
239 0.007210258352944693 0.006929081792257275
240 0.007278788087443362 0.006857057968115232
241 0.007346598404291446 0.006784356409126985
242 0.007413682601479657 0.006710984300720559
243 0.0074800340484410775 0.006636948894948806
244 0.007545646186981354 0.006562257509492733
245 0.007610512532193564 0.006486917526631945
246 0.007674626672932054 0.006410936392690219
247 0.007737982272395916 0.006334321617354659
248 0.007800573068493109 0.006257080773260005
249 0.00786239287504785 0.006179221494524759
250 0.007923435581947219 0.0061007514765586655
251 0.00798369515590426 0.006021678475108983
252 0.008043165640904841 0.005942010305693506
253 0.008101841158952537 0.005861754842630542
254 0.008159715910862708 0.005780920017956828
255 0.008216784176349686 0.005699513821308744
256 0.008273040314964541 0.005617544298621186
257 0.008328478766482534 0.005535019551568864
258 0.00838309405145866 0.005451947736763298
259 0.008436880771964871 0.005368337064645758
260 0.008489833611813092 0.005284195799147556
261 0.008541947337182372 0.0051995322567326184
262 0.008593216797339034 0.005114354805244771
263 0.008643636924981274 0.005028671863335316
264 0.008693202736598196 0.004942491899882246
265 0.008741909333250482 0.00485582343266599
266 0.008789751900964995 0.004768675027665675
267 0.00883672571107101 0.004681055298465994
268 0.008882826120816293 0.004592972905139303
269 0.008928048573658141 0.004504436553710223
270 0.008972388600047553 0.00441545499464514
271 0.009015841817399374 0.004326037022915169
272 0.009058403930991332 0.004236191476196607
273 0.009100070734061215 0.004145927234658441
274 0.00914083810832948 0.004055253219875614
275 0.009180702024525868 0.0039641783936733505
276 0.00921965854251647 0.003872711757851738
277 0.00925770381202477 0.0037808623525357366
278 0.009294834072714838 0.003688639255972219
279 0.00933104565472093 0.003596051583266521
280 0.009366334978943196 0.0035031084856488753
281 0.009400698557444218 0.0034098191494661705
282 0.009434132993848343 0.003316192795116423
283 0.009466634983605657 0.0032222386763201627
284 0.009498201314315198 0.003127966079218417
285 0.009528828866014026 0.003033384321548766
286 0.00955851461150475 0.002938502751683278
287 0.0095872556167461 0.0028433307474105703
288 0.009615049041050518 0.002747877715291112
289 0.009641892137397636 0.002652153089621644
290 0.009667782252675871 0.0025561663316078353
291 0.009692716827952997 0.0024599269284100314
292 0.00971669339877698 0.002363444392018536
293 0.009739709595361723 0.0022667282585300784
294 0.009761763142827042 0.0021697880871973468
295 0.009782851861467195 0.002072633459294678
296 0.00980297366693236 0.001975273977308141
297 0.009822126570416654 0.0018777192640848052
298 0.009840308678902232 0.0017799789616513473
299 0.009857518195296346 0.00168206273051913
300 0.009873753418673152 0.0015839802483744
301 0.009889012744383642 0.0014857412094365296
302 0.009903294664216493 0.0013873553235206684
303 0.009916597766588769 0.0012888323148054044
304 0.00992892073665531 0.0011901819210591968
305 0.009940262356443873 0.0010914138926479242
306 0.009950621504974893 0.0009925379915807669
307 0.009959997158374874 0.0008935639905258319
308 0.009968388389982555 0.0007945016717798809
309 0.009975794370429418 0.0006953608264122506
310 0.009982214367725667 0.0005961512532665351
311 0.009987647747333404 0.0004968827579882145
312 0.00999209397223095 0.0003975651520265429
313 0.009995552602964121 0.00029820825169194507
314 0.009998023297690119 0.00019882187718057754
315 0.00999950581221145 9.94158516005077e-05
316 0.01 0.0
317 0.009999505812218128 -9.941585092861394e-05
318 0.0099980232977168 -0.00019882187583876643
319 0.009995552603023318 -0.00029820824970776515
320 0.009992093972328829 -0.00039756514956658433
321 0.009987647747486122 -0.0004968827549184933
322 0.009982214367948107 -0.0005961512495419136
323 0.009975794370733322 -0.0006953608220523767
324 0.009968388390379416 -0.0007945016668005519
325 0.0099599971588729 -0.0008935639849746539
326 0.009950621505570354 -0.000992537985611022
327 0.009940262357153866 -0.0010914138861815293
328 0.00992892073751052 -0.0011901819139247323
329 0.00991659776760886 -0.001288832306956567
330 0.009903294665417207 -0.0013873553149496543
331 0.009889012745778554 -0.0014857412001520614
332 0.00987375342026425 -0.0015839802384562834
333 0.009857518197078393 -0.0016820627200756677
334 0.009840308680911984 -0.001779978950540774
335 0.00982212657268485 -0.0018777192522201436
336 0.00980297366947244 -0.001975273964702124
337 0.009782851864297878 -0.0020726334459338245
338 0.009761763145939397 -0.0021697880731950192
339 0.009739709598737907 -0.002266728244023235
340 0.009716693402423777 -0.0023634443770256678
341 0.009692716831920786 -0.0024599269127759636
342 0.00966778225694981 -0.0025561663154431914
343 0.009641892142034465 -0.002652153072764473
344 0.009615049046063391 -0.0027478776977506564
345 0.009587255622091558 -0.0028433307293865423
346 0.009558514617198909 -0.0029385027331610223
347 0.00952882887207361 -0.0030333843025136713
348 0.009498201320820372 -0.0031279660594651843
349 0.00946663499058363 -0.00322223865581953
350 0.009434133001283982 -0.0033161927739630104
351 0.009400698565330412 -0.0034098191277243377
352 0.009366334987224402 -0.0035031084635072426
353 0.009331045663486318 -0.003596051560522064
354 0.00929483408202437 -0.0036886392325135536
355 0.009257703821871348 -0.003780862328425703
356 0.00921965855290323 -0.0038727117331242606
357 0.00918070203541262 -0.0039641783684605525
358 0.009140838119782323 -0.004055253194060065
359 0.009100070745976943 -0.0041459272085041035
360 0.009058403943426852 -0.004236191449605275
361 0.009015841830442425 -0.004326036995732307
362 0.008972388613607525 -0.004415454967090712
363 0.00892804858777067 -0.00450443652573839
364 0.00888282613544062 -0.0045929728768558005
365 0.008836725726145682 -0.004681055270008575
366 0.008789751916485728 -0.00476867499905744
367 0.008741909349350268 -0.004855823403681644
368 0.008693202753303346 -0.004942491870500054
369 0.00864363694233366 -0.005028671833508806
370 0.00859321681542743 -0.005114354774852372
371 0.008541947355930618 -0.005199532225932438
372 0.008489833631200901 -0.0052841957679982034
373 0.008436880792028813 -0.0053683370331132595
374 0.008383094072123953 -0.005451947704987661
375 0.008328478787728183 -0.005535019519600784
376 0.008273040336920463 -0.00561754426628638
377 0.008216784198926583 -0.005699513788760444
378 0.008159715934061536 -0.0057809199852118945
379 0.0081018411829292 -0.005861754809491129
380 0.008043165665483649 -0.00594201027242338
381 0.007983695181138067 -0.006021678441653356
382 0.007923435607957099 -0.006100751442777973
383 0.00786239290180968 -0.006179221460473216
384 0.007800573095917893 -0.006257080739070092
385 0.007737982300307965 -0.006334321583257408
386 0.007674626701412578 -0.006410936358595762
387 0.007610512561233001 -0.006486917492562606
388 0.00754564621663931 -0.0065622574753903765
389 0.007480034078822981 -0.006636948860707519
390 0.007413682632588546 -0.006710984266354299
391 0.0073465984360763835 -0.006784356374707924
392 0.007278788119943382 -0.006857057933616361
393 0.007210258386198119 -0.006929081757654451
394 0.007141016007985673 -0.007000420728334288
395 0.007071067829254517 -0.007071067794476433
396 0.0070004207629550275 -0.007141015974046561
397 0.006929081792257275 -0.007210258352944693
398 0.006857057968115232 -0.007278788087443362
399 0.006784356409126985 -0.007346598404291446
400 0.006710984300720559 -0.007413682601479657
401 0.006636948894948806 -0.0074800340484410775
402 0.006562257509492733 -0.007545646186981354
403 0.006486917526631945 -0.007610512532193564
404 0.006410936392690219 -0.007674626672932054
405 0.006334321617354659 -0.007737982272395916
406 0.006257080773260005 -0.007800573068493109
407 0.006179221494524759 -0.00786239287504785
408 0.0061007514765586655 -0.007923435581947219
409 0.006021678475108983 -0.00798369515590426
410 0.005942010305693506 -0.008043165640904841
411 0.005861754842630542 -0.008101841158952537
412 0.005780920017956828 -0.008159715910862708
413 0.005699513821308744 -0.008216784176349686
414 0.005617544298621186 -0.008273040314964541
415 0.005535019551568864 -0.008328478766482534
416 0.005451947736763298 -0.00838309405145866
417 0.005368337064645758 -0.008436880771964871
418 0.005284195799147556 -0.008489833611813092
419 0.0051995322567326184 -0.008541947337182372
420 0.005114354805244771 -0.008593216797339034
421 0.005028671863335316 -0.008643636924981274
422 0.004942491899882246 -0.008693202736598196
423 0.00485582343266599 -0.008741909333250482
424 0.004768675027665675 -0.008789751900964995
425 0.004681055298465994 -0.00883672571107101
426 0.004592972905139303 -0.008882826120816293
427 0.004504436553710223 -0.008928048573658141
428 0.00441545499464514 -0.008972388600047553
429 0.004326037022915169 -0.009015841817399374
430 0.004236191476196607 -0.009058403930991332
431 0.004145927234658441 -0.009100070734061215
432 0.004055253219875614 -0.00914083810832948
433 0.0039641783936733505 -0.009180702024525868
434 0.003872711757851738 -0.00921965854251647
435 0.0037808623525357366 -0.00925770381202477
436 0.003688639255972219 -0.009294834072714838
437 0.003596051583266521 -0.00933104565472093
438 0.0035031084856488753 -0.009366334978943196
439 0.0034098191494661705 -0.009400698557444218
440 0.003316192795116423 -0.009434132993848343
441 0.0032222386763201627 -0.009466634983605657
442 0.003127966079218417 -0.009498201314315198
443 0.003033384321548766 -0.009528828866014026
444 0.002938502751683278 -0.00955851461150475
445 0.0028433307474105703 -0.0095872556167461
446 0.002747877715291112 -0.009615049041050518
447 0.002652153089621644 -0.009641892137397636
448 0.0025561663316078353 -0.009667782252675871
449 0.0024599269284100314 -0.009692716827952997
450 0.002363444392018536 -0.00971669339877698
451 0.0022667282585300784 -0.009739709595361723
452 0.0021697880871973468 -0.009761763142827042
453 0.002072633459294678 -0.009782851861467195
454 0.001975273977308141 -0.00980297366693236
455 0.0018777192640848052 -0.009822126570416654
456 0.0017799789616513473 -0.009840308678902232
457 0.00168206273051913 -0.009857518195296346
458 0.0015839802483744 -0.009873753418673152
459 0.0014857412094365296 -0.009889012744383642
460 0.0013873553235206684 -0.009903294664216493
461 0.0012888323148054044 -0.009916597766588769
462 0.0011901819210591968 -0.00992892073665531
463 0.0010914138926479242 -0.009940262356443873
464 0.0009925379915807669 -0.009950621504974893
465 0.0008935639905258319 -0.009959997158374874
466 0.0007945016717798809 -0.009968388389982555
467 0.0006953608264122506 -0.009975794370429418
468 0.0005961512532665351 -0.009982214367725667
469 0.0004968827579882145 -0.009987647747333404
470 0.0003975651520265429 -0.00999209397223095
471 0.00029820825169194507 -0.009995552602964121
472 0.00019882187718057754 -0.009998023297690119
473 9.94158516005077e-05 -0.00999950581221145
474 0.0 -0.01
475 -9.941585092861394e-05 -0.009999505812218128
476 -0.00019882187583876643 -0.0099980232977168
477 -0.00029820824970776515 -0.009995552603023318
478 -0.00039756514956658433 -0.009992093972328829
479 -0.0004968827549184933 -0.009987647747486122
480 -0.0005961512495419136 -0.009982214367948107
481 -0.0006953608220523767 -0.009975794370733322
482 -0.0007945016668005519 -0.009968388390379416
483 -0.0008935639849746539 -0.0099599971588729
484 -0.000992537985611022 -0.009950621505570354
485 -0.0010914138861815293 -0.009940262357153866
486 -0.0011901819139247323 -0.00992892073751052
487 -0.001288832306956567 -0.00991659776760886
488 -0.0013873553149496543 -0.009903294665417207
489 -0.0014857412001520614 -0.009889012745778554
490 -0.0015839802384562834 -0.00987375342026425
491 -0.0016820627200756677 -0.009857518197078393
492 -0.001779978950540774 -0.009840308680911984
493 -0.0018777192522201436 -0.00982212657268485
494 -0.001975273964702124 -0.00980297366947244
495 -0.0020726334459338245 -0.009782851864297878
496 -0.0021697880731950192 -0.009761763145939397
497 -0.002266728244023235 -0.009739709598737907
498 -0.0023634443770256678 -0.009716693402423777
499 -0.0024599269127759636 -0.009692716831920786
500 -0.0025561663154431914 -0.00966778225694981
501 -0.002652153072764473 -0.009641892142034465
502 -0.0027478776977506564 -0.009615049046063391
503 -0.0028433307293865423 -0.009587255622091558
504 -0.0029385027331610223 -0.009558514617198909
505 -0.0030333843025136713 -0.00952882887207361
506 -0.0031279660594651843 -0.009498201320820372
507 -0.00322223865581953 -0.00946663499058363
508 -0.0033161927739630104 -0.009434133001283982
509 -0.0034098191277243377 -0.009400698565330412
510 -0.0035031084635072426 -0.009366334987224402
511 -0.003596051560522064 -0.009331045663486318
512 -0.0036886392325135536 -0.00929483408202437
513 -0.003780862328425703 -0.009257703821871348
514 -0.0038727117331242606 -0.00921965855290323
515 -0.0039641783684605525 -0.00918070203541262
516 -0.004055253194060065 -0.009140838119782323
517 -0.0041459272085041035 -0.009100070745976943
518 -0.004236191449605275 -0.009058403943426852
519 -0.004326036995732307 -0.009015841830442425
520 -0.004415454967090712 -0.008972388613607525
521 -0.00450443652573839 -0.00892804858777067
522 -0.0045929728768558005 -0.00888282613544062
523 -0.004681055270008575 -0.008836725726145682
524 -0.00476867499905744 -0.008789751916485728
525 -0.004855823403681644 -0.008741909349350268
526 -0.004942491870500054 -0.008693202753303346
527 -0.005028671833508806 -0.00864363694233366
528 -0.005114354774852372 -0.00859321681542743
529 -0.005199532225932438 -0.008541947355930618
530 -0.0052841957679982034 -0.008489833631200901
531 -0.0053683370331132595 -0.008436880792028813
532 -0.005451947704987661 -0.008383094072123953
533 -0.005535019519600784 -0.008328478787728183
534 -0.00561754426628638 -0.008273040336920463
535 -0.005699513788760444 -0.008216784198926583
536 -0.0057809199852118945 -0.008159715934061536
537 -0.005861754809491129 -0.0081018411829292
538 -0.00594201027242338 -0.008043165665483649
539 -0.006021678441653356 -0.007983695181138067
540 -0.006100751442777973 -0.007923435607957099
541 -0.006179221460473216 -0.00786239290180968
542 -0.006257080739070092 -0.007800573095917893
543 -0.006334321583257408 -0.007737982300307965
544 -0.006410936358595762 -0.007674626701412578
545 -0.006486917492562606 -0.007610512561233001
546 -0.0065622574753903765 -0.00754564621663931
547 -0.006636948860707519 -0.007480034078822981
548 -0.006710984266354299 -0.007413682632588546
549 -0.006784356374707924 -0.0073465984360763835
550 -0.006857057933616361 -0.007278788119943382
551 -0.006929081757654451 -0.007210258386198119
552 -0.007000420728334288 -0.007141016007985673
553 -0.007071067794476433 -0.007071067829254517
554 -0.007141015974046561 -0.0070004207629550275
555 -0.007210258352944693 -0.006929081792257275
556 -0.007278788087443362 -0.006857057968115232
557 -0.007346598404291446 -0.006784356409126985
558 -0.007413682601479657 -0.006710984300720559
559 -0.0074800340484410775 -0.006636948894948806
560 -0.007545646186981354 -0.006562257509492733
561 -0.007610512532193564 -0.006486917526631945
562 -0.007674626672932054 -0.006410936392690219
563 -0.007737982272395916 -0.006334321617354659
564 -0.007800573068493109 -0.006257080773260005
565 -0.00786239287504785 -0.006179221494524759
566 -0.007923435581947219 -0.0061007514765586655
567 -0.00798369515590426 -0.006021678475108983
568 -0.008043165640904841 -0.005942010305693506
569 -0.008101841158952537 -0.005861754842630542
570 -0.008159715910862708 -0.005780920017956828
571 -0.008216784176349686 -0.005699513821308744
572 -0.008273040314964541 -0.005617544298621186
573 -0.008328478766482534 -0.005535019551568864
574 -0.00838309405145866 -0.005451947736763298
575 -0.008436880771964871 -0.005368337064645758
576 -0.008489833611813092 -0.005284195799147556
577 -0.008541947337182372 -0.0051995322567326184
578 -0.008593216797339034 -0.005114354805244771
579 -0.008643636924981274 -0.005028671863335316
580 -0.008693202736598196 -0.004942491899882246
581 -0.008741909333250482 -0.00485582343266599
582 -0.008789751900964995 -0.004768675027665675
583 -0.00883672571107101 -0.004681055298465994
584 -0.008882826120816293 -0.004592972905139303
585 -0.008928048573658141 -0.004504436553710223
586 -0.008972388600047553 -0.00441545499464514
587 -0.009015841817399374 -0.004326037022915169
588 -0.009058403930991332 -0.004236191476196607
589 -0.009100070734061215 -0.004145927234658441
590 -0.00914083810832948 -0.004055253219875614
591 -0.009180702024525868 -0.0039641783936733505
592 -0.00921965854251647 -0.003872711757851738
593 -0.00925770381202477 -0.0037808623525357366
594 -0.009294834072714838 -0.003688639255972219
595 -0.00933104565472093 -0.003596051583266521
596 -0.009366334978943196 -0.0035031084856488753
597 -0.009400698557444218 -0.0034098191494661705
598 -0.009434132993848343 -0.003316192795116423
599 -0.009466634983605657 -0.0032222386763201627
600 -0.009498201314315198 -0.003127966079218417
601 -0.009528828866014026 -0.003033384321548766
602 -0.00955851461150475 -0.002938502751683278
603 -0.0095872556167461 -0.0028433307474105703
604 -0.009615049041050518 -0.002747877715291112
605 -0.009641892137397636 -0.002652153089621644
606 -0.009667782252675871 -0.0025561663316078353
607 -0.009692716827952997 -0.0024599269284100314
608 -0.00971669339877698 -0.002363444392018536
609 -0.009739709595361723 -0.0022667282585300784
610 -0.009761763142827042 -0.0021697880871973468
611 -0.009782851861467195 -0.002072633459294678
612 -0.00980297366693236 -0.001975273977308141
613 -0.009822126570416654 -0.0018777192640848052
614 -0.009840308678902232 -0.0017799789616513473
615 -0.009857518195296346 -0.00168206273051913
616 -0.009873753418673152 -0.0015839802483744
617 -0.009889012744383642 -0.0014857412094365296
618 -0.009903294664216493 -0.0013873553235206684
619 -0.009916597766588769 -0.0012888323148054044
620 -0.00992892073665531 -0.0011901819210591968
621 -0.009940262356443873 -0.0010914138926479242
622 -0.009950621504974893 -0.0009925379915807669
623 -0.009959997158374874 -0.0008935639905258319
624 -0.009968388389982555 -0.0007945016717798809
625 -0.009975794370429418 -0.0006953608264122506
626 -0.009982214367725667 -0.0005961512532665351
627 -0.009987647747333404 -0.0004968827579882145
628 -0.00999209397223095 -0.0003975651520265429
629 -0.009995552602964121 -0.00029820825169194507
630 -0.009998023297690119 -0.00019882187718057754
631 -0.00999950581221145 -9.94158516005077e-05
632 -0.01 0.0

Lines

1 1 2
2 2 3
3 3 4
4 4 5
5 5 6
6 6 7
7 7 8
8 8 9
9 9 10
10 10 11
11 11 12
12 12 13
13 13 14
14 14 15
15 15 16
16 16 17
17 17 18
18 18 19
19 19 20
20 20 21
21 21 22
22 22 23
23 23 24
24 24 25
25 25 26
26 26 27
27 27 28
28 28 29
29 29 30
30 30 31
31 31 32
32 32 33
33 33 34
34 34 35
35 35 36
36 36 37
37 37 38
38 38 39
39 39 40
40 40 41
41 41 42
42 42 43
43 43 44
44 44 45
45 45 46
46 46 47
47 47 48
48 48 49
49 49 50
50 50 51
51 51 52
52 52 53
53 53 54
54 54 55
55 55 56
56 56 57
57 57 58
58 58 59
59 59 60
60 60 61
61 61 62
62 62 63
63 63 64
64 64 65
65 65 66
66 66 67
67 67 68
68 68 69
69 69 70
70 70 71
71 71 72
72 72 73
73 73 74
74 74 75
75 75 76
76 76 77
77 77 78
78 78 79
79 79 80
80 80 81
81 81 82
82 82 83
83 83 84
84 84 85
85 85 86
86 86 87
87 87 88
88 88 89
89 89 90
90 90 91
91 91 92
92 92 93
93 93 94
94 94 95
95 95 96
96 96 97
97 97 98
98 98 99
99 99 100
100 100 101
101 101 102
102 102 103
103 103 104
104 104 105
105 105 106
106 106 107
107 107 108
108 108 109
109 109 110
110 110 111
111 111 112
112 112 113
113 113 114
114 114 115
115 115 116
116 116 117
117 117 118
118 118 119
119 119 120
120 120 121
121 121 122
122 122 123
123 123 124
124 124 125
125 125 126
126 126 127
127 127 128
128 128 129
129 129 130
130 130 131
131 131 132
132 132 133
133 133 134
134 134 135
135 135 136
136 136 137
137 137 138
138 138 139
139 139 140
140 140 141
141 141 142
142 142 143
143 143 144
144 144 145
145 145 146
146 146 147
147 147 148
148 148 149
149 149 150
150 150 151
151 151 152
152 152 153
153 153 154
154 154 155
155 155 156
156 156 157
157 157 158
158 158 159
159 159 160
160 160 161
161 161 162
162 162 163
163 163 164
164 164 165
165 165 166
166 166 167
167 167 168
168 168 169
169 169 170
170 170 171
171 171 172
172 172 173
173 173 174
174 174 175
175 175 176
176 176 177
177 177 178
178 178 179
179 179 180
180 180 181
181 181 182
182 182 183
183 183 184
184 184 185
185 185 186
186 186 187
187 187 188
188 188 189
189 189 190
190 190 191
191 191 192
192 192 193
193 193 194
194 194 195
195 195 196
196 196 197
197 197 198
198 198 199
199 199 200
200 200 201
201 201 202
202 202 203
203 203 204
204 204 205
205 205 206
206 206 207
207 207 208
208 208 209
209 209 210
210 210 211
211 211 212
212 212 213
213 213 214
214 214 215
215 215 216
216 216 217
217 217 218
218 218 219
219 219 220
220 220 221
221 221 222
222 222 223
223 223 224
224 224 225
225 225 226
226 226 227
227 227 228
228 228 229
229 229 230
230 230 231
231 231 232
232 232 233
233 233 234
234 234 235
235 235 236
236 236 237
237 237 238
238 238 239
239 239 240
240 240 241
241 241 242
242 242 243
243 243 244
244 244 245
245 245 246
246 246 247
247 247 248
248 248 249
249 249 250
250 250 251
251 251 252
252 252 253
253 253 254
254 254 255
255 255 256
256 256 257
257 257 258
258 258 259
259 259 260
260 260 261
261 261 262
262 262 263
263 263 264
264 264 265
265 265 266
266 266 267
267 267 268
268 268 269
269 269 270
270 270 271
271 271 272
272 272 273
273 273 274
274 274 275
275 275 276
276 276 277
277 277 278
278 278 279
279 279 280
280 280 281
281 281 282
282 282 283
283 283 284
284 284 285
285 285 286
286 286 287
287 287 288
288 288 289
289 289 290
290 290 291
291 291 292
292 292 293
293 293 294
294 294 295
295 295 296
296 296 297
297 297 298
298 298 299
299 299 300
300 300 301
301 301 302
302 302 303
303 303 304
304 304 305
305 305 306
306 306 307
307 307 308
308 308 309
309 309 310
310 310 311
311 311 312
312 312 313
313 313 314
314 314 315
315 315 316
316 316 317
317 317 318
318 318 319
319 319 320
320 320 321
321 321 322
322 322 323
323 323 324
324 324 325
325 325 326
326 326 327
327 327 328
328 328 329
329 329 330
330 330 331
331 331 332
332 332 333
333 333 334
334 334 335
335 335 336
336 336 337
337 337 338
338 338 339
339 339 340
340 340 341
341 341 342
342 342 343
343 343 344
344 344 345
345 345 346
346 346 347
347 347 348
348 348 349
349 349 350
350 350 351
351 351 352
352 352 353
353 353 354
354 354 355
355 355 356
356 356 357
357 357 358
358 358 359
359 359 360
360 360 361
361 361 362
362 362 363
363 363 364
364 364 365
365 365 366
366 366 367
367 367 368
368 368 369
369 369 370
370 370 371
371 371 372
372 372 373
373 373 374
374 374 375
375 375 376
376 376 377
377 377 378
378 378 379
379 379 380
380 380 381
381 381 382
382 382 383
383 383 384
384 384 385
385 385 386
386 386 387
387 387 388
388 388 389
389 389 390
390 390 391
391 391 392
392 392 393
393 393 394
394 394 395
395 395 396
396 396 397
397 397 398
398 398 399
399 399 400
400 400 401
401 401 402
402 402 403
403 403 404
404 404 405
405 405 406
406 406 407
407 407 408
408 408 409
409 409 410
410 410 411
411 411 412
412 412 413
413 413 414
414 414 415
415 415 416
416 416 417
417 417 418
418 418 419
419 419 420
420 420 421
421 421 422
422 422 423
423 423 424
424 424 425
425 425 426
426 426 427
427 427 428
428 428 429
429 429 430
430 430 431
431 431 432
432 432 433
433 433 434
434 434 435
435 435 436
436 436 437
437 437 438
438 438 439
439 439 440
440 440 441
441 441 442
442 442 443
443 443 444
444 444 445
445 445 446
446 446 447
447 447 448
448 448 449
449 449 450
450 450 451
451 451 452
452 452 453
453 453 454
454 454 455
455 455 456
456 456 457
457 457 458
458 458 459
459 459 460
460 460 461
461 461 462
462 462 463
463 463 464
464 464 465
465 465 466
466 466 467
467 467 468
468 468 469
469 469 470
470 470 471
471 471 472
472 472 473
473 473 474
474 474 475
475 475 476
476 476 477
477 477 478
478 478 479
479 479 480
480 480 481
481 481 482
482 482 483
483 483 484
484 484 485
485 485 486
486 486 487
487 487 488
488 488 489
489 489 490
490 490 491
491 491 492
492 492 493
493 493 494
494 494 495
495 495 496
496 496 497
497 497 498
498 498 499
499 499 500
500 500 501
501 501 502
502 502 503
503 503 504
504 504 505
505 505 506
506 506 507
507 507 508
508 508 509
509 509 510
510 510 511
511 511 512
512 512 513
513 513 514
514 514 515
515 515 516
516 516 517
517 517 518
518 518 519
519 519 520
520 520 521
521 521 522
522 522 523
523 523 524
524 524 525
525 525 526
526 526 527
527 527 528
528 528 529
529 529 530
530 530 531
531 531 532
532 532 533
533 533 534
534 534 535
535 535 536
536 536 537
537 537 538
538 538 539
539 539 540
540 540 541
541 541 542
542 542 543
543 543 544
544 544 545
545 545 546
546 546 547
547 547 548
548 548 549
549 549 550
550 550 551
551 551 552
552 552 553
553 553 554
554 554 555
555 555 556
556 556 557
557 557 558
558 558 559
559 559 560
560 560 561
561 561 562
562 562 563
563 563 564
564 564 565
565 565 566
566 566 567
567 567 568
568 568 569
569 569 570
570 570 571
571 571 572
572 572 573
573 573 574
574 574 575
575 575 576
576 576 577
577 577 578
578 578 579
579 579 580
580 580 581
581 581 582
582 582 583
583 583 584
584 584 585
585 585 586
586 586 587
587 587 588
588 588 589
589 589 590
590 590 591
591 591 592
592 592 593
593 593 594
594 594 595
595 595 596
596 596 597
597 597 598
598 598 599
599 599 600
600 600 601
601 601 602
602 602 603
603 603 604
604 604 605
605 605 606
606 606 607
607 607 608
608 608 609
609 609 610
610 610 611
611 611 612
612 612 613
613 613 614
614 614 615
615 615 616
616 616 617
617 617 618
618 618 619
619 619 620
620 620 621
621 621 622
622 622 623
623 623 624
624 624 625
625 625 626
626 626 627
627 627 628
628 628 629
629 629 630
630 630 631
631 631 632
632 632 1
