NODE
1 -0.005 -0.5
2 -0.005 0.5
3 0.005 0.5
4 0.005 -0.5
5 -0.005 -0.4950000000000139
6 -0.005 -0.49000000000002775
7 -0.005 -0.4850000000000416
8 -0.005 -0.4800000000000555
9 -0.005 -0.47500000000006937
10 -0.005 -0.47000000000008324
11 -0.005 -0.46500000000009706
12 -0.005 -0.46000000000011093
13 -0.005 -0.4550000000001248
14 -0.005 -0.4500000000001387
15 -0.005 -0.44500000000015255
16 -0.005 -0.4400000000001664
17 -0.005 -0.4350000000001803
18 -0.005 -0.43000000000019417
19 -0.005 -0.42500000000020804
20 -0.005 -0.4200000000002219
21 -0.005 -0.4150000000002358
22 -0.005 -0.41000000000024966
23 -0.005 -0.40500000000026354
24 -0.005 -0.4000000000002774
25 -0.005 -0.39500000000029123
26 -0.005 -0.39000000000030516
27 -0.005 -0.38500000000031903
28 -0.005 -0.38000000000033285
29 -0.005 -0.3750000000003467
30 -0.005 -0.3700000000003606
31 -0.005 -0.36500000000037447
32 -0.005 -0.36000000000038834
33 -0.005 -0.3550000000004022
34 -0.005 -0.3500000000004161
35 -0.005 -0.34500000000042996
36 -0.005 -0.34000000000044384
37 -0.005 -0.3350000000004577
38 -0.005 -0.3300000000004716
39 -0.005 -0.32500000000048546
40 -0.005 -0.32000000000049933
41 -0.005 -0.3150000000005132
42 -0.005 -0.3100000000005271
43 -0.005 -0.3050000000005409
44 -0.005 -0.3000000000005548
45 -0.005 -0.2950000000005687
46 -0.005 -0.2900000000005825
47 -0.005 -0.28500000000059644
48 -0.005 -0.2800000000006103
49 -0.005 -0.27500000000062413
50 -0.005 -0.27000000000063806
51 -0.005 -0.2650000000006519
52 -0.005 -0.26000000000066575
53 -0.005 -0.2550000000006796
54 -0.005 -0.2500000000006935
55 -0.005 -0.24500000000070737
56 -0.005 -0.24000000000072125
57 -0.005 -0.23500000000073512
58 -0.005 -0.230000000000749
59 -0.005 -0.2250000000007628
60 -0.005 -0.22000000000077674
61 -0.005 -0.21500000000079061
62 -0.005 -0.21000000000080443
63 -0.005 -0.20500000000081836
64 -0.005 -0.20000000000083223
65 -0.005 -0.19500000000084605
66 -0.005 -0.19000000000085998
67 -0.005 -0.1850000000008738
68 -0.005 -0.18000000000088767
69 -0.005 -0.17500000000090155
70 -0.005 -0.17000000000091542
71 -0.005 -0.16500000000092924
72 -0.005 -0.1600000000009431
73 -0.005 -0.15500000000095698
74 -0.005 -0.1500000000009709
75 -0.005 -0.14500000000098479
76 -0.005 -0.1400000000009986
77 -0.005 -0.13500000000101248
78 -0.005 -0.13000000000102635
79 -0.005 -0.12500000000104022
80 -0.005 -0.1200000000010541
81 -0.005 -0.11500000000106803
82 -0.005 -0.11000000000108179
83 -0.005 -0.10500000000109572
84 -0.005 -0.10000000000110959
85 -0.005 -0.09500000000112346
86 -0.005 -0.09000000000113734
87 -0.005 -0.08500000000115115
88 -0.005 -0.08000000000116503
89 -0.005 -0.07500000000117896
90 -0.005 -0.07000000000119283
91 -0.005 -0.0650000000012067
92 -0.005 -0.06000000000122058
93 -0.005 -0.055000000001234395
94 -0.005 -0.05000000000124827
95 -0.005 -0.04500000000126214
96 -0.005 -0.04000000000127607
97 -0.005 -0.035000000001289944
98 -0.005 -0.03000000000130376
99 -0.005 -0.025000000001317635
100 -0.005 -0.020000000001331508
101 -0.005 -0.015000000001345382
102 -0.005 -0.010000000001359255
103 -0.005 -0.005000000001369187
104 -0.005 -1.3761214390228815e-12
105 -0.005 0.004999999998630877
106 -0.005 0.009999999998640763
107 -0.005 0.014999999998654645
108 -0.005 0.01999999999866864
109 -0.005 0.02499999999868241
110 -0.005 0.029999999998696292
111 -0.005 0.034999999998710174
112 -0.005 0.039999999998724056
113 -0.005 0.04499999999873783
114 -0.005 0.04999999999875182
115 -0.005 0.05499999999876559
116 -0.005 0.059999999998779474
117 -0.005 0.06499999999879336
118 -0.005 0.06999999999880724
119 -0.005 0.07499999999882112
120 -0.005 0.079999999998835
121 -0.005 0.08499999999884889
122 -0.005 0.08999999999886266
123 -0.005 0.09499999999887654
124 -0.005 0.09999999999889042
125 -0.005 0.1049999999989043
126 -0.005 0.10999999999891819
127 -0.005 0.11499999999893207
128 -0.005 0.11999999999894595
129 -0.005 0.12499999999895972
130 -0.005 0.12999999999897371
131 -0.005 0.1349999999989876
132 -0.005 0.13999999999900137
133 -0.005 0.14499999999901536
134 -0.005 0.14999999999902913
135 -0.005 0.15499999999904301
136 -0.005 0.15999999999905679
137 -0.005 0.16499999999907078
138 -0.005 0.16999999999908466
139 -0.005 0.17499999999909843
140 -0.005 0.17999999999911243
141 -0.005 0.1849999999991262
142 -0.005 0.18999999999914008
143 -0.005 0.19499999999915407
144 -0.005 0.19999999999916784
145 -0.005 0.20499999999918173
146 -0.005 0.2099999999991955
147 -0.005 0.2149999999992095
148 -0.005 0.21999999999922337
149 -0.005 0.22499999999923714
150 -0.005 0.22999999999925114
151 -0.005 0.2349999999992649
152 -0.005 0.2399999999992788
153 -0.005 0.24499999999929256
154 -0.005 0.24999999999930655
155 -0.005 0.25499999999932044
156 -0.005 0.2599999999993342
157 -0.005 0.2649999999993482
158 -0.005 0.269999999999362
159 -0.005 0.27499999999937585
160 -0.005 0.27999999999938974
161 -0.005 0.2849999999994036
162 -0.005 0.2899999999994175
163 -0.005 0.2949999999994313
164 -0.005 0.29999999999944515
165 -0.005 0.30499999999945915
166 -0.005 0.3099999999994729
167 -0.005 0.3149999999994868
168 -0.005 0.3199999999995007
169 -0.005 0.32499999999951457
170 -0.005 0.32999999999952845
171 -0.005 0.3349999999995422
172 -0.005 0.3399999999995562
173 -0.005 0.34499999999957
174 -0.005 0.34999999999958387
175 -0.005 0.35499999999959786
176 -0.005 0.35999999999961163
177 -0.005 0.3649999999996255
178 -0.005 0.3699999999996393
179 -0.005 0.3749999999996533
180 -0.005 0.37999999999966705
181 -0.005 0.38499999999968093
182 -0.005 0.3899999999996949
183 -0.005 0.3949999999997087
184 -0.005 0.3999999999997226
185 -0.005 0.40499999999973635
186 -0.005 0.40999999999975034
187 -0.005 0.4149999999997642
188 -0.005 0.419999999999778
189 -0.005 0.424999999999792
190 -0.005 0.42999999999980576
191 -0.005 0.43499999999981964
192 -0.005 0.43999999999983364
193 -0.005 0.4449999999998474
194 -0.005 0.4499999999998613
195 -0.005 0.45499999999987506
196 -0.005 0.45999999999988905
197 -0.005 0.46499999999990294
198 -0.005 0.4699999999999167
199 -0.005 0.4749999999999307
200 -0.005 0.47999999999994447
201 -0.005 0.48499999999995835
202 -0.005 0.48999999999997224
203 -0.005 0.4949999999999861
204 -1.2709451546744077e-14 0.5
205 0.005 0.4950000000000139
206 0.005 0.49000000000002775
207 0.005 0.4850000000000416
208 0.005 0.4800000000000555
209 0.005 0.47500000000006937
210 0.005 0.47000000000008324
211 0.005 0.46500000000009706
212 0.005 0.46000000000011093
213 0.005 0.4550000000001248
214 0.005 0.4500000000001387
215 0.005 0.44500000000015255
216 0.005 0.4400000000001664
217 0.005 0.4350000000001803
218 0.005 0.43000000000019417
219 0.005 0.42500000000020804
220 0.005 0.4200000000002219
221 0.005 0.4150000000002358
222 0.005 0.41000000000024966
223 0.005 0.40500000000026354
224 0.005 0.4000000000002774
225 0.005 0.39500000000029123
226 0.005 0.39000000000030516
227 0.005 0.38500000000031903
228 0.005 0.38000000000033285
229 0.005 0.3750000000003467
230 0.005 0.3700000000003606
231 0.005 0.36500000000037447
232 0.005 0.36000000000038834
233 0.005 0.3550000000004022
234 0.005 0.3500000000004161
235 0.005 0.34500000000042996
236 0.005 0.34000000000044384
237 0.005 0.3350000000004577
238 0.005 0.3300000000004716
239 0.005 0.32500000000048546
240 0.005 0.32000000000049933
241 0.005 0.3150000000005132
242 0.005 0.3100000000005271
243 0.005 0.3050000000005409
244 0.005 0.3000000000005548
245 0.005 0.2950000000005687
246 0.005 0.2900000000005825
247 0.005 0.28500000000059644
248 0.005 0.2800000000006103
249 0.005 0.27500000000062413
250 0.005 0.27000000000063806
251 0.005 0.2650000000006519
252 0.005 0.26000000000066575
253 0.005 0.2550000000006796
254 0.005 0.2500000000006935
255 0.005 0.24500000000070737
256 0.005 0.24000000000072125
257 0.005 0.23500000000073512
258 0.005 0.230000000000749
259 0.005 0.2250000000007628
260 0.005 0.22000000000077674
261 0.005 0.21500000000079061
262 0.005 0.21000000000080443
263 0.005 0.20500000000081836
264 0.005 0.20000000000083223
265 0.005 0.19500000000084605
266 0.005 0.19000000000085998
267 0.005 0.1850000000008738
268 0.005 0.18000000000088767
269 0.005 0.17500000000090155
270 0.005 0.17000000000091542
271 0.005 0.16500000000092924
272 0.005 0.1600000000009431
273 0.005 0.15500000000095698
274 0.005 0.1500000000009709
275 0.005 0.14500000000098479
276 0.005 0.1400000000009986
277 0.005 0.13500000000101248
278 0.005 0.13000000000102635
279 0.005 0.12500000000104022
280 0.005 0.1200000000010541
281 0.005 0.11500000000106803
282 0.005 0.11000000000108179
283 0.005 0.10500000000109572
284 0.005 0.10000000000110959
285 0.005 0.09500000000112346
286 0.005 0.09000000000113734
287 0.005 0.08500000000115115
288 0.005 0.08000000000116503
289 0.005 0.07500000000117896
290 0.005 0.07000000000119283
291 0.005 0.0650000000012067
292 0.005 0.06000000000122058
293 0.005 0.055000000001234395
294 0.005 0.05000000000124827
295 0.005 0.04500000000126214
296 0.005 0.04000000000127607
297 0.005 0.035000000001289944
298 0.005 0.03000000000130376
299 0.005 0.025000000001317635
300 0.005 0.020000000001331508
301 0.005 0.015000000001345382
302 0.005 0.010000000001359255
303 0.005 0.005000000001369187
304 0.005 1.3761214390228815e-12
305 0.005 -0.004999999998630877
306 0.005 -0.009999999998640763
307 0.005 -0.014999999998654645
308 0.005 -0.01999999999866864
309 0.005 -0.02499999999868241
310 0.005 -0.029999999998696292
311 0.005 -0.034999999998710174
312 0.005 -0.039999999998724056
313 0.005 -0.04499999999873783
314 0.005 -0.04999999999875182
315 0.005 -0.05499999999876559
316 0.005 -0.059999999998779474
317 0.005 -0.06499999999879336
318 0.005 -0.06999999999880724
319 0.005 -0.07499999999882112
320 0.005 -0.079999999998835
321 0.005 -0.08499999999884889
322 0.005 -0.08999999999886266
323 0.005 -0.09499999999887654
324 0.005 -0.09999999999889042
325 0.005 -0.1049999999989043
326 0.005 -0.10999999999891819
327 0.005 -0.11499999999893207
328 0.005 -0.11999999999894595
329 0.005 -0.12499999999895972
330 0.005 -0.12999999999897371
331 0.005 -0.1349999999989876
332 0.005 -0.13999999999900137
333 0.005 -0.14499999999901536
334 0.005 -0.14999999999902913
335 0.005 -0.15499999999904301
336 0.005 -0.15999999999905679
337 0.005 -0.16499999999907078
338 0.005 -0.16999999999908466
339 0.005 -0.17499999999909843
340 0.005 -0.17999999999911243
341 0.005 -0.1849999999991262
342 0.005 -0.18999999999914008
343 0.005 -0.19499999999915407
344 0.005 -0.19999999999916784
345 0.005 -0.20499999999918173
346 0.005 -0.2099999999991955
347 0.005 -0.2149999999992095
348 0.005 -0.21999999999922337
349 0.005 -0.22499999999923714
350 0.005 -0.22999999999925114
351 0.005 -0.2349999999992649
352 0.005 -0.2399999999992788
353 0.005 -0.24499999999929256
354 0.005 -0.24999999999930655
355 0.005 -0.25499999999932044
356 0.005 -0.2599999999993342
357 0.005 -0.2649999999993482
358 0.005 -0.269999999999362
359 0.005 -0.27499999999937585
360 0.005 -0.27999999999938974
361 0.005 -0.2849999999994036
362 0.005 -0.2899999999994175
363 0.005 -0.2949999999994313
364 0.005 -0.29999999999944515
365 0.005 -0.30499999999945915
366 0.005 -0.3099999999994729
367 0.005 -0.3149999999994868
368 0.005 -0.3199999999995007
369 0.005 -0.32499999999951457
370 0.005 -0.32999999999952845
371 0.005 -0.3349999999995422
372 0.005 -0.3399999999995562
373 0.005 -0.34499999999957
374 0.005 -0.34999999999958387
375 0.005 -0.35499999999959786
376 0.005 -0.35999999999961163
377 0.005 -0.3649999999996255
378 0.005 -0.3699999999996393
379 0.005 -0.3749999999996533
380 0.005 -0.37999999999966705
381 0.005 -0.38499999999968093
382 0.005 -0.3899999999996949
383 0.005 -0.3949999999997087
384 0.005 -0.3999999999997226
385 0.005 -0.40499999999973635
386 0.005 -0.40999999999975034
387 0.005 -0.4149999999997642
388 0.005 -0.419999999999778
389 0.005 -0.424999999999792
390 0.005 -0.42999999999980576
391 0.005 -0.43499999999981964
392 0.005 -0.43999999999983364
393 0.005 -0.4449999999998474
394 0.005 -0.4499999999998613
395 0.005 -0.45499999999987506
396 0.005 -0.45999999999988905
397 0.005 -0.46499999999990294
398 0.005 -0.4699999999999167
399 0.005 -0.4749999999999307
400 0.005 -0.47999999999994447
401 0.005 -0.48499999999995835
402 0.005 -0.48999999999997224
403 0.005 -0.4949999999999861
404 1.2709451546744077e-14 -0.5
405 -3.880022947351549e-05 -0.493485261188771
406 7.858506178419326e-05 0.4916733209095723
407 3.716461484166056e-06 -0.48449793821333964
408 6.254781288712674e-06 0.480261621014537
409 -3.040675334838234e-06 -0.47476801683921505
410 3.1632895706584e-06 0.47022979736323145
411 -3.436610409686446e-06 -0.46477050781250256
412 3.43661040968637e-06 0.4602294921875026
413 -3.4430462465052155e-06 -0.4547705078125033
414 3.443046246505151e-06 0.4502294921875034
415 3.443046246785741e-06 0.44022949218750407
416 -3.4430462467859154e-06 -0.44477050781250405
417 -3.443046247082011e-06 -0.43477050781250476
418 3.4430462470819314e-06 0.43022949218750484
419 -3.4430462473868887e-06 -0.4247705078125055
420 3.443046247387423e-06 0.4202294921875055
421 -3.4430462476726844e-06 -0.41477050781250624
422 3.443046247675486e-06 0.41022949218750626
423 -3.4430462479500233e-06 -0.40477050781250695
424 3.443046247956837e-06 0.400229492187507
425 -3.4430462482396137e-06 -0.3947705078125077
426 3.4430462482453117e-06 0.39022949218750774
427 -3.443046248535601e-06 -0.38477050781250843
428 3.443046248536826e-06 0.38022949218750846
429 -3.443046248827902e-06 -0.3747705078125092
430 3.4430462488281275e-06 0.3702294921875091
431 3.4430462491153357e-06 0.3602294921875099
432 -3.443046249115107e-06 -0.3647705078125099
433 -3.4430462493996016e-06 -0.3547705078125106
434 3.44304624939954e-06 0.35022949218751054
435 -3.4430462496853973e-06 -0.34477050781251134
436 3.443046249685528e-06 0.34022949218751125
437 3.4430462499722615e-06 0.330229492187512
438 -3.443046249972277e-06 -0.33477050781251205
439 -3.443046250260133e-06 -0.32477050781251277
440 3.443046250259972e-06 0.32022949218751284
441 -3.4430462505498317e-06 -0.3147705078125134
442 3.4430462505497775e-06 0.3102294921875135
443 -3.4430462508356274e-06 -0.3047705078125142
444 3.443046250835562e-06 0.30022949218751416
445 -3.4430462511191463e-06 -0.2947705078125149
446 3.4430462511186855e-06 0.2902294921875149
447 -3.443046251407761e-06 -0.2847705078125156
448 3.44304625140616e-06 0.28022949218751564
449 -3.443046251703965e-06 -0.2747705078125164
450 3.4430462517029273e-06 0.2702294921875164
451 -3.4430462519985426e-06 -0.26477050781251715
452 3.443046251998416e-06 0.2602294921875171
453 -3.4430462522830373e-06 -0.2547705078125178
454 3.443046252283016e-06 0.2502294921875179
455 -3.4430462525683993e-06 -0.24477050781251858
456 3.443046252568434e-06 0.24022949218751852
457 3.4430462528564426e-06 0.2302294921875193
458 -3.443046252856472e-06 -0.23477050781251926
459 -3.443046253141617e-06 -0.22477050781252
460 3.443046253141635e-06 0.22022949218752
461 -3.4430462534287137e-06 -0.21477050781252072
462 3.4430462534286943e-06 0.21022949218752066
463 -3.443046253720798e-06 -0.2047705078125214
464 3.443046253720788e-06 0.20022949218752148
465 3.443046254012757e-06 0.1902294921875221
466 -3.443046254012665e-06 -0.19477050781252214
467 3.4430462542989723e-06 0.18022949218752288
468 -3.443046254298786e-06 -0.1847705078125229
469 -3.443046254584907e-06 -0.17477050781252362
470 3.4430462545848544e-06 0.17022949218752356
471 -3.443046254874714e-06 -0.16477050781252425
472 3.4430462548746803e-06 0.16022949218752422
473 3.443046255163589e-06 0.15022949218752496
474 -3.4430462551635456e-06 -0.154770507812525
475 3.443046255450372e-06 0.14022949218752573
476 -3.443046255450317e-06 -0.14477050781252573
477 -3.4430462557381728e-06 -0.13477050781252642
478 3.443046255738292e-06 0.13022949218752644
479 -3.443046256026137e-06 -0.12477050781252717
480 3.443046256026292e-06 0.12022949218752715
481 -3.4430462563142094e-06 -0.11477050781252787
482 3.443046256314539e-06 0.11022949218752787
483 -3.443046256602607e-06 -0.1047705078125286
484 3.443046256602471e-06 0.10022949218752861
485 -3.443046256890788e-06 -0.09477050781252931
486 3.443046256890854e-06 0.0902294921875293
487 -3.4430462571790775e-06 -0.08477050781253004
488 3.4430462571790012e-06 0.08022949218753003
489 -3.4430462574668247e-06 -0.07477050781253078
490 3.443046257466983e-06 0.07022949218753079
491 -3.4430462577552225e-06 -0.06477050781253149
492 3.4430462577551666e-06 0.060229492187531486
493 -3.4430462580434034e-06 -0.05477050781253219
494 3.443046258043431e-06 0.050229492187532185
495 -3.443046258331693e-06 -0.04477050781253292
496 3.4430462583317047e-06 0.04022949218753293
497 -3.438957530902797e-06 -0.034770507812533664
498 3.4432181928218048e-06 0.030229492187533645
499 -3.1667076540066582e-06 -0.024770507812534998
500 3.455345343034294e-06 0.020229454040561593
501 2.9678224022398284e-07 -0.014770202636761383
502 3.6064158418564067e-06 0.010226821899446122
503 1.3328962476905851e-06 -0.004754333496111417
504 2.830951269994198e-06 0.00018981933594887032
505 1.978765955879541e-05 0.48538852285728123
506 2.6363669943597378e-05 -0.4877871219974502
507 2.1050546712127624e-06 0.4751548110861807
508 -5.98094073485855e-07 -0.4798104889974961
509 2.0806065467110395e-06 0.46515018463134256
510 -2.0652797672333478e-06 -0.4698495421439655
511 2.1284478043687677e-06 0.4551501464843768
512 -2.1284478043687854e-06 -0.45984985351562674
513 2.1292522841093767e-06 0.44515014648437734
514 -2.1292522841093132e-06 -0.44984985351562723
515 2.129252284287158e-06 0.43515014648437766
516 -2.129252284287339e-06 -0.4398498535156277
517 2.1292522844743027e-06 0.4251501464843782
518 -2.1292522844742557e-06 -0.42984985351562816
519 2.1292522846582977e-06 0.4151501464843786
520 -2.1292522846573774e-06 -0.4198498535156286
521 2.1292522848335255e-06 0.40515014648437914
522 -2.129252284830633e-06 -0.4098498535156291
523 -2.1292522850055147e-06 -0.3998498535156295
524 2.1292522850096317e-06 0.39515014648437957
525 -2.12925228518701e-06 -0.38984985351563
526 2.1292522851891807e-06 0.38515014648438006
527 2.1292522853695835e-06 0.3751501464843805
528 -2.129252285369156e-06 -0.37984985351563044
529 2.1292522855486467e-06 0.36515014648438093
530 -2.1292522855483748e-06 -0.3698498535156309
531 2.1292522857249197e-06 0.3551501464843813
532 -2.1292522857249913e-06 -0.35984985351563137
533 -2.129252285901174e-06 -0.34984985351563175
534 2.129252285901304e-06 0.3451501464843817
535 2.1292522860782777e-06 0.3351501464843821
536 -2.1292522860782244e-06 -0.33984985351563224
537 2.129252286255854e-06 0.3251501464843827
538 -2.1292522862560335e-06 -0.3298498535156327
539 2.1292522864346457e-06 0.31515014648438316
540 -2.12925228643471e-06 -0.31984985351563316
541 2.1292522866128605e-06 0.30515014648438354
542 -2.1292522866128444e-06 -0.3098498535156335
543 2.129252286788524e-06 0.295150146484384
544 -2.1292522867885936e-06 -0.299849853515634
545 -2.1292522869651017e-06 -0.28984985351563447
546 2.1292522869644597e-06 0.28515014648438447
547 2.1292522871453127e-06 0.27515014648438485
548 -2.1292522871461635e-06 -0.2798498535156349
549 2.1292522873291213e-06 0.2651501464843854
550 -2.1292522873292852e-06 -0.2698498535156354
551 2.129252287508455e-06 0.25515014648438583
552 -2.1292522875083954e-06 -0.25984985351563583
553 2.1292522876841535e-06 0.2451501464843863
554 -2.129252287684253e-06 -0.2498498535156363
555 2.1292522878616404e-06 0.2351501464843867
556 -2.1292522878616285e-06 -0.2398498535156367
557 2.1292522880390595e-06 0.2251501464843872
558 -2.129252288039004e-06 -0.22984985351563716
559 2.1292522882156193e-06 0.2151501464843876
560 -2.1292522882156205e-06 -0.21984985351563763
561 2.1292522883946625e-06 0.20515014648438804
562 -2.1292522883946223e-06 -0.209849853515638
563 2.1292522885757578e-06 0.1951501464843885
564 -2.129252288575684e-06 -0.1998498535156385
565 2.129252288754542e-06 0.1851501464843889
566 -2.129252288754252e-06 -0.18984985351563893
567 2.129252288931028e-06 0.17515014648438937
568 -2.1292522889310855e-06 -0.17984985351563942
569 2.129252289109062e-06 0.16515014648438975
570 -2.12925228910922e-06 -0.16984985351563986
571 2.1292522892883395e-06 0.15515014648439018
572 -2.1292522892884386e-06 -0.15984985351564018
573 2.129252289466075e-06 0.14515014648439067
574 -2.1292522894661393e-06 -0.14984985351564067
575 2.129252289643773e-06 0.13515014648439116
576 -2.1292522896437316e-06 -0.13984985351564114
577 2.1292522898219097e-06 0.12515014648439157
578 -2.1292522898219745e-06 -0.1298498535156416
579 2.1292522900002787e-06 0.11515014648439201
580 -2.129252289999892e-06 -0.11984985351564205
581 2.1292522901783026e-06 0.10515014648439246
582 -2.1292522901782433e-06 -0.10984985351564244
583 2.1292522903564633e-06 0.09515014648439292
584 -2.1292522903563777e-06 -0.09984985351564289
585 2.129252290534826e-06 0.08515014648439334
586 -2.1292522905348374e-06 -0.08984985351564337
587 2.1292522907129612e-06 0.07515014648439383
588 -2.1292522907128634e-06 -0.0798498535156438
589 2.129252290891001e-06 0.06515014648439428
590 -2.1292522908911062e-06 -0.06984985351564428
591 2.1292522910692627e-06 0.05515014648439469
592 -2.1292522910691322e-06 -0.0598498535156447
593 2.129252291247525e-06 0.045150146484395144
594 -2.129252291247592e-06 -0.04984985351564514
595 2.1292737832010877e-06 0.03515014648439561
596 -2.128741200461146e-06 -0.0398498535156456
597 2.131155037299096e-06 0.025150141716024445
598 -2.0860214195929806e-06 -0.02984985351564614
599 2.1699632805134627e-06 0.015149731636068262
600 -1.2135709363125672e-06 -0.01984981536867581
601 2.1746420958339575e-06 0.005140810012832375
602 1.606916014384595e-06 -0.009847183227563871
603 0.001970121212140972 -0.4959067352900846
604 -0.0019492522956511403 0.49549775446203614
605 -0.0020202506218141157 -0.4958983869836221
606 0.0020390667752448665 0.4954791691804522
*
TOPO
409 2 306 602 501 307
410 2 308 600 499 309
411 2 310 598 497 311
412 2 312 596 495 313
413 2 314 594 493 315
414 2 316 592 491 317
415 2 318 590 489 319
416 2 320 588 487 321
417 2 322 586 485 323
418 2 324 584 483 325
419 2 326 582 481 327
420 2 328 580 479 329
421 2 330 578 477 331
422 2 332 576 476 333
423 2 334 574 474 335
424 2 336 572 471 337
425 2 338 570 469 339
426 2 340 568 468 341
427 2 342 566 466 343
428 2 344 564 463 345
429 2 346 562 461 347
430 2 348 560 459 349
431 2 350 558 458 351
432 2 352 556 455 353
433 2 354 554 453 355
434 2 356 552 451 357
435 2 358 550 449 359
436 2 360 548 447 361
437 2 362 545 445 363
438 2 364 544 443 365
439 2 366 542 441 367
440 2 368 540 439 369
441 2 370 538 438 371
442 2 372 536 435 373
443 2 374 533 433 375
444 2 376 532 432 377
445 2 378 530 429 379
446 2 380 528 427 381
447 2 382 525 425 383
448 2 384 523 423 385
449 2 386 522 421 387
450 2 388 520 419 389
451 2 390 518 417 391
452 2 392 516 416 393
453 2 394 514 413 395
454 2 396 512 411 397
455 2 398 510 409 399
456 2 400 508 407 401
457 2 408 505 201 200
458 2 410 507 199 198
459 2 412 509 197 196
460 2 414 511 195 194
461 2 415 513 193 192
462 2 418 515 191 190
463 2 420 517 189 188
464 2 422 519 187 186
465 2 424 521 185 184
466 2 426 524 183 182
467 2 428 526 181 180
468 2 430 527 179 178
469 2 431 529 177 176
470 2 434 531 175 174
471 2 436 534 173 172
472 2 437 535 171 170
473 2 440 537 169 168
474 2 442 539 167 166
475 2 444 541 165 164
476 2 446 543 163 162
477 2 448 546 161 160
478 2 450 547 159 158
479 2 452 549 157 156
480 2 454 551 155 154
481 2 456 553 153 152
482 2 457 555 151 150
483 2 460 557 149 148
484 2 462 559 147 146
485 2 464 561 145 144
486 2 465 563 143 142
487 2 467 565 141 140
488 2 470 567 139 138
489 2 472 569 137 136
490 2 473 571 135 134
491 2 475 573 133 132
492 2 478 575 131 130
493 2 480 577 129 128
494 2 482 579 127 126
495 2 484 581 125 124
496 2 486 583 123 122
497 2 488 585 121 120
498 2 490 587 119 118
499 2 492 589 117 116
500 2 494 591 115 114
501 2 496 593 113 112
502 2 498 595 111 110
503 2 504 601 105 104
504 2 500 597 109 108
505 2 502 599 107 106
506 2 304 504 503 305
507 2 506 407 7 6
508 2 506 6 405 402
509 2 206 406 505 207
510 2 208 408 507 209
511 2 508 409 9 8
512 2 510 411 11 10
513 2 210 410 509 211
514 2 512 413 13 12
515 2 212 412 511 213
516 2 514 416 15 14
517 2 214 414 513 215
518 2 216 415 515 217
519 2 516 417 17 16
520 2 218 418 517 219
521 2 518 419 19 18
522 2 520 421 21 20
523 2 220 420 519 221
524 2 522 423 23 22
525 2 222 422 521 223
526 2 523 425 25 24
527 2 224 424 524 225
528 2 525 427 27 26
529 2 226 426 526 227
530 2 228 428 527 229
531 2 528 429 29 28
532 2 530 432 31 30
533 2 230 430 529 231
534 2 532 433 33 32
535 2 232 431 531 233
536 2 234 434 534 235
537 2 533 435 35 34
538 2 236 436 535 237
539 2 536 438 37 36
540 2 238 437 537 239
541 2 538 439 39 38
542 2 240 440 539 241
543 2 540 441 41 40
544 2 542 443 43 42
545 2 242 442 541 243
546 2 244 444 543 245
547 2 544 445 45 44
548 2 246 446 546 247
549 2 545 447 47 46
550 2 248 448 547 249
551 2 548 449 49 48
552 2 250 450 549 251
553 2 550 451 51 50
554 2 552 453 53 52
555 2 252 452 551 253
556 2 254 454 553 255
557 2 554 455 55 54
558 2 256 456 555 257
559 2 556 458 57 56
560 2 558 459 59 58
561 2 258 457 557 259
562 2 260 460 559 261
563 2 560 461 61 60
564 2 262 462 561 263
565 2 562 463 63 62
566 2 264 464 563 265
567 2 564 466 65 64
568 2 266 465 565 267
569 2 566 468 67 66
570 2 568 469 69 68
571 2 268 467 567 269
572 2 570 471 71 70
573 2 270 470 569 271
574 2 572 474 73 72
575 2 272 472 571 273
576 2 574 476 75 74
577 2 274 473 573 275
578 2 276 475 575 277
579 2 576 477 77 76
580 2 578 479 79 78
581 2 278 478 577 279
582 2 580 481 81 80
583 2 280 480 579 281
584 2 582 483 83 82
585 2 282 482 581 283
586 2 284 484 583 285
587 2 584 485 85 84
588 2 586 487 87 86
589 2 286 486 585 287
590 2 288 488 587 289
591 2 588 489 89 88
592 2 590 491 91 90
593 2 290 490 589 291
594 2 592 493 93 92
595 2 292 492 591 293
596 2 594 495 95 94
597 2 294 494 593 295
598 2 296 496 595 297
599 2 596 497 97 96
600 2 598 499 99 98
601 2 298 498 597 299
602 2 300 500 599 301
603 2 600 501 101 100
604 2 302 502 601 303
605 2 602 503 103 102
606 2 406 604 203 202
607 2 405 603 403 402
608 2 106 105 601 502
609 2 602 306 305 503
610 2 108 107 599 500
611 2 600 308 307 501
612 2 110 109 597 498
613 2 598 310 309 499
614 2 112 111 595 496
615 2 596 312 311 497
616 2 114 113 593 494
617 2 594 314 313 495
618 2 116 115 591 492
619 2 592 316 315 493
620 2 118 117 589 490
621 2 590 318 317 491
622 2 588 320 319 489
623 2 120 119 587 488
624 2 122 121 585 486
625 2 586 322 321 487
626 2 124 123 583 484
627 2 584 324 323 485
628 2 126 125 581 482
629 2 582 326 325 483
630 2 128 127 579 480
631 2 580 328 327 481
632 2 130 129 577 478
633 2 578 330 329 479
634 2 132 131 575 475
635 2 576 332 331 477
636 2 134 133 573 473
637 2 574 334 333 476
638 2 136 135 571 472
639 2 572 336 335 474
640 2 138 137 569 470
641 2 570 338 337 471
642 2 140 139 567 467
643 2 568 340 339 469
644 2 142 141 565 465
645 2 566 342 341 468
646 2 564 344 343 466
647 2 144 143 563 464
648 2 146 145 561 462
649 2 562 346 345 463
650 2 148 147 559 460
651 2 560 348 347 461
652 2 150 149 557 457
653 2 558 350 349 459
654 2 152 151 555 456
655 2 556 352 351 458
656 2 154 153 553 454
657 2 554 354 353 455
658 2 156 155 551 452
659 2 552 356 355 453
660 2 158 157 549 450
661 2 550 358 357 451
662 2 548 360 359 449
663 2 160 159 547 448
664 2 545 362 361 447
665 2 162 161 546 446
666 2 164 163 543 444
667 2 544 364 363 445
668 2 166 165 541 442
669 2 542 366 365 443
670 2 168 167 539 440
671 2 540 368 367 441
672 2 170 169 537 437
673 2 538 370 369 439
674 2 172 171 535 436
675 2 536 372 371 438
676 2 174 173 534 434
677 2 533 374 373 435
678 2 532 376 375 433
679 2 176 175 531 431
680 2 178 177 529 430
681 2 530 378 377 432
682 2 528 380 379 429
683 2 180 179 527 428
684 2 182 181 526 426
685 2 525 382 381 427
686 2 184 183 524 424
687 2 523 384 383 425
688 2 186 185 521 422
689 2 522 386 385 423
690 2 188 187 519 420
691 2 520 388 387 421
692 2 518 390 389 419
693 2 190 189 517 418
694 2 192 191 515 415
695 2 516 392 391 417
696 2 194 193 513 414
697 2 514 394 393 416
698 2 196 195 511 412
699 2 512 396 395 413
700 2 198 197 509 410
701 2 510 398 397 411
702 2 200 199 507 408
703 2 508 400 399 409
704 2 202 201 505 406
705 2 506 402 401 407
706 2 504 304 303 601
707 2 104 103 503 504
708 2 46 45 445 545
709 2 446 246 245 543
710 2 82 81 481 582
711 2 482 282 281 579
712 2 28 27 427 528
713 2 428 228 227 526
714 2 26 25 425 525
715 2 426 226 225 524
716 2 76 75 476 576
717 2 475 276 275 573
718 2 62 61 461 562
719 2 462 262 261 559
720 2 80 79 479 580
721 2 88 87 487 588
722 2 480 280 279 577
723 2 488 288 287 585
724 2 98 97 497 598
725 2 498 298 297 595
726 2 64 63 463 564
727 2 464 264 263 561
728 2 10 9 409 510
729 2 12 11 411 512
730 2 14 13 413 514
731 2 16 15 416 516
732 2 20 19 419 520
733 2 22 21 421 522
734 2 24 23 423 523
735 2 30 29 429 530
736 2 32 31 432 532
737 2 34 33 433 533
738 2 36 35 435 536
739 2 38 37 438 538
740 2 52 51 451 552
741 2 54 53 453 554
742 2 56 55 455 556
743 2 58 57 458 558
744 2 68 67 468 568
745 2 70 69 469 570
746 2 78 77 477 578
747 2 94 93 493 594
748 2 100 99 499 600
749 2 410 210 209 507
750 2 412 212 211 509
751 2 414 214 213 511
752 2 415 216 215 513
753 2 420 220 219 517
754 2 422 222 221 519
755 2 424 224 223 521
756 2 430 230 229 527
757 2 431 232 231 529
758 2 434 234 233 531
759 2 436 236 235 534
760 2 437 238 237 535
761 2 452 252 251 549
762 2 454 254 253 551
763 2 456 256 255 553
764 2 457 258 257 555
765 2 467 268 267 565
766 2 470 270 269 567
767 2 478 278 277 575
768 2 494 294 293 591
769 2 500 300 299 597
770 2 66 65 466 566
771 2 96 95 495 596
772 2 465 266 265 563
773 2 496 296 295 593
774 2 60 59 459 560
775 2 74 73 474 574
776 2 460 260 259 557
777 2 473 274 273 571
778 2 48 47 447 548
779 2 84 83 483 584
780 2 90 89 489 590
781 2 448 248 247 546
782 2 484 284 283 581
783 2 490 290 289 587
784 2 8 7 407 508
785 2 18 17 417 518
786 2 40 39 439 540
787 2 42 41 441 542
788 2 72 71 471 572
789 2 86 85 485 586
790 2 92 91 491 592
791 2 102 101 501 602
792 2 408 208 207 505
793 2 418 218 217 515
794 2 440 240 239 537
795 2 442 242 241 539
796 2 472 272 271 569
797 2 486 286 285 583
798 2 492 292 291 589
799 2 502 302 301 599
800 2 44 43 443 544
801 2 444 244 243 541
802 2 50 49 449 550
803 2 450 250 249 547
804 2 2 203 604 204
805 2 4 403 603 404
806 2 205 606 406 206
807 2 5 605 405 6
808 2 605 5 1 404
809 2 606 205 3 204
810 2 606 204 604 406
811 2 605 404 603 405
*
ATTR
409 811 1
*
MATERIAL
1 0.0 31000000.0 0.0 1 0.0 0.0 1.0 0.0 0.0 0.0 0.0 0.0 0.0 0.0 0.0 0.0 0.0 0.0
*
ITEMPERATURES
1 300.0
2 300.0
3 300.0
4 300.0
5 300.0
6 300.0
7 300.0
8 300.0
9 300.0
10 300.0
11 300.0
12 300.0
13 300.0
14 300.0
15 300.0
16 300.0
17 300.0
18 300.0
19 300.0
20 300.0
21 300.0
22 300.0
23 300.0
24 300.0
25 300.0
26 300.0
27 300.0
28 300.0
29 300.0
30 300.0
31 300.0
32 300.0
33 300.0
34 300.0
35 300.0
36 300.0
37 300.0
38 300.0
39 300.0
40 300.0
41 300.0
42 300.0
43 300.0
44 300.0
45 300.0
46 300.0
47 300.0
48 300.0
49 300.0
50 300.0
51 300.0
52 300.0
53 300.0
54 300.0
55 300.0
56 300.0
57 300.0
58 300.0
59 300.0
60 300.0
61 300.0
62 300.0
63 300.0
64 300.0
65 300.0
66 300.0
67 300.0
68 300.0
69 300.0
70 300.0
71 300.0
72 300.0
73 300.0
74 300.0
75 300.0
76 300.0
77 300.0
78 300.0
79 300.0
80 300.0
81 300.0
82 300.0
83 300.0
84 300.0
85 300.0
86 300.0
87 300.0
88 300.0
89 300.0
90 300.0
91 300.0
92 300.0
93 300.0
94 300.0
95 300.0
96 300.0
97 300.0
98 300.0
99 300.0
100 300.0
101 300.0
102 300.0
103 300.0
104 300.0
105 300.0
106 300.0
107 300.0
108 300.0
109 300.0
110 300.0
111 300.0
112 300.0
113 300.0
114 300.0
115 300.0
116 300.0
117 300.0
118 300.0
119 300.0
120 300.0
121 300.0
122 300.0
123 300.0
124 300.0
125 300.0
126 300.0
127 300.0
128 300.0
129 300.0
130 300.0
131 300.0
132 300.0
133 300.0
134 300.0
135 300.0
136 300.0
137 300.0
138 300.0
139 300.0
140 300.0
141 300.0
142 300.0
143 300.0
144 300.0
145 300.0
146 300.0
147 300.0
148 300.0
149 300.0
150 300.0
151 300.0
152 300.0
153 300.0
154 300.0
155 300.0
156 300.0
157 300.0
158 300.0
159 300.0
160 300.0
161 300.0
162 300.0
163 300.0
164 300.0
165 300.0
166 300.0
167 300.0
168 300.0
169 300.0
170 300.0
171 300.0
172 300.0
173 300.0
174 300.0
175 300.0
176 300.0
177 300.0
178 300.0
179 300.0
180 300.0
181 300.0
182 300.0
183 300.0
184 300.0
185 300.0
186 300.0
187 300.0
188 300.0
189 300.0
190 300.0
191 300.0
192 300.0
193 300.0
194 300.0
195 300.0
196 300.0
197 300.0
198 300.0
199 300.0
200 300.0
201 300.0
202 300.0
203 300.0
204 300.0
205 300.0
206 300.0
207 300.0
208 300.0
209 300.0
210 300.0
211 300.0
212 300.0
213 300.0
214 300.0
215 300.0
216 300.0
217 300.0
218 300.0
219 300.0
220 300.0
221 300.0
222 300.0
223 300.0
224 300.0
225 300.0
226 300.0
227 300.0
228 300.0
229 300.0
230 300.0
231 300.0
232 300.0
233 300.0
234 300.0
235 300.0
236 300.0
237 300.0
238 300.0
239 300.0
240 300.0
241 300.0
242 300.0
243 300.0
244 300.0
245 300.0
246 300.0
247 300.0
248 300.0
249 300.0
250 300.0
251 300.0
252 300.0
253 300.0
254 300.0
255 300.0
256 300.0
257 300.0
258 300.0
259 300.0
260 300.0
261 300.0
262 300.0
263 300.0
264 300.0
265 300.0
266 300.0
267 300.0
268 300.0
269 300.0
270 300.0
271 300.0
272 300.0
273 300.0
274 300.0
275 300.0
276 300.0
277 300.0
278 300.0
279 300.0
280 300.0
281 300.0
282 300.0
283 300.0
284 300.0
285 300.0
286 300.0
287 300.0
288 300.0
289 300.0
290 300.0
291 300.0
292 300.0
293 300.0
294 300.0
295 300.0
296 300.0
297 300.0
298 300.0
299 300.0
300 300.0
301 300.0
302 300.0
303 300.0
304 300.0
305 300.0
306 300.0
307 300.0
308 300.0
309 300.0
310 300.0
311 300.0
312 300.0
313 300.0
314 300.0
315 300.0
316 300.0
317 300.0
318 300.0
319 300.0
320 300.0
321 300.0
322 300.0
323 300.0
324 300.0
325 300.0
326 300.0
327 300.0
328 300.0
329 300.0
330 300.0
331 300.0
332 300.0
333 300.0
334 300.0
335 300.0
336 300.0
337 300.0
338 300.0
339 300.0
340 300.0
341 300.0
342 300.0
343 300.0
344 300.0
345 300.0
346 300.0
347 300.0
348 300.0
349 300.0
350 300.0
351 300.0
352 300.0
353 300.0
354 300.0
355 300.0
356 300.0
357 300.0
358 300.0
359 300.0
360 300.0
361 300.0
362 300.0
363 300.0
364 300.0
365 300.0
366 300.0
367 300.0
368 300.0
369 300.0
370 300.0
371 300.0
372 300.0
373 300.0
374 300.0
375 300.0
376 300.0
377 300.0
378 300.0
379 300.0
380 300.0
381 300.0
382 300.0
383 300.0
384 300.0
385 300.0
386 300.0
387 300.0
388 300.0
389 300.0
390 300.0
391 300.0
392 300.0
393 300.0
394 300.0
395 300.0
396 300.0
397 300.0
398 300.0
399 300.0
400 300.0
401 300.0
402 300.0
403 300.0
404 300.0
405 300.0
406 300.0
407 300.0
408 300.0
409 300.0
410 300.0
411 300.0
412 300.0
413 300.0
414 300.0
415 300.0
416 300.0
417 300.0
418 300.0
419 300.0
420 300.0
421 300.0
422 300.0
423 300.0
424 300.0
425 300.0
426 300.0
427 300.0
428 300.0
429 300.0
430 300.0
431 300.0
432 300.0
433 300.0
434 300.0
435 300.0
436 300.0
437 300.0
438 300.0
439 300.0
440 300.0
441 300.0
442 300.0
443 300.0
444 300.0
445 300.0
446 300.0
447 300.0
448 300.0
449 300.0
450 300.0
451 300.0
452 300.0
453 300.0
454 300.0
455 300.0
456 300.0
457 300.0
458 300.0
459 300.0
460 300.0
461 300.0
462 300.0
463 300.0
464 300.0
465 300.0
466 300.0
467 300.0
468 300.0
469 300.0
470 300.0
471 300.0
472 300.0
473 300.0
474 300.0
475 300.0
476 300.0
477 300.0
478 300.0
479 300.0
480 300.0
481 300.0
482 300.0
483 300.0
484 300.0
485 300.0
486 300.0
487 300.0
488 300.0
489 300.0
490 300.0
491 300.0
492 300.0
493 300.0
494 300.0
495 300.0
496 300.0
497 300.0
498 300.0
499 300.0
500 300.0
501 300.0
502 300.0
503 300.0
504 300.0
505 300.0
506 300.0
507 300.0
508 300.0
509 300.0
510 300.0
511 300.0
512 300.0
513 300.0
514 300.0
515 300.0
516 300.0
517 300.0
518 300.0
519 300.0
520 300.0
521 300.0
522 300.0
523 300.0
524 300.0
525 300.0
526 300.0
527 300.0
528 300.0
529 300.0
530 300.0
531 300.0
532 300.0
533 300.0
534 300.0
535 300.0
536 300.0
537 300.0
538 300.0
539 300.0
540 300.0
541 300.0
542 300.0
543 300.0
544 300.0
545 300.0
546 300.0
547 300.0
548 300.0
549 300.0
550 300.0
551 300.0
552 300.0
553 300.0
554 300.0
555 300.0
556 300.0
557 300.0
558 300.0
559 300.0
560 300.0
561 300.0
562 300.0
563 300.0
564 300.0
565 300.0
566 300.0
567 300.0
568 300.0
569 300.0
570 300.0
571 300.0
572 300.0
573 300.0
574 300.0
575 300.0
576 300.0
577 300.0
578 300.0
579 300.0
580 300.0
581 300.0
582 300.0
583 300.0
584 300.0
585 300.0
586 300.0
587 300.0
588 300.0
589 300.0
590 300.0
591 300.0
592 300.0
593 300.0
594 300.0
595 300.0
596 300.0
597 300.0
598 300.0
599 300.0
600 300.0
601 300.0
602 300.0
603 300.0
604 300.0
605 300.0
606 300.0
*
DISP
1 1 0
1 2 0
4 1 0
4 2 0
404 1 0
404 2 0
