Refined Surface (Ordered)

2020 points
2020 lines

Points

1 -0.005 0.0009999999986238794
2 -0.005 0.0019999999986253236
3 -0.005 0.0029999999986266568
4 -0.005 0.003999999998628101
5 -0.005 0.004999999998629434
6 -0.005 0.005999999998630878
7 -0.005 0.0069999999986322115
8 -0.005 0.007999999998633878
9 -0.005 0.008999999998636654
10 -0.005 0.00999999999863943
11 -0.005 0.010999999998642207
12 -0.005 0.011999999998644983
13 -0.005 0.012999999998647649
14 -0.005 0.013999999998650536
15 -0.005 0.014999999998653313
16 -0.005 0.015999999998655978
17 -0.005 0.016999999998658866
18 -0.005 0.01799999999866153
19 -0.005 0.01899999999866442
20 -0.005 0.019999999998667195
21 -0.005 0.02099999999866986
22 -0.005 0.021999999998672748
23 -0.005 0.022999999998675524
24 -0.005 0.02399999999867819
25 -0.005 0.024999999998681077
26 -0.005 0.025999999998683854
27 -0.005 0.02699999999868652
28 -0.005 0.027999999998689407
29 -0.005 0.028999999998692183
30 -0.005 0.02999999999869496
31 -0.005 0.030999999998697736
32 -0.005 0.0319999999987004
33 -0.005 0.03299999999870329
34 -0.005 0.033999999998706065
35 -0.005 0.03499999999870873
36 -0.005 0.03599999999871162
37 -0.005 0.036999999998714395
38 -0.005 0.03799999999871706
39 -0.005 0.03899999999871995
40 -0.005 0.039999999998722724
41 -0.005 0.04099999999872539
42 -0.005 0.04199999999872828
43 -0.005 0.04299999999873105
44 -0.005 0.04399999999873383
45 -0.005 0.044999999998736606
46 -0.005 0.04599999999873927
47 -0.005 0.04699999999874216
48 -0.005 0.047999999998744936
49 -0.005 0.0489999999987476
50 -0.005 0.04999999999875049
51 -0.005 0.050999999998753265
52 -0.005 0.05199999999875593
53 -0.005 0.05299999999875882
54 -0.005 0.053999999998761594
55 -0.005 0.05499999999876437
56 -0.005 0.05599999999876715
57 -0.005 0.056999999998769924
58 -0.005 0.0579999999987727
59 -0.005 0.058999999998775476
60 -0.005 0.05999999999877814
61 -0.005 0.06099999999878103
62 -0.005 0.061999999998783806
63 -0.005 0.06299999999878647
64 -0.005 0.06399999999878936
65 -0.005 0.06499999999879214
66 -0.005 0.06599999999879491
67 -0.005 0.06699999999879769
68 -0.005 0.06799999999880046
69 -0.005 0.06899999999880324
70 -0.005 0.06999999999880602
71 -0.005 0.07099999999880868
72 -0.005 0.07199999999881157
73 -0.005 0.07299999999881435
74 -0.005 0.07399999999881701
75 -0.005 0.0749999999988199
76 -0.005 0.07599999999882268
77 -0.005 0.07699999999882534
78 -0.005 0.07799999999882823
79 -0.005 0.078999999998831
80 -0.005 0.07999999999883378
81 -0.005 0.08099999999883656
82 -0.005 0.08199999999883933
83 -0.005 0.08299999999884211
84 -0.005 0.08399999999884489
85 -0.005 0.08499999999884755
86 -0.005 0.08599999999885044
87 -0.005 0.08699999999885322
88 -0.005 0.08799999999885588
89 -0.005 0.08899999999885877
90 -0.005 0.08999999999886155
91 -0.005 0.09099999999886432
92 -0.005 0.0919999999988671
93 -0.005 0.09299999999886988
94 -0.005 0.09399999999887265
95 -0.005 0.09499999999887543
96 -0.005 0.0959999999988782
97 -0.005 0.09699999999888098
98 -0.005 0.09799999999888376
99 -0.005 0.09899999999888642
100 -0.005 0.09999999999888931
101 -0.005 0.10099999999889209
102 -0.005 0.10199999999889486
103 -0.005 0.10299999999889764
104 -0.005 0.10399999999890042
105 -0.005 0.10499999999890319
106 -0.005 0.10599999999890597
107 -0.005 0.10699999999890875
108 -0.005 0.10799999999891152
109 -0.005 0.1089999999989143
110 -0.005 0.10999999999891708
111 -0.005 0.11099999999891985
112 -0.005 0.11199999999892263
113 -0.005 0.1129999999989253
114 -0.005 0.11399999999892818
115 -0.005 0.11499999999893096
116 -0.005 0.11599999999893373
117 -0.005 0.11699999999893651
118 -0.005 0.11799999999893929
119 -0.005 0.11899999999894206
120 -0.005 0.11999999999894484
121 -0.005 0.12099999999894762
122 -0.005 0.12199999999895039
123 -0.005 0.12299999999895317
124 -0.005 0.12399999999895595
125 -0.005 0.12499999999895872
126 -0.005 0.1259999999989615
127 -0.005 0.12699999999896427
128 -0.005 0.12799999999896705
129 -0.005 0.12899999999896983
130 -0.005 0.1299999999989726
131 -0.005 0.13099999999897538
132 -0.005 0.13199999999897816
133 -0.005 0.13299999999898093
134 -0.005 0.1339999999989837
135 -0.005 0.1349999999989865
136 -0.005 0.13599999999898926
137 -0.005 0.13699999999899204
138 -0.005 0.13799999999899493
139 -0.005 0.1389999999989976
140 -0.005 0.13999999999900037
141 -0.005 0.14099999999900314
142 -0.005 0.14199999999900592
143 -0.005 0.1429999999990087
144 -0.005 0.14399999999901147
145 -0.005 0.14499999999901425
146 -0.005 0.14599999999901703
147 -0.005 0.1469999999990198
148 -0.005 0.14799999999902258
149 -0.005 0.14899999999902547
150 -0.005 0.14999999999902813
151 -0.005 0.1509999999990309
152 -0.005 0.1519999999990338
153 -0.005 0.15299999999903646
154 -0.005 0.15399999999903924
155 -0.005 0.15499999999904202
156 -0.005 0.1559999999990448
157 -0.005 0.15699999999904757
158 -0.005 0.15799999999905034
159 -0.005 0.15899999999905312
160 -0.005 0.1599999999990559
161 -0.005 0.16099999999905867
162 -0.005 0.16199999999906145
163 -0.005 0.16299999999906434
164 -0.005 0.163999999999067
165 -0.005 0.16499999999906978
166 -0.005 0.16599999999907267
167 -0.005 0.16699999999907533
168 -0.005 0.1679999999990781
169 -0.005 0.16899999999908089
170 -0.005 0.16999999999908366
171 -0.005 0.17099999999908644
172 -0.005 0.17199999999908921
173 -0.005 0.172999999999092
174 -0.005 0.17399999999909488
175 -0.005 0.17499999999909754
176 -0.005 0.17599999999910032
177 -0.005 0.1769999999991032
178 -0.005 0.17799999999910587
179 -0.005 0.17899999999910865
180 -0.005 0.17999999999911154
181 -0.005 0.1809999999991142
182 -0.005 0.18199999999911698
183 -0.005 0.18299999999911976
184 -0.005 0.18399999999912253
185 -0.005 0.18499999999912542
186 -0.005 0.18599999999912809
187 -0.005 0.18699999999913086
188 -0.005 0.18799999999913375
189 -0.005 0.18899999999913641
190 -0.005 0.1899999999991392
191 -0.005 0.19099999999914208
192 -0.005 0.19199999999914474
193 -0.005 0.19299999999914752
194 -0.005 0.1939999999991504
195 -0.005 0.19499999999915307
196 -0.005 0.19599999999915585
197 -0.005 0.19699999999915863
198 -0.005 0.1979999999991614
199 -0.005 0.1989999999991643
200 -0.005 0.19999999999916696
201 -0.005 0.20099999999916973
202 -0.005 0.20199999999917262
203 -0.005 0.20299999999917528
204 -0.005 0.20399999999917806
205 -0.005 0.20499999999918095
206 -0.005 0.20599999999918361
207 -0.005 0.2069999999991864
208 -0.005 0.20799999999918917
209 -0.005 0.20899999999919194
210 -0.005 0.20999999999919483
211 -0.005 0.2109999999991975
212 -0.005 0.21199999999920027
213 -0.005 0.21299999999920316
214 -0.005 0.21399999999920583
215 -0.005 0.2149999999992086
216 -0.005 0.2159999999992115
217 -0.005 0.21699999999921415
218 -0.005 0.21799999999921693
219 -0.005 0.21899999999921982
220 -0.005 0.21999999999922248
221 -0.005 0.22099999999922537
222 -0.005 0.22199999999922804
223 -0.005 0.2229999999992308
224 -0.005 0.2239999999992337
225 -0.005 0.22499999999923637
226 -0.005 0.22599999999923914
227 -0.005 0.22699999999924203
228 -0.005 0.2279999999992447
229 -0.005 0.22899999999924747
230 -0.005 0.22999999999925036
231 -0.005 0.23099999999925303
232 -0.005 0.2319999999992558
233 -0.005 0.2329999999992587
234 -0.005 0.23399999999926135
235 -0.005 0.23499999999926424
236 -0.005 0.2359999999992669
237 -0.005 0.23699999999926968
238 -0.005 0.23799999999927257
239 -0.005 0.23899999999927524
240 -0.005 0.239999999999278
241 -0.005 0.2409999999992809
242 -0.005 0.24199999999928357
243 -0.005 0.24299999999928634
244 -0.005 0.24399999999928923
245 -0.005 0.2449999999992919
246 -0.005 0.24599999999929478
247 -0.005 0.24699999999929756
248 -0.005 0.24799999999930022
249 -0.005 0.2489999999993031
250 -0.005 0.24999999999930578
251 -0.005 0.25099999999930855
252 -0.005 0.25199999999931144
253 -0.005 0.2529999999993141
254 -0.005 0.2539999999993169
255 -0.005 0.25499999999931977
256 -0.005 0.25599999999932244
257 -0.005 0.2569999999993253
258 -0.005 0.2579999999993281
259 -0.005 0.25899999999933077
260 -0.005 0.25999999999933365
261 -0.005 0.26099999999933643
262 -0.005 0.2619999999993391
263 -0.005 0.262999999999342
264 -0.005 0.26399999999934465
265 -0.005 0.2649999999993474
266 -0.005 0.2659999999993503
267 -0.005 0.266999999999353
268 -0.005 0.26799999999935586
269 -0.005 0.26899999999935864
270 -0.005 0.2699999999993613
271 -0.005 0.2709999999993642
272 -0.005 0.27199999999936697
273 -0.005 0.27299999999936964
274 -0.005 0.2739999999993725
275 -0.005 0.2749999999993753
276 -0.005 0.27599999999937797
277 -0.005 0.27699999999938085
278 -0.005 0.2779999999993835
279 -0.005 0.2789999999993863
280 -0.005 0.2799999999993892
281 -0.005 0.28099999999939185
282 -0.005 0.28199999999939473
283 -0.005 0.2829999999993975
284 -0.005 0.2839999999994002
285 -0.005 0.28499999999940306
286 -0.005 0.28599999999940584
287 -0.005 0.2869999999994085
288 -0.005 0.2879999999994114
289 -0.005 0.28899999999941417
290 -0.005 0.28999999999941684
291 -0.005 0.2909999999994197
292 -0.005 0.2919999999994224
293 -0.005 0.2929999999994253
294 -0.005 0.29399999999942805
295 -0.005 0.2949999999994307
296 -0.005 0.2959999999994336
297 -0.005 0.2969999999994364
298 -0.005 0.29799999999943905
299 -0.005 0.29899999999944193
300 -0.005 0.2999999999994447
301 -0.005 0.3009999999994474
302 -0.005 0.30199999999945026
303 -0.005 0.30299999999945293
304 -0.005 0.3039999999994558
305 -0.005 0.3049999999994586
306 -0.005 0.30599999999946126
307 -0.005 0.30699999999946415
308 -0.005 0.3079999999994669
309 -0.005 0.3089999999994696
310 -0.005 0.3099999999994725
311 -0.005 0.31099999999947525
312 -0.005 0.3119999999994779
313 -0.005 0.3129999999994808
314 -0.005 0.3139999999994836
315 -0.005 0.31499999999948625
316 -0.005 0.31599999999948913
317 -0.005 0.3169999999994918
318 -0.005 0.3179999999994947
319 -0.005 0.31899999999949746
320 -0.005 0.31999999999950013
321 -0.005 0.320999999999503
322 -0.005 0.3219999999995058
323 -0.005 0.32299999999950846
324 -0.005 0.32399999999951135
325 -0.005 0.3249999999995141
326 -0.005 0.3259999999995168
327 -0.005 0.3269999999995197
328 -0.005 0.32799999999952245
329 -0.005 0.32899999999952523
330 -0.005 0.329999999999528
331 -0.005 0.33099999999953067
332 -0.005 0.33199999999953356
333 -0.005 0.33299999999953633
334 -0.005 0.333999999999539
335 -0.005 0.3349999999995419
336 -0.005 0.33599999999954466
337 -0.005 0.33699999999954733
338 -0.005 0.3379999999995502
339 -0.005 0.338999999999553
340 -0.005 0.33999999999955577
341 -0.005 0.34099999999955855
342 -0.005 0.3419999999995613
343 -0.005 0.3429999999995641
344 -0.005 0.3439999999995669
345 -0.005 0.34499999999956954
346 -0.005 0.3459999999995724
347 -0.005 0.3469999999995752
348 -0.005 0.34799999999957787
349 -0.005 0.34899999999958076
350 -0.005 0.34999999999958353
351 -0.005 0.3509999999995862
352 -0.005 0.3519999999995891
353 -0.005 0.35299999999959186
354 -0.005 0.35399999999959464
355 -0.005 0.3549999999995974
356 -0.005 0.3559999999996002
357 -0.005 0.35699999999960297
358 -0.005 0.35799999999960574
359 -0.005 0.3589999999996084
360 -0.005 0.3599999999996113
361 -0.005 0.3609999999996141
362 -0.005 0.36199999999961674
363 -0.005 0.3629999999996196
364 -0.005 0.3639999999996224
365 -0.005 0.3649999999996252
366 -0.005 0.36599999999962796
367 -0.005 0.36699999999963073
368 -0.005 0.3679999999996335
369 -0.005 0.3689999999996363
370 -0.005 0.36999999999963906
371 -0.005 0.37099999999964184
372 -0.005 0.3719999999996446
373 -0.005 0.3729999999996473
374 -0.005 0.37399999999965017
375 -0.005 0.37499999999965294
376 -0.005 0.3759999999996557
377 -0.005 0.3769999999996585
378 -0.005 0.3779999999996613
379 -0.005 0.37899999999966405
380 -0.005 0.3799999999996668
381 -0.005 0.3809999999996696
382 -0.005 0.3819999999996724
383 -0.005 0.38299999999967516
384 -0.005 0.38399999999967793
385 -0.005 0.3849999999996807
386 -0.005 0.3859999999996835
387 -0.005 0.38699999999968615
388 -0.005 0.38799999999968904
389 -0.005 0.3889999999996918
390 -0.005 0.3899999999996946
391 -0.005 0.39099999999969737
392 -0.005 0.39199999999970014
393 -0.005 0.3929999999997029
394 -0.005 0.3939999999997057
395 -0.005 0.3949999999997085
396 -0.005 0.39599999999971125
397 -0.005 0.396999999999714
398 -0.005 0.3979999999997167
399 -0.005 0.3989999999997196
400 -0.005 0.39999999999972236
401 -0.005 0.40099999999972513
402 -0.005 0.4019999999997279
403 -0.005 0.4029999999997307
404 -0.005 0.40399999999973346
405 -0.005 0.40499999999973624
406 -0.005 0.405999999999739
407 -0.005 0.4069999999997418
408 -0.005 0.40799999999974457
409 -0.005 0.40899999999974734
410 -0.005 0.4099999999997501
411 -0.005 0.4109999999997529
412 -0.005 0.4119999999997558
413 -0.005 0.41299999999975845
414 -0.005 0.4139999999997612
415 -0.005 0.414999999999764
416 -0.005 0.4159999999997668
417 -0.005 0.41699999999976956
418 -0.005 0.41799999999977233
419 -0.005 0.4189999999997751
420 -0.005 0.4199999999997779
421 -0.005 0.42099999999978066
422 -0.005 0.42199999999978344
423 -0.005 0.4229999999997863
424 -0.005 0.423999999999789
425 -0.005 0.42499999999979177
426 -0.005 0.42599999999979454
427 -0.005 0.4269999999997973
428 -0.005 0.4279999999998001
429 -0.005 0.4289999999998029
430 -0.005 0.42999999999980565
431 -0.005 0.4309999999998084
432 -0.005 0.4319999999998112
433 -0.005 0.432999999999814
434 -0.005 0.43399999999981675
435 -0.005 0.43499999999981953
436 -0.005 0.4359999999998223
437 -0.005 0.4369999999998252
438 -0.005 0.43799999999982786
439 -0.005 0.43899999999983064
440 -0.005 0.4399999999998334
441 -0.005 0.4409999999998362
442 -0.005 0.44199999999983897
443 -0.005 0.44299999999984174
444 -0.005 0.4439999999998445
445 -0.005 0.4449999999998473
446 -0.005 0.44599999999985007
447 -0.005 0.44699999999985285
448 -0.005 0.44799999999985574
449 -0.005 0.4489999999998584
450 -0.005 0.4499999999998612
451 -0.005 0.45099999999986407
452 -0.005 0.45199999999986673
453 -0.005 0.4529999999998695
454 -0.005 0.4539999999998723
455 -0.005 0.45499999999987506
456 -0.005 0.45599999999987784
457 -0.005 0.4569999999998806
458 -0.005 0.4579999999998834
459 -0.005 0.4589999999998863
460 -0.005 0.45999999999988894
461 -0.005 0.4609999999998917
462 -0.005 0.4619999999998946
463 -0.005 0.46299999999989727
464 -0.005 0.46399999999990005
465 -0.005 0.46499999999990294
466 -0.005 0.4659999999999056
467 -0.005 0.4669999999999084
468 -0.005 0.46799999999991115
469 -0.005 0.46899999999991393
470 -0.005 0.4699999999999167
471 -0.005 0.4709999999999195
472 -0.005 0.47199999999992226
473 -0.005 0.47299999999992515
474 -0.005 0.4739999999999278
475 -0.005 0.4749999999999306
476 -0.005 0.4759999999999335
477 -0.005 0.47699999999993614
478 -0.005 0.4779999999999389
479 -0.005 0.4789999999999418
480 -0.005 0.47999999999994447
481 -0.005 0.48099999999994725
482 -0.005 0.48199999999995
483 -0.005 0.4829999999999528
484 -0.005 0.4839999999999557
485 -0.005 0.48499999999995835
486 -0.005 0.48599999999996113
487 -0.005 0.486999999999964
488 -0.005 0.4879999999999667
489 -0.005 0.48899999999996946
490 -0.005 0.48999999999997235
491 -0.005 0.490999999999975
492 -0.005 0.4919999999999778
493 -0.005 0.4929999999999807
494 -0.005 0.49399999999998334
495 -0.005 0.49499999999998623
496 -0.005 0.4959999999999889
497 -0.005 0.49699999999999167
498 -0.005 0.49799999999999456
499 -0.005 0.4989999999999972
500 -0.005 0.5
501 -0.004000000000001489 0.5
502 -0.003000000000003927 0.5
503 -0.002000000000006908 0.5
504 -0.0010000000000098888 0.5
505 -1.2701645291102182e-14 0.5
506 0.0009999999999897712 0.5
507 0.001999999999992415 0.5
508 0.002999999999994718 0.5
509 0.003999999999997564 0.5
510 0.005 0.5
511 0.005 0.4990000000000028
512 0.005 0.49800000000000555
513 0.005 0.4970000000000083
514 0.005 0.4960000000000111
515 0.005 0.4950000000000139
516 0.005 0.49400000000001665
517 0.005 0.4930000000000194
518 0.005 0.4920000000000222
519 0.005 0.491000000000025
520 0.005 0.4900000000000278
521 0.005 0.4890000000000306
522 0.005 0.48800000000003335
523 0.005 0.4870000000000361
524 0.005 0.4860000000000389
525 0.005 0.4850000000000417
526 0.005 0.48400000000004445
527 0.005 0.4830000000000472
528 0.005 0.48200000000005
529 0.005 0.4810000000000528
530 0.005 0.48000000000005555
531 0.005 0.4790000000000583
532 0.005 0.4780000000000611
533 0.005 0.4770000000000639
534 0.005 0.47600000000006665
535 0.005 0.4750000000000695
536 0.005 0.47400000000007225
537 0.005 0.473000000000075
538 0.005 0.4720000000000778
539 0.005 0.4710000000000806
540 0.005 0.47000000000008335
541 0.005 0.4690000000000861
542 0.005 0.4680000000000889
543 0.005 0.4670000000000917
544 0.005 0.46600000000009445
545 0.005 0.4650000000000972
546 0.005 0.4640000000001
547 0.005 0.4630000000001028
548 0.005 0.46200000000010555
549 0.005 0.4610000000001083
550 0.005 0.4600000000001111
551 0.005 0.4590000000001139
552 0.005 0.45800000000011665
553 0.005 0.4570000000001194
554 0.005 0.45600000000012225
555 0.005 0.455000000000125
556 0.005 0.4540000000001278
557 0.005 0.4530000000001306
558 0.005 0.45200000000013335
559 0.005 0.4510000000001361
560 0.005 0.4500000000001389
561 0.005 0.4490000000001417
562 0.005 0.44800000000014445
563 0.005 0.4470000000001472
564 0.005 0.44600000000015
565 0.005 0.4450000000001528
566 0.005 0.44400000000015555
567 0.005 0.4430000000001584
568 0.005 0.44200000000016115
569 0.005 0.4410000000001639
570 0.005 0.4400000000001667
571 0.005 0.4390000000001695
572 0.005 0.43800000000017225
573 0.005 0.437000000000175
574 0.005 0.4360000000001778
575 0.005 0.4350000000001806
576 0.005 0.43400000000018335
577 0.005 0.4330000000001861
578 0.005 0.4320000000001889
579 0.005 0.4310000000001917
580 0.005 0.43000000000019445
581 0.005 0.4290000000001972
582 0.005 0.4280000000002
583 0.005 0.4270000000002028
584 0.005 0.4260000000002056
585 0.005 0.4250000000002084
586 0.005 0.42400000000021115
587 0.005 0.4230000000002139
588 0.005 0.4220000000002167
589 0.005 0.4210000000002195
590 0.005 0.42000000000022225
591 0.005 0.419000000000225
592 0.005 0.4180000000002278
593 0.005 0.4170000000002306
594 0.005 0.41600000000023335
595 0.005 0.4150000000002361
596 0.005 0.4140000000002389
597 0.005 0.41300000000024173
598 0.005 0.4120000000002445
599 0.005 0.4110000000002473
600 0.005 0.41000000000025005
601 0.005 0.40900000000025283
602 0.005 0.4080000000002556
603 0.005 0.4070000000002584
604 0.005 0.40600000000026115
605 0.005 0.4050000000002639
606 0.005 0.4040000000002667
607 0.005 0.4030000000002695
608 0.005 0.40200000000027225
609 0.005 0.401000000000275
610 0.005 0.4000000000002778
611 0.005 0.3990000000002806
612 0.005 0.39800000000028335
613 0.005 0.3970000000002861
614 0.005 0.3960000000002889
615 0.005 0.3950000000002917
616 0.005 0.3940000000002945
617 0.005 0.3930000000002973
618 0.005 0.39200000000030005
619 0.005 0.3910000000003028
620 0.005 0.3900000000003056
621 0.005 0.3890000000003084
622 0.005 0.38800000000031115
623 0.005 0.3870000000003139
624 0.005 0.3860000000003167
625 0.005 0.38500000000031953
626 0.005 0.3840000000003223
627 0.005 0.3830000000003251
628 0.005 0.38200000000032786
629 0.005 0.38100000000033063
630 0.005 0.3800000000003334
631 0.005 0.3790000000003362
632 0.005 0.37800000000033895
633 0.005 0.37700000000034173
634 0.005 0.3760000000003445
635 0.005 0.3750000000003473
636 0.005 0.37400000000035005
637 0.005 0.3730000000003528
638 0.005 0.3720000000003556
639 0.005 0.3710000000003584
640 0.005 0.37000000000036115
641 0.005 0.3690000000003639
642 0.005 0.3680000000003667
643 0.005 0.3670000000003695
644 0.005 0.36600000000037225
645 0.005 0.365000000000375
646 0.005 0.3640000000003778
647 0.005 0.3630000000003806
648 0.005 0.3620000000003834
649 0.005 0.3610000000003861
650 0.005 0.36000000000038895
651 0.005 0.3590000000003917
652 0.005 0.3580000000003945
653 0.005 0.3570000000003973
654 0.005 0.35600000000040005
655 0.005 0.3550000000004028
656 0.005 0.3540000000004056
657 0.005 0.35300000000040843
658 0.005 0.3520000000004112
659 0.005 0.351000000000414
660 0.005 0.35000000000041676
661 0.005 0.34900000000041953
662 0.005 0.3480000000004223
663 0.005 0.3470000000004251
664 0.005 0.34600000000042785
665 0.005 0.34500000000043063
666 0.005 0.3440000000004334
667 0.005 0.3430000000004362
668 0.005 0.34200000000043895
669 0.005 0.3410000000004417
670 0.005 0.3400000000004445
671 0.005 0.3390000000004473
672 0.005 0.33800000000045005
673 0.005 0.3370000000004528
674 0.005 0.3360000000004556
675 0.005 0.3350000000004584
676 0.005 0.33400000000046115
677 0.005 0.333000000000464
678 0.005 0.3320000000004667
679 0.005 0.33100000000046953
680 0.005 0.33000000000047225
681 0.005 0.3290000000004751
682 0.005 0.3280000000004778
683 0.005 0.32700000000048063
684 0.005 0.32600000000048346
685 0.005 0.3250000000004862
686 0.005 0.324000000000489
687 0.005 0.3230000000004917
688 0.005 0.32200000000049456
689 0.005 0.3210000000004973
690 0.005 0.3200000000005001
691 0.005 0.3190000000005029
692 0.005 0.31800000000050566
693 0.005 0.31700000000050843
694 0.005 0.3160000000005112
695 0.005 0.315000000000514
696 0.005 0.31400000000051675
697 0.005 0.31300000000051953
698 0.005 0.3120000000005223
699 0.005 0.3110000000005251
700 0.005 0.31000000000052785
701 0.005 0.30900000000053063
702 0.005 0.3080000000005334
703 0.005 0.3070000000005362
704 0.005 0.30600000000053895
705 0.005 0.3050000000005417
706 0.005 0.3040000000005445
707 0.005 0.3030000000005473
708 0.005 0.30200000000055005
709 0.005 0.3010000000005528
710 0.005 0.30000000000055566
711 0.005 0.2990000000005584
712 0.005 0.2980000000005612
713 0.005 0.297000000000564
714 0.005 0.29600000000056675
715 0.005 0.29500000000056953
716 0.005 0.2940000000005723
717 0.005 0.29300000000057513
718 0.005 0.29200000000057785
719 0.005 0.2910000000005807
720 0.005 0.2900000000005834
721 0.005 0.28900000000058623
722 0.005 0.288000000000589
723 0.005 0.2870000000005918
724 0.005 0.28600000000059456
725 0.005 0.28500000000059733
726 0.005 0.2840000000006001
727 0.005 0.2830000000006029
728 0.005 0.28200000000060566
729 0.005 0.28100000000060843
730 0.005 0.2800000000006112
731 0.005 0.279000000000614
732 0.005 0.27800000000061675
733 0.005 0.27700000000061953
734 0.005 0.2760000000006223
735 0.005 0.2750000000006251
736 0.005 0.27400000000062785
737 0.005 0.2730000000006306
738 0.005 0.2720000000006334
739 0.005 0.2710000000006362
740 0.005 0.270000000000639
741 0.005 0.2690000000006418
742 0.005 0.26800000000064456
743 0.005 0.26700000000064733
744 0.005 0.2660000000006501
745 0.005 0.2650000000006529
746 0.005 0.26400000000065565
747 0.005 0.26300000000065843
748 0.005 0.26200000000066126
749 0.005 0.26100000000066403
750 0.005 0.2600000000006668
751 0.005 0.2590000000006696
752 0.005 0.25800000000067236
753 0.005 0.25700000000067513
754 0.005 0.2560000000006779
755 0.005 0.2550000000006807
756 0.005 0.25400000000068346
757 0.005 0.25300000000068623
758 0.005 0.252000000000689
759 0.005 0.2510000000006918
760 0.005 0.25000000000069456
761 0.005 0.24900000000069733
762 0.005 0.2480000000007001
763 0.005 0.24700000000070288
764 0.005 0.24600000000070565
765 0.005 0.24500000000070843
766 0.005 0.2440000000007112
767 0.005 0.24300000000071398
768 0.005 0.2420000000007168
769 0.005 0.24100000000071958
770 0.005 0.2400000000007223
771 0.005 0.23900000000072508
772 0.005 0.2380000000007279
773 0.005 0.23700000000073068
774 0.005 0.2360000000007334
775 0.005 0.23500000000073618
776 0.005 0.234000000000739
777 0.005 0.23300000000074178
778 0.005 0.2320000000007445
779 0.005 0.23100000000074733
780 0.005 0.2300000000007501
781 0.005 0.22900000000075282
782 0.005 0.2280000000007556
783 0.005 0.22700000000075843
784 0.005 0.2260000000007612
785 0.005 0.22500000000076392
786 0.005 0.22400000000076675
787 0.005 0.22300000000076953
788 0.005 0.2220000000007723
789 0.005 0.22100000000077502
790 0.005 0.22000000000077785
791 0.005 0.21900000000078063
792 0.005 0.21800000000078334
793 0.005 0.21700000000078612
794 0.005 0.21600000000078895
795 0.005 0.21500000000079172
796 0.005 0.21400000000079444
797 0.005 0.21300000000079727
798 0.005 0.21200000000080005
799 0.005 0.21100000000080277
800 0.005 0.21000000000080554
801 0.005 0.20900000000080837
802 0.005 0.20800000000081115
803 0.005 0.20700000000081387
804 0.005 0.2060000000008167
805 0.005 0.20500000000081947
806 0.005 0.20400000000082225
807 0.005 0.20300000000082496
808 0.005 0.2020000000008278
809 0.005 0.20100000000083057
810 0.005 0.2000000000008333
811 0.005 0.19900000000083606
812 0.005 0.1980000000008389
813 0.005 0.19700000000084167
814 0.005 0.1960000000008444
815 0.005 0.19500000000084722
816 0.005 0.19400000000085
817 0.005 0.1930000000008527
818 0.005 0.1920000000008555
819 0.005 0.19100000000085832
820 0.005 0.1900000000008611
821 0.005 0.1890000000008638
822 0.005 0.18800000000086664
823 0.005 0.18700000000086942
824 0.005 0.1860000000008722
825 0.005 0.1850000000008749
826 0.005 0.18400000000087774
827 0.005 0.18300000000088051
828 0.005 0.18200000000088323
829 0.005 0.181000000000886
830 0.005 0.18000000000088884
831 0.005 0.1790000000008916
832 0.005 0.17800000000089433
833 0.005 0.17700000000089716
834 0.005 0.17600000000089994
835 0.005 0.1750000000009027
836 0.005 0.17400000000090543
837 0.005 0.17300000000090826
838 0.005 0.17200000000091104
839 0.005 0.17100000000091375
840 0.005 0.17000000000091658
841 0.005 0.16900000000091936
842 0.005 0.16800000000092213
843 0.005 0.16700000000092485
844 0.005 0.16600000000092768
845 0.005 0.16500000000093046
846 0.005 0.16400000000093318
847 0.005 0.16300000000093595
848 0.005 0.16200000000093878
849 0.005 0.16100000000094156
850 0.005 0.16000000000094428
851 0.005 0.1590000000009471
852 0.005 0.15800000000094988
853 0.005 0.15700000000095266
854 0.005 0.15600000000095537
855 0.005 0.1550000000009582
856 0.005 0.15400000000096098
857 0.005 0.1530000000009637
858 0.005 0.15200000000096653
859 0.005 0.1510000000009693
860 0.005 0.15000000000097208
861 0.005 0.1490000000009748
862 0.005 0.14800000000097763
863 0.005 0.1470000000009804
864 0.005 0.14600000000098318
865 0.005 0.1450000000009859
866 0.005 0.14400000000098873
867 0.005 0.1430000000009915
868 0.005 0.14200000000099422
869 0.005 0.14100000000099705
870 0.005 0.14000000000099982
871 0.005 0.1390000000010026
872 0.005 0.13800000000100532
873 0.005 0.13700000000100815
874 0.005 0.13600000000101092
875 0.005 0.13500000000101364
876 0.005 0.13400000000101647
877 0.005 0.13300000000101925
878 0.005 0.13200000000102202
879 0.005 0.13100000000102474
880 0.005 0.13000000000102757
881 0.005 0.12900000000103035
882 0.005 0.12800000000103312
883 0.005 0.12700000000103584
884 0.005 0.12600000000103867
885 0.005 0.12500000000104144
886 0.005 0.12400000000104416
887 0.005 0.123000000001047
888 0.005 0.12200000000104977
889 0.005 0.12100000000105254
890 0.005 0.12000000000105526
891 0.005 0.11900000000105809
892 0.005 0.11800000000106087
893 0.005 0.11700000000106359
894 0.005 0.11600000000106636
895 0.005 0.11500000000106919
896 0.005 0.11400000000107197
897 0.005 0.11300000000107469
898 0.005 0.11200000000107752
899 0.005 0.11100000000108029
900 0.005 0.11000000000108306
901 0.005 0.10900000000108578
902 0.005 0.10800000000108861
903 0.005 0.10700000000109139
904 0.005 0.10600000000109411
905 0.005 0.10500000000109694
906 0.005 0.10400000000109971
907 0.005 0.10300000000110249
908 0.005 0.1020000000011052
909 0.005 0.10100000000110804
910 0.005 0.10000000000111081
911 0.005 0.09900000000111359
912 0.005 0.0980000000011163
913 0.005 0.09700000000111914
914 0.005 0.09600000000112191
915 0.005 0.09500000000112463
916 0.005 0.09400000000112746
917 0.005 0.09300000000113023
918 0.005 0.09200000000113301
919 0.005 0.09100000000113573
920 0.005 0.09000000000113856
921 0.005 0.08900000000114133
922 0.005 0.08800000000114405
923 0.005 0.08700000000114688
924 0.005 0.08600000000114966
925 0.005 0.08500000000115243
926 0.005 0.08400000000115515
927 0.005 0.08300000000115798
928 0.005 0.08200000000116076
929 0.005 0.08100000000116353
930 0.005 0.08000000000116625
931 0.005 0.07900000000116908
932 0.005 0.07800000000117185
933 0.005 0.07700000000117457
934 0.005 0.0760000000011774
935 0.005 0.07500000000118018
936 0.005 0.07400000000118295
937 0.005 0.07300000000118567
938 0.005 0.0720000000011885
939 0.005 0.07100000000119128
940 0.005 0.070000000001194
941 0.005 0.06900000000119683
942 0.005 0.0680000000011996
943 0.005 0.06700000000120238
944 0.005 0.0660000000012051
945 0.005 0.06500000000120792
946 0.005 0.0640000000012107
947 0.005 0.06300000000121347
948 0.005 0.06200000000121619
949 0.005 0.061000000001219024
950 0.005 0.0600000000012218
951 0.005 0.05900000000122452
952 0.005 0.05800000000122735
953 0.005 0.05700000000123012
954 0.005 0.0560000000012329
955 0.005 0.055000000001235616
956 0.005 0.054000000001238446
957 0.005 0.05300000000124122
958 0.005 0.052000000001243996
959 0.005 0.05100000000124677
960 0.005 0.050000000001249545
961 0.005 0.04900000000125232
962 0.005 0.04800000000125504
963 0.005 0.04700000000125787
964 0.005 0.046000000001260644
965 0.005 0.04500000000126342
966 0.005 0.04400000000126614
967 0.005 0.04300000000126897
968 0.005 0.04200000000127174
969 0.005 0.04100000000127446
970 0.005 0.04000000000127729
971 0.005 0.039000000001280066
972 0.005 0.03800000000128284
973 0.005 0.03700000000128556
974 0.005 0.03600000000128839
975 0.005 0.035000000001291165
976 0.005 0.03400000000129394
977 0.005 0.033000000001296714
978 0.005 0.03200000000129949
979 0.005 0.031000000001302264
980 0.005 0.030000000001304983
981 0.005 0.029000000001307813
982 0.005 0.028000000001310588
983 0.005 0.027000000001313362
984 0.005 0.02600000000131608
985 0.005 0.02500000000131891
986 0.005 0.024000000001321686
987 0.005 0.023000000001324405
988 0.005 0.022000000001327236
989 0.005 0.02100000000133001
990 0.005 0.020000000001332785
991 0.005 0.019000000001335504
992 0.005 0.018000000001338334
993 0.005 0.01700000000134111
994 0.005 0.016000000001343884
995 0.005 0.015000000001346658
996 0.005 0.014000000001349433
997 0.005 0.013000000001352208
998 0.005 0.012000000001354927
999 0.005 0.011000000001357757
1000 0.005 0.010000000001360532
1001 0.005 0.009000000001363306
1002 0.005 0.008000000001366026
1003 0.005 0.0070000000013677455
1004 0.005 0.006000000001369132
1005 0.005 0.005000000001370464
1006 0.005 0.004000000001371906
1007 0.005 0.003000000001373293
1008 0.005 0.00200000000137468
1009 0.005 0.0010000000013760668
1010 0.005 1.377509217803663e-12
1011 0.005 -0.0009999999986238794
1012 0.005 -0.0019999999986253236
1013 0.005 -0.0029999999986266568
1014 0.005 -0.003999999998628101
1015 0.005 -0.004999999998629434
1016 0.005 -0.005999999998630878
1017 0.005 -0.0069999999986322115
1018 0.005 -0.007999999998633878
1019 0.005 -0.008999999998636654
1020 0.005 -0.00999999999863943
1021 0.005 -0.010999999998642207
1022 0.005 -0.011999999998644983
1023 0.005 -0.012999999998647649
1024 0.005 -0.013999999998650536
1025 0.005 -0.014999999998653313
1026 0.005 -0.015999999998655978
1027 0.005 -0.016999999998658866
1028 0.005 -0.01799999999866153
1029 0.005 -0.01899999999866442
1030 0.005 -0.019999999998667195
1031 0.005 -0.02099999999866986
1032 0.005 -0.021999999998672748
1033 0.005 -0.022999999998675524
1034 0.005 -0.02399999999867819
1035 0.005 -0.024999999998681077
1036 0.005 -0.025999999998683854
1037 0.005 -0.02699999999868652
1038 0.005 -0.027999999998689407
1039 0.005 -0.028999999998692183
1040 0.005 -0.02999999999869496
1041 0.005 -0.030999999998697736
1042 0.005 -0.0319999999987004
1043 0.005 -0.03299999999870329
1044 0.005 -0.033999999998706065
1045 0.005 -0.03499999999870873
1046 0.005 -0.03599999999871162
1047 0.005 -0.036999999998714395
1048 0.005 -0.03799999999871706
1049 0.005 -0.03899999999871995
1050 0.005 -0.039999999998722724
1051 0.005 -0.04099999999872539
1052 0.005 -0.04199999999872828
1053 0.005 -0.04299999999873105
1054 0.005 -0.04399999999873383
1055 0.005 -0.044999999998736606
1056 0.005 -0.04599999999873927
1057 0.005 -0.04699999999874216
1058 0.005 -0.047999999998744936
1059 0.005 -0.0489999999987476
1060 0.005 -0.04999999999875049
1061 0.005 -0.050999999998753265
1062 0.005 -0.05199999999875593
1063 0.005 -0.05299999999875882
1064 0.005 -0.053999999998761594
1065 0.005 -0.05499999999876437
1066 0.005 -0.05599999999876715
1067 0.005 -0.056999999998769924
1068 0.005 -0.0579999999987727
1069 0.005 -0.058999999998775476
1070 0.005 -0.05999999999877814
1071 0.005 -0.06099999999878103
1072 0.005 -0.061999999998783806
1073 0.005 -0.06299999999878647
1074 0.005 -0.06399999999878936
1075 0.005 -0.06499999999879214
1076 0.005 -0.06599999999879491
1077 0.005 -0.06699999999879769
1078 0.005 -0.06799999999880046
1079 0.005 -0.06899999999880324
1080 0.005 -0.06999999999880602
1081 0.005 -0.07099999999880868
1082 0.005 -0.07199999999881157
1083 0.005 -0.07299999999881435
1084 0.005 -0.07399999999881701
1085 0.005 -0.0749999999988199
1086 0.005 -0.07599999999882268
1087 0.005 -0.07699999999882534
1088 0.005 -0.07799999999882823
1089 0.005 -0.078999999998831
1090 0.005 -0.07999999999883378
1091 0.005 -0.08099999999883656
1092 0.005 -0.08199999999883933
1093 0.005 -0.08299999999884211
1094 0.005 -0.08399999999884489
1095 0.005 -0.08499999999884755
1096 0.005 -0.08599999999885044
1097 0.005 -0.08699999999885322
1098 0.005 -0.08799999999885588
1099 0.005 -0.08899999999885877
1100 0.005 -0.08999999999886155
1101 0.005 -0.09099999999886432
1102 0.005 -0.0919999999988671
1103 0.005 -0.09299999999886988
1104 0.005 -0.09399999999887265
1105 0.005 -0.09499999999887543
1106 0.005 -0.0959999999988782
1107 0.005 -0.09699999999888098
1108 0.005 -0.09799999999888376
1109 0.005 -0.09899999999888642
1110 0.005 -0.09999999999888931
1111 0.005 -0.10099999999889209
1112 0.005 -0.10199999999889486
1113 0.005 -0.10299999999889764
1114 0.005 -0.10399999999890042
1115 0.005 -0.10499999999890319
1116 0.005 -0.10599999999890597
1117 0.005 -0.10699999999890875
1118 0.005 -0.10799999999891152
1119 0.005 -0.1089999999989143
1120 0.005 -0.10999999999891708
1121 0.005 -0.11099999999891985
1122 0.005 -0.11199999999892263
1123 0.005 -0.1129999999989253
1124 0.005 -0.11399999999892818
1125 0.005 -0.11499999999893096
1126 0.005 -0.11599999999893373
1127 0.005 -0.11699999999893651
1128 0.005 -0.11799999999893929
1129 0.005 -0.11899999999894206
1130 0.005 -0.11999999999894484
1131 0.005 -0.12099999999894762
1132 0.005 -0.12199999999895039
1133 0.005 -0.12299999999895317
1134 0.005 -0.12399999999895595
1135 0.005 -0.12499999999895872
1136 0.005 -0.1259999999989615
1137 0.005 -0.12699999999896427
1138 0.005 -0.12799999999896705
1139 0.005 -0.12899999999896983
1140 0.005 -0.1299999999989726
1141 0.005 -0.13099999999897538
1142 0.005 -0.13199999999897816
1143 0.005 -0.13299999999898093
1144 0.005 -0.1339999999989837
1145 0.005 -0.1349999999989865
1146 0.005 -0.13599999999898926
1147 0.005 -0.13699999999899204
1148 0.005 -0.13799999999899493
1149 0.005 -0.1389999999989976
1150 0.005 -0.13999999999900037
1151 0.005 -0.14099999999900314
1152 0.005 -0.14199999999900592
1153 0.005 -0.1429999999990087
1154 0.005 -0.14399999999901147
1155 0.005 -0.14499999999901425
1156 0.005 -0.14599999999901703
1157 0.005 -0.1469999999990198
1158 0.005 -0.14799999999902258
1159 0.005 -0.14899999999902547
1160 0.005 -0.14999999999902813
1161 0.005 -0.1509999999990309
1162 0.005 -0.1519999999990338
1163 0.005 -0.15299999999903646
1164 0.005 -0.15399999999903924
1165 0.005 -0.15499999999904202
1166 0.005 -0.1559999999990448
1167 0.005 -0.15699999999904757
1168 0.005 -0.15799999999905034
1169 0.005 -0.15899999999905312
1170 0.005 -0.1599999999990559
1171 0.005 -0.16099999999905867
1172 0.005 -0.16199999999906145
1173 0.005 -0.16299999999906434
1174 0.005 -0.163999999999067
1175 0.005 -0.16499999999906978
1176 0.005 -0.16599999999907267
1177 0.005 -0.16699999999907533
1178 0.005 -0.1679999999990781
1179 0.005 -0.16899999999908089
1180 0.005 -0.16999999999908366
1181 0.005 -0.17099999999908644
1182 0.005 -0.17199999999908921
1183 0.005 -0.172999999999092
1184 0.005 -0.17399999999909488
1185 0.005 -0.17499999999909754
1186 0.005 -0.17599999999910032
1187 0.005 -0.1769999999991032
1188 0.005 -0.17799999999910587
1189 0.005 -0.17899999999910865
1190 0.005 -0.17999999999911154
1191 0.005 -0.1809999999991142
1192 0.005 -0.18199999999911698
1193 0.005 -0.18299999999911976
1194 0.005 -0.18399999999912253
1195 0.005 -0.18499999999912542
1196 0.005 -0.18599999999912809
1197 0.005 -0.18699999999913086
1198 0.005 -0.18799999999913375
1199 0.005 -0.18899999999913641
1200 0.005 -0.1899999999991392
1201 0.005 -0.19099999999914208
1202 0.005 -0.19199999999914474
1203 0.005 -0.19299999999914752
1204 0.005 -0.1939999999991504
1205 0.005 -0.19499999999915307
1206 0.005 -0.19599999999915585
1207 0.005 -0.19699999999915863
1208 0.005 -0.1979999999991614
1209 0.005 -0.1989999999991643
1210 0.005 -0.19999999999916696
1211 0.005 -0.20099999999916973
1212 0.005 -0.20199999999917262
1213 0.005 -0.20299999999917528
1214 0.005 -0.20399999999917806
1215 0.005 -0.20499999999918095
1216 0.005 -0.20599999999918361
1217 0.005 -0.2069999999991864
1218 0.005 -0.20799999999918917
1219 0.005 -0.20899999999919194
1220 0.005 -0.20999999999919483
1221 0.005 -0.2109999999991975
1222 0.005 -0.21199999999920027
1223 0.005 -0.21299999999920316
1224 0.005 -0.21399999999920583
1225 0.005 -0.2149999999992086
1226 0.005 -0.2159999999992115
1227 0.005 -0.21699999999921415
1228 0.005 -0.21799999999921693
1229 0.005 -0.21899999999921982
1230 0.005 -0.21999999999922248
1231 0.005 -0.22099999999922537
1232 0.005 -0.22199999999922804
1233 0.005 -0.2229999999992308
1234 0.005 -0.2239999999992337
1235 0.005 -0.22499999999923637
1236 0.005 -0.22599999999923914
1237 0.005 -0.22699999999924203
1238 0.005 -0.2279999999992447
1239 0.005 -0.22899999999924747
1240 0.005 -0.22999999999925036
1241 0.005 -0.23099999999925303
1242 0.005 -0.2319999999992558
1243 0.005 -0.2329999999992587
1244 0.005 -0.23399999999926135
1245 0.005 -0.23499999999926424
1246 0.005 -0.2359999999992669
1247 0.005 -0.23699999999926968
1248 0.005 -0.23799999999927257
1249 0.005 -0.23899999999927524
1250 0.005 -0.239999999999278
1251 0.005 -0.2409999999992809
1252 0.005 -0.24199999999928357
1253 0.005 -0.24299999999928634
1254 0.005 -0.24399999999928923
1255 0.005 -0.2449999999992919
1256 0.005 -0.24599999999929478
1257 0.005 -0.24699999999929756
1258 0.005 -0.24799999999930022
1259 0.005 -0.2489999999993031
1260 0.005 -0.24999999999930578
1261 0.005 -0.25099999999930855
1262 0.005 -0.25199999999931144
1263 0.005 -0.2529999999993141
1264 0.005 -0.2539999999993169
1265 0.005 -0.25499999999931977
1266 0.005 -0.25599999999932244
1267 0.005 -0.2569999999993253
1268 0.005 -0.2579999999993281
1269 0.005 -0.25899999999933077
1270 0.005 -0.25999999999933365
1271 0.005 -0.26099999999933643
1272 0.005 -0.2619999999993391
1273 0.005 -0.262999999999342
1274 0.005 -0.26399999999934465
1275 0.005 -0.2649999999993474
1276 0.005 -0.2659999999993503
1277 0.005 -0.266999999999353
1278 0.005 -0.26799999999935586
1279 0.005 -0.26899999999935864
1280 0.005 -0.2699999999993613
1281 0.005 -0.2709999999993642
1282 0.005 -0.27199999999936697
1283 0.005 -0.27299999999936964
1284 0.005 -0.2739999999993725
1285 0.005 -0.2749999999993753
1286 0.005 -0.27599999999937797
1287 0.005 -0.27699999999938085
1288 0.005 -0.2779999999993835
1289 0.005 -0.2789999999993863
1290 0.005 -0.2799999999993892
1291 0.005 -0.28099999999939185
1292 0.005 -0.28199999999939473
1293 0.005 -0.2829999999993975
1294 0.005 -0.2839999999994002
1295 0.005 -0.28499999999940306
1296 0.005 -0.28599999999940584
1297 0.005 -0.2869999999994085
1298 0.005 -0.2879999999994114
1299 0.005 -0.28899999999941417
1300 0.005 -0.28999999999941684
1301 0.005 -0.2909999999994197
1302 0.005 -0.2919999999994224
1303 0.005 -0.2929999999994253
1304 0.005 -0.29399999999942805
1305 0.005 -0.2949999999994307
1306 0.005 -0.2959999999994336
1307 0.005 -0.2969999999994364
1308 0.005 -0.29799999999943905
1309 0.005 -0.29899999999944193
1310 0.005 -0.2999999999994447
1311 0.005 -0.3009999999994474
1312 0.005 -0.30199999999945026
1313 0.005 -0.30299999999945293
1314 0.005 -0.3039999999994558
1315 0.005 -0.3049999999994586
1316 0.005 -0.30599999999946126
1317 0.005 -0.30699999999946415
1318 0.005 -0.3079999999994669
1319 0.005 -0.3089999999994696
1320 0.005 -0.3099999999994725
1321 0.005 -0.31099999999947525
1322 0.005 -0.3119999999994779
1323 0.005 -0.3129999999994808
1324 0.005 -0.3139999999994836
1325 0.005 -0.31499999999948625
1326 0.005 -0.31599999999948913
1327 0.005 -0.3169999999994918
1328 0.005 -0.3179999999994947
1329 0.005 -0.31899999999949746
1330 0.005 -0.31999999999950013
1331 0.005 -0.320999999999503
1332 0.005 -0.3219999999995058
1333 0.005 -0.32299999999950846
1334 0.005 -0.32399999999951135
1335 0.005 -0.3249999999995141
1336 0.005 -0.3259999999995168
1337 0.005 -0.3269999999995197
1338 0.005 -0.32799999999952245
1339 0.005 -0.32899999999952523
1340 0.005 -0.329999999999528
1341 0.005 -0.33099999999953067
1342 0.005 -0.33199999999953356
1343 0.005 -0.33299999999953633
1344 0.005 -0.333999999999539
1345 0.005 -0.3349999999995419
1346 0.005 -0.33599999999954466
1347 0.005 -0.33699999999954733
1348 0.005 -0.3379999999995502
1349 0.005 -0.338999999999553
1350 0.005 -0.33999999999955577
1351 0.005 -0.34099999999955855
1352 0.005 -0.3419999999995613
1353 0.005 -0.3429999999995641
1354 0.005 -0.3439999999995669
1355 0.005 -0.34499999999956954
1356 0.005 -0.3459999999995724
1357 0.005 -0.3469999999995752
1358 0.005 -0.34799999999957787
1359 0.005 -0.34899999999958076
1360 0.005 -0.34999999999958353
1361 0.005 -0.3509999999995862
1362 0.005 -0.3519999999995891
1363 0.005 -0.35299999999959186
1364 0.005 -0.35399999999959464
1365 0.005 -0.3549999999995974
1366 0.005 -0.3559999999996002
1367 0.005 -0.35699999999960297
1368 0.005 -0.35799999999960574
1369 0.005 -0.3589999999996084
1370 0.005 -0.3599999999996113
1371 0.005 -0.3609999999996141
1372 0.005 -0.36199999999961674
1373 0.005 -0.3629999999996196
1374 0.005 -0.3639999999996224
1375 0.005 -0.3649999999996252
1376 0.005 -0.36599999999962796
1377 0.005 -0.36699999999963073
1378 0.005 -0.3679999999996335
1379 0.005 -0.3689999999996363
1380 0.005 -0.36999999999963906
1381 0.005 -0.37099999999964184
1382 0.005 -0.3719999999996446
1383 0.005 -0.3729999999996473
1384 0.005 -0.37399999999965017
1385 0.005 -0.37499999999965294
1386 0.005 -0.3759999999996557
1387 0.005 -0.3769999999996585
1388 0.005 -0.3779999999996613
1389 0.005 -0.37899999999966405
1390 0.005 -0.3799999999996668
1391 0.005 -0.3809999999996696
1392 0.005 -0.3819999999996724
1393 0.005 -0.38299999999967516
1394 0.005 -0.38399999999967793
1395 0.005 -0.3849999999996807
1396 0.005 -0.3859999999996835
1397 0.005 -0.38699999999968615
1398 0.005 -0.38799999999968904
1399 0.005 -0.3889999999996918
1400 0.005 -0.3899999999996946
1401 0.005 -0.39099999999969737
1402 0.005 -0.39199999999970014
1403 0.005 -0.3929999999997029
1404 0.005 -0.3939999999997057
1405 0.005 -0.3949999999997085
1406 0.005 -0.39599999999971125
1407 0.005 -0.396999999999714
1408 0.005 -0.3979999999997167
1409 0.005 -0.3989999999997196
1410 0.005 -0.39999999999972236
1411 0.005 -0.40099999999972513
1412 0.005 -0.4019999999997279
1413 0.005 -0.4029999999997307
1414 0.005 -0.40399999999973346
1415 0.005 -0.40499999999973624
1416 0.005 -0.405999999999739
1417 0.005 -0.4069999999997418
1418 0.005 -0.40799999999974457
1419 0.005 -0.40899999999974734
1420 0.005 -0.4099999999997501
1421 0.005 -0.4109999999997529
1422 0.005 -0.4119999999997558
1423 0.005 -0.41299999999975845
1424 0.005 -0.4139999999997612
1425 0.005 -0.414999999999764
1426 0.005 -0.4159999999997668
1427 0.005 -0.41699999999976956
1428 0.005 -0.41799999999977233
1429 0.005 -0.4189999999997751
1430 0.005 -0.4199999999997779
1431 0.005 -0.42099999999978066
1432 0.005 -0.42199999999978344
1433 0.005 -0.4229999999997863
1434 0.005 -0.423999999999789
1435 0.005 -0.42499999999979177
1436 0.005 -0.42599999999979454
1437 0.005 -0.4269999999997973
1438 0.005 -0.4279999999998001
1439 0.005 -0.4289999999998029
1440 0.005 -0.42999999999980565
1441 0.005 -0.4309999999998084
1442 0.005 -0.4319999999998112
1443 0.005 -0.432999999999814
1444 0.005 -0.43399999999981675
1445 0.005 -0.43499999999981953
1446 0.005 -0.4359999999998223
1447 0.005 -0.4369999999998252
1448 0.005 -0.43799999999982786
1449 0.005 -0.43899999999983064
1450 0.005 -0.4399999999998334
1451 0.005 -0.4409999999998362
1452 0.005 -0.44199999999983897
1453 0.005 -0.44299999999984174
1454 0.005 -0.4439999999998445
1455 0.005 -0.4449999999998473
1456 0.005 -0.44599999999985007
1457 0.005 -0.44699999999985285
1458 0.005 -0.44799999999985574
1459 0.005 -0.4489999999998584
1460 0.005 -0.4499999999998612
1461 0.005 -0.45099999999986407
1462 0.005 -0.45199999999986673
1463 0.005 -0.4529999999998695
1464 0.005 -0.4539999999998723
1465 0.005 -0.45499999999987506
1466 0.005 -0.45599999999987784
1467 0.005 -0.4569999999998806
1468 0.005 -0.4579999999998834
1469 0.005 -0.4589999999998863
1470 0.005 -0.45999999999988894
1471 0.005 -0.4609999999998917
1472 0.005 -0.4619999999998946
1473 0.005 -0.46299999999989727
1474 0.005 -0.46399999999990005
1475 0.005 -0.46499999999990294
1476 0.005 -0.4659999999999056
1477 0.005 -0.4669999999999084
1478 0.005 -0.46799999999991115
1479 0.005 -0.46899999999991393
1480 0.005 -0.4699999999999167
1481 0.005 -0.4709999999999195
1482 0.005 -0.47199999999992226
1483 0.005 -0.47299999999992515
1484 0.005 -0.4739999999999278
1485 0.005 -0.4749999999999306
1486 0.005 -0.4759999999999335
1487 0.005 -0.47699999999993614
1488 0.005 -0.4779999999999389
1489 0.005 -0.4789999999999418
1490 0.005 -0.47999999999994447
1491 0.005 -0.48099999999994725
1492 0.005 -0.48199999999995
1493 0.005 -0.4829999999999528
1494 0.005 -0.4839999999999557
1495 0.005 -0.48499999999995835
1496 0.005 -0.48599999999996113
1497 0.005 -0.486999999999964
1498 0.005 -0.4879999999999667
1499 0.005 -0.48899999999996946
1500 0.005 -0.48999999999997235
1501 0.005 -0.490999999999975
1502 0.005 -0.4919999999999778
1503 0.005 -0.4929999999999807
1504 0.005 -0.49399999999998334
1505 0.005 -0.49499999999998623
1506 0.005 -0.4959999999999889
1507 0.005 -0.49699999999999167
1508 0.005 -0.49799999999999456
1509 0.005 -0.4989999999999972
1510 0.005 -0.5
1511 0.004000000000001489 -0.5
1512 0.003000000000003927 -0.5
1513 0.002000000000006908 -0.5
1514 0.0010000000000098888 -0.5
1515 1.2701645291102182e-14 -0.5
1516 -0.0009999999999897712 -0.5
1517 -0.001999999999992415 -0.5
1518 -0.002999999999994718 -0.5
1519 -0.003999999999997564 -0.5
1520 -0.005 -0.5
1521 -0.005 -0.4990000000000028
1522 -0.005 -0.49800000000000555
1523 -0.005 -0.4970000000000083
1524 -0.005 -0.4960000000000111
1525 -0.005 -0.4950000000000139
1526 -0.005 -0.49400000000001665
1527 -0.005 -0.4930000000000194
1528 -0.005 -0.4920000000000222
1529 -0.005 -0.491000000000025
1530 -0.005 -0.4900000000000278
1531 -0.005 -0.4890000000000306
1532 -0.005 -0.48800000000003335
1533 -0.005 -0.4870000000000361
1534 -0.005 -0.4860000000000389
1535 -0.005 -0.4850000000000417
1536 -0.005 -0.48400000000004445
1537 -0.005 -0.4830000000000472
1538 -0.005 -0.48200000000005
1539 -0.005 -0.4810000000000528
1540 -0.005 -0.48000000000005555
1541 -0.005 -0.4790000000000583
1542 -0.005 -0.4780000000000611
1543 -0.005 -0.4770000000000639
1544 -0.005 -0.47600000000006665
1545 -0.005 -0.4750000000000695
1546 -0.005 -0.47400000000007225
1547 -0.005 -0.473000000000075
1548 -0.005 -0.4720000000000778
1549 -0.005 -0.4710000000000806
1550 -0.005 -0.47000000000008335
1551 -0.005 -0.4690000000000861
1552 -0.005 -0.4680000000000889
1553 -0.005 -0.4670000000000917
1554 -0.005 -0.46600000000009445
1555 -0.005 -0.4650000000000972
1556 -0.005 -0.4640000000001
1557 -0.005 -0.4630000000001028
1558 -0.005 -0.46200000000010555
1559 -0.005 -0.4610000000001083
1560 -0.005 -0.4600000000001111
1561 -0.005 -0.4590000000001139
1562 -0.005 -0.45800000000011665
1563 -0.005 -0.4570000000001194
1564 -0.005 -0.45600000000012225
1565 -0.005 -0.455000000000125
1566 -0.005 -0.4540000000001278
1567 -0.005 -0.4530000000001306
1568 -0.005 -0.45200000000013335
1569 -0.005 -0.4510000000001361
1570 -0.005 -0.4500000000001389
1571 -0.005 -0.4490000000001417
1572 -0.005 -0.44800000000014445
1573 -0.005 -0.4470000000001472
1574 -0.005 -0.44600000000015
1575 -0.005 -0.4450000000001528
1576 -0.005 -0.44400000000015555
1577 -0.005 -0.4430000000001584
1578 -0.005 -0.44200000000016115
1579 -0.005 -0.4410000000001639
1580 -0.005 -0.4400000000001667
1581 -0.005 -0.4390000000001695
1582 -0.005 -0.43800000000017225
1583 -0.005 -0.437000000000175
1584 -0.005 -0.4360000000001778
1585 -0.005 -0.4350000000001806
1586 -0.005 -0.43400000000018335
1587 -0.005 -0.4330000000001861
1588 -0.005 -0.4320000000001889
1589 -0.005 -0.4310000000001917
1590 -0.005 -0.43000000000019445
1591 -0.005 -0.4290000000001972
1592 -0.005 -0.4280000000002
1593 -0.005 -0.4270000000002028
1594 -0.005 -0.4260000000002056
1595 -0.005 -0.4250000000002084
1596 -0.005 -0.42400000000021115
1597 -0.005 -0.4230000000002139
1598 -0.005 -0.4220000000002167
1599 -0.005 -0.4210000000002195
1600 -0.005 -0.42000000000022225
1601 -0.005 -0.419000000000225
1602 -0.005 -0.4180000000002278
1603 -0.005 -0.4170000000002306
1604 -0.005 -0.41600000000023335
1605 -0.005 -0.4150000000002361
1606 -0.005 -0.4140000000002389
1607 -0.005 -0.41300000000024173
1608 -0.005 -0.4120000000002445
1609 -0.005 -0.4110000000002473
1610 -0.005 -0.41000000000025005
1611 -0.005 -0.40900000000025283
1612 -0.005 -0.4080000000002556
1613 -0.005 -0.4070000000002584
1614 -0.005 -0.40600000000026115
1615 -0.005 -0.4050000000002639
1616 -0.005 -0.4040000000002667
1617 -0.005 -0.4030000000002695
1618 -0.005 -0.40200000000027225
1619 -0.005 -0.401000000000275
1620 -0.005 -0.4000000000002778
1621 -0.005 -0.3990000000002806
1622 -0.005 -0.39800000000028335
1623 -0.005 -0.3970000000002861
1624 -0.005 -0.3960000000002889
1625 -0.005 -0.3950000000002917
1626 -0.005 -0.3940000000002945
1627 -0.005 -0.3930000000002973
1628 -0.005 -0.39200000000030005
1629 -0.005 -0.3910000000003028
1630 -0.005 -0.3900000000003056
1631 -0.005 -0.3890000000003084
1632 -0.005 -0.38800000000031115
1633 -0.005 -0.3870000000003139
1634 -0.005 -0.3860000000003167
1635 -0.005 -0.38500000000031953
1636 -0.005 -0.3840000000003223
1637 -0.005 -0.3830000000003251
1638 -0.005 -0.38200000000032786
1639 -0.005 -0.38100000000033063
1640 -0.005 -0.3800000000003334
1641 -0.005 -0.3790000000003362
1642 -0.005 -0.37800000000033895
1643 -0.005 -0.37700000000034173
1644 -0.005 -0.3760000000003445
1645 -0.005 -0.3750000000003473
1646 -0.005 -0.37400000000035005
1647 -0.005 -0.3730000000003528
1648 -0.005 -0.3720000000003556
1649 -0.005 -0.3710000000003584
1650 -0.005 -0.37000000000036115
1651 -0.005 -0.3690000000003639
1652 -0.005 -0.3680000000003667
1653 -0.005 -0.3670000000003695
1654 -0.005 -0.36600000000037225
1655 -0.005 -0.365000000000375
1656 -0.005 -0.3640000000003778
1657 -0.005 -0.3630000000003806
1658 -0.005 -0.3620000000003834
1659 -0.005 -0.3610000000003861
1660 -0.005 -0.36000000000038895
1661 -0.005 -0.3590000000003917
1662 -0.005 -0.3580000000003945
1663 -0.005 -0.3570000000003973
1664 -0.005 -0.35600000000040005
1665 -0.005 -0.3550000000004028
1666 -0.005 -0.3540000000004056
1667 -0.005 -0.35300000000040843
1668 -0.005 -0.3520000000004112
1669 -0.005 -0.351000000000414
1670 -0.005 -0.35000000000041676
1671 -0.005 -0.34900000000041953
1672 -0.005 -0.3480000000004223
1673 -0.005 -0.3470000000004251
1674 -0.005 -0.34600000000042785
1675 -0.005 -0.34500000000043063
1676 -0.005 -0.3440000000004334
1677 -0.005 -0.3430000000004362
1678 -0.005 -0.34200000000043895
1679 -0.005 -0.3410000000004417
1680 -0.005 -0.3400000000004445
1681 -0.005 -0.3390000000004473
1682 -0.005 -0.33800000000045005
1683 -0.005 -0.3370000000004528
1684 -0.005 -0.3360000000004556
1685 -0.005 -0.3350000000004584
1686 -0.005 -0.33400000000046115
1687 -0.005 -0.333000000000464
1688 -0.005 -0.3320000000004667
1689 -0.005 -0.33100000000046953
1690 -0.005 -0.33000000000047225
1691 -0.005 -0.3290000000004751
1692 -0.005 -0.3280000000004778
1693 -0.005 -0.32700000000048063
1694 -0.005 -0.32600000000048346
1695 -0.005 -0.3250000000004862
1696 -0.005 -0.324000000000489
1697 -0.005 -0.3230000000004917
1698 -0.005 -0.32200000000049456
1699 -0.005 -0.3210000000004973
1700 -0.005 -0.3200000000005001
1701 -0.005 -0.3190000000005029
1702 -0.005 -0.31800000000050566
1703 -0.005 -0.31700000000050843
1704 -0.005 -0.3160000000005112
1705 -0.005 -0.315000000000514
1706 -0.005 -0.31400000000051675
1707 -0.005 -0.31300000000051953
1708 -0.005 -0.3120000000005223
1709 -0.005 -0.3110000000005251
1710 -0.005 -0.31000000000052785
1711 -0.005 -0.30900000000053063
1712 -0.005 -0.3080000000005334
1713 -0.005 -0.3070000000005362
1714 -0.005 -0.30600000000053895
1715 -0.005 -0.3050000000005417
1716 -0.005 -0.3040000000005445
1717 -0.005 -0.3030000000005473
1718 -0.005 -0.30200000000055005
1719 -0.005 -0.3010000000005528
1720 -0.005 -0.30000000000055566
1721 -0.005 -0.2990000000005584
1722 -0.005 -0.2980000000005612
1723 -0.005 -0.297000000000564
1724 -0.005 -0.29600000000056675
1725 -0.005 -0.29500000000056953
1726 -0.005 -0.2940000000005723
1727 -0.005 -0.29300000000057513
1728 -0.005 -0.29200000000057785
1729 -0.005 -0.2910000000005807
1730 -0.005 -0.2900000000005834
1731 -0.005 -0.28900000000058623
1732 -0.005 -0.288000000000589
1733 -0.005 -0.2870000000005918
1734 -0.005 -0.28600000000059456
1735 -0.005 -0.28500000000059733
1736 -0.005 -0.2840000000006001
1737 -0.005 -0.2830000000006029
1738 -0.005 -0.28200000000060566
1739 -0.005 -0.28100000000060843
1740 -0.005 -0.2800000000006112
1741 -0.005 -0.279000000000614
1742 -0.005 -0.27800000000061675
1743 -0.005 -0.27700000000061953
1744 -0.005 -0.2760000000006223
1745 -0.005 -0.2750000000006251
1746 -0.005 -0.27400000000062785
1747 -0.005 -0.2730000000006306
1748 -0.005 -0.2720000000006334
1749 -0.005 -0.2710000000006362
1750 -0.005 -0.270000000000639
1751 -0.005 -0.2690000000006418
1752 -0.005 -0.26800000000064456
1753 -0.005 -0.26700000000064733
1754 -0.005 -0.2660000000006501
1755 -0.005 -0.2650000000006529
1756 -0.005 -0.26400000000065565
1757 -0.005 -0.26300000000065843
1758 -0.005 -0.26200000000066126
1759 -0.005 -0.26100000000066403
1760 -0.005 -0.2600000000006668
1761 -0.005 -0.2590000000006696
1762 -0.005 -0.25800000000067236
1763 -0.005 -0.25700000000067513
1764 -0.005 -0.2560000000006779
1765 -0.005 -0.2550000000006807
1766 -0.005 -0.25400000000068346
1767 -0.005 -0.25300000000068623
1768 -0.005 -0.252000000000689
1769 -0.005 -0.2510000000006918
1770 -0.005 -0.25000000000069456
1771 -0.005 -0.24900000000069733
1772 -0.005 -0.2480000000007001
1773 -0.005 -0.24700000000070288
1774 -0.005 -0.24600000000070565
1775 -0.005 -0.24500000000070843
1776 -0.005 -0.2440000000007112
1777 -0.005 -0.24300000000071398
1778 -0.005 -0.2420000000007168
1779 -0.005 -0.24100000000071958
1780 -0.005 -0.2400000000007223
1781 -0.005 -0.23900000000072508
1782 -0.005 -0.2380000000007279
1783 -0.005 -0.23700000000073068
1784 -0.005 -0.2360000000007334
1785 -0.005 -0.23500000000073618
1786 -0.005 -0.234000000000739
1787 -0.005 -0.23300000000074178
1788 -0.005 -0.2320000000007445
1789 -0.005 -0.23100000000074733
1790 -0.005 -0.2300000000007501
1791 -0.005 -0.22900000000075282
1792 -0.005 -0.2280000000007556
1793 -0.005 -0.22700000000075843
1794 -0.005 -0.2260000000007612
1795 -0.005 -0.22500000000076392
1796 -0.005 -0.22400000000076675
1797 -0.005 -0.22300000000076953
1798 -0.005 -0.2220000000007723
1799 -0.005 -0.22100000000077502
1800 -0.005 -0.22000000000077785
1801 -0.005 -0.21900000000078063
1802 -0.005 -0.21800000000078334
1803 -0.005 -0.21700000000078612
1804 -0.005 -0.21600000000078895
1805 -0.005 -0.21500000000079172
1806 -0.005 -0.21400000000079444
1807 -0.005 -0.21300000000079727
1808 -0.005 -0.21200000000080005
1809 -0.005 -0.21100000000080277
1810 -0.005 -0.21000000000080554
1811 -0.005 -0.20900000000080837
1812 -0.005 -0.20800000000081115
1813 -0.005 -0.20700000000081387
1814 -0.005 -0.2060000000008167
1815 -0.005 -0.20500000000081947
1816 -0.005 -0.20400000000082225
1817 -0.005 -0.20300000000082496
1818 -0.005 -0.2020000000008278
1819 -0.005 -0.20100000000083057
1820 -0.005 -0.2000000000008333
1821 -0.005 -0.19900000000083606
1822 -0.005 -0.1980000000008389
1823 -0.005 -0.19700000000084167
1824 -0.005 -0.1960000000008444
1825 -0.005 -0.19500000000084722
1826 -0.005 -0.19400000000085
1827 -0.005 -0.1930000000008527
1828 -0.005 -0.1920000000008555
1829 -0.005 -0.19100000000085832
1830 -0.005 -0.1900000000008611
1831 -0.005 -0.1890000000008638
1832 -0.005 -0.18800000000086664
1833 -0.005 -0.18700000000086942
1834 -0.005 -0.1860000000008722
1835 -0.005 -0.1850000000008749
1836 -0.005 -0.18400000000087774
1837 -0.005 -0.18300000000088051
1838 -0.005 -0.18200000000088323
1839 -0.005 -0.181000000000886
1840 -0.005 -0.18000000000088884
1841 -0.005 -0.1790000000008916
1842 -0.005 -0.17800000000089433
1843 -0.005 -0.17700000000089716
1844 -0.005 -0.17600000000089994
1845 -0.005 -0.1750000000009027
1846 -0.005 -0.17400000000090543
1847 -0.005 -0.17300000000090826
1848 -0.005 -0.17200000000091104
1849 -0.005 -0.17100000000091375
1850 -0.005 -0.17000000000091658
1851 -0.005 -0.16900000000091936
1852 -0.005 -0.16800000000092213
1853 -0.005 -0.16700000000092485
1854 -0.005 -0.16600000000092768
1855 -0.005 -0.16500000000093046
1856 -0.005 -0.16400000000093318
1857 -0.005 -0.16300000000093595
1858 -0.005 -0.16200000000093878
1859 -0.005 -0.16100000000094156
1860 -0.005 -0.16000000000094428
1861 -0.005 -0.1590000000009471
1862 -0.005 -0.15800000000094988
1863 -0.005 -0.15700000000095266
1864 -0.005 -0.15600000000095537
1865 -0.005 -0.1550000000009582
1866 -0.005 -0.15400000000096098
1867 -0.005 -0.1530000000009637
1868 -0.005 -0.15200000000096653
1869 -0.005 -0.1510000000009693
1870 -0.005 -0.15000000000097208
1871 -0.005 -0.1490000000009748
1872 -0.005 -0.14800000000097763
1873 -0.005 -0.1470000000009804
1874 -0.005 -0.14600000000098318
1875 -0.005 -0.1450000000009859
1876 -0.005 -0.14400000000098873
1877 -0.005 -0.1430000000009915
1878 -0.005 -0.14200000000099422
1879 -0.005 -0.14100000000099705
1880 -0.005 -0.14000000000099982
1881 -0.005 -0.1390000000010026
1882 -0.005 -0.13800000000100532
1883 -0.005 -0.13700000000100815
1884 -0.005 -0.13600000000101092
1885 -0.005 -0.13500000000101364
1886 -0.005 -0.13400000000101647
1887 -0.005 -0.13300000000101925
1888 -0.005 -0.13200000000102202
1889 -0.005 -0.13100000000102474
1890 -0.005 -0.13000000000102757
1891 -0.005 -0.12900000000103035
1892 -0.005 -0.12800000000103312
1893 -0.005 -0.12700000000103584
1894 -0.005 -0.12600000000103867
1895 -0.005 -0.12500000000104144
1896 -0.005 -0.12400000000104416
1897 -0.005 -0.123000000001047
1898 -0.005 -0.12200000000104977
1899 -0.005 -0.12100000000105254
1900 -0.005 -0.12000000000105526
1901 -0.005 -0.11900000000105809
1902 -0.005 -0.11800000000106087
1903 -0.005 -0.11700000000106359
1904 -0.005 -0.11600000000106636
1905 -0.005 -0.11500000000106919
1906 -0.005 -0.11400000000107197
1907 -0.005 -0.11300000000107469
1908 -0.005 -0.11200000000107752
1909 -0.005 -0.11100000000108029
1910 -0.005 -0.11000000000108306
1911 -0.005 -0.10900000000108578
1912 -0.005 -0.10800000000108861
1913 -0.005 -0.10700000000109139
1914 -0.005 -0.10600000000109411
1915 -0.005 -0.10500000000109694
1916 -0.005 -0.10400000000109971
1917 -0.005 -0.10300000000110249
1918 -0.005 -0.1020000000011052
1919 -0.005 -0.10100000000110804
1920 -0.005 -0.10000000000111081
1921 -0.005 -0.09900000000111359
1922 -0.005 -0.0980000000011163
1923 -0.005 -0.09700000000111914
1924 -0.005 -0.09600000000112191
1925 -0.005 -0.09500000000112463
1926 -0.005 -0.09400000000112746
1927 -0.005 -0.09300000000113023
1928 -0.005 -0.09200000000113301
1929 -0.005 -0.09100000000113573
1930 -0.005 -0.09000000000113856
1931 -0.005 -0.08900000000114133
1932 -0.005 -0.08800000000114405
1933 -0.005 -0.08700000000114688
1934 -0.005 -0.08600000000114966
1935 -0.005 -0.08500000000115243
1936 -0.005 -0.08400000000115515
1937 -0.005 -0.08300000000115798
1938 -0.005 -0.08200000000116076
1939 -0.005 -0.08100000000116353
1940 -0.005 -0.08000000000116625
1941 -0.005 -0.07900000000116908
1942 -0.005 -0.07800000000117185
1943 -0.005 -0.07700000000117457
1944 -0.005 -0.0760000000011774
1945 -0.005 -0.07500000000118018
1946 -0.005 -0.07400000000118295
1947 -0.005 -0.07300000000118567
1948 -0.005 -0.0720000000011885
1949 -0.005 -0.07100000000119128
1950 -0.005 -0.070000000001194
1951 -0.005 -0.06900000000119683
1952 -0.005 -0.0680000000011996
1953 -0.005 -0.06700000000120238
1954 -0.005 -0.0660000000012051
1955 -0.005 -0.06500000000120792
1956 -0.005 -0.0640000000012107
1957 -0.005 -0.06300000000121347
1958 -0.005 -0.06200000000121619
1959 -0.005 -0.061000000001219024
1960 -0.005 -0.0600000000012218
1961 -0.005 -0.05900000000122452
1962 -0.005 -0.05800000000122735
1963 -0.005 -0.05700000000123012
1964 -0.005 -0.0560000000012329
1965 -0.005 -0.055000000001235616
1966 -0.005 -0.054000000001238446
1967 -0.005 -0.05300000000124122
1968 -0.005 -0.052000000001243996
1969 -0.005 -0.05100000000124677
1970 -0.005 -0.050000000001249545
1971 -0.005 -0.04900000000125232
1972 -0.005 -0.04800000000125504
1973 -0.005 -0.04700000000125787
1974 -0.005 -0.046000000001260644
1975 -0.005 -0.04500000000126342
1976 -0.005 -0.04400000000126614
1977 -0.005 -0.04300000000126897
1978 -0.005 -0.04200000000127174
1979 -0.005 -0.04100000000127446
1980 -0.005 -0.04000000000127729
1981 -0.005 -0.039000000001280066
1982 -0.005 -0.03800000000128284
1983 -0.005 -0.03700000000128556
1984 -0.005 -0.03600000000128839
1985 -0.005 -0.035000000001291165
1986 -0.005 -0.03400000000129394
1987 -0.005 -0.033000000001296714
1988 -0.005 -0.03200000000129949
1989 -0.005 -0.031000000001302264
1990 -0.005 -0.030000000001304983
1991 -0.005 -0.029000000001307813
1992 -0.005 -0.028000000001310588
1993 -0.005 -0.027000000001313362
1994 -0.005 -0.02600000000131608
1995 -0.005 -0.02500000000131891
1996 -0.005 -0.024000000001321686
1997 -0.005 -0.023000000001324405
1998 -0.005 -0.022000000001327236
1999 -0.005 -0.02100000000133001
2000 -0.005 -0.020000000001332785
2001 -0.005 -0.019000000001335504
2002 -0.005 -0.018000000001338334
2003 -0.005 -0.01700000000134111
2004 -0.005 -0.016000000001343884
2005 -0.005 -0.015000000001346658
2006 -0.005 -0.014000000001349433
2007 -0.005 -0.013000000001352208
2008 -0.005 -0.012000000001354927
2009 -0.005 -0.011000000001357757
2010 -0.005 -0.010000000001360532
2011 -0.005 -0.009000000001363306
2012 -0.005 -0.008000000001366026
2013 -0.005 -0.0070000000013677455
2014 -0.005 -0.006000000001369132
2015 -0.005 -0.005000000001370464
2016 -0.005 -0.004000000001371906
2017 -0.005 -0.003000000001373293
2018 -0.005 -0.00200000000137468
2019 -0.005 -0.0010000000013760668
2020 -0.005 -1.377509217803663e-12

Lines

1 1 2
2 2 3
3 3 4
4 4 5
5 5 6
6 6 7
7 7 8
8 8 9
9 9 10
10 10 11
11 11 12
12 12 13
13 13 14
14 14 15
15 15 16
16 16 17
17 17 18
18 18 19
19 19 20
20 20 21
21 21 22
22 22 23
23 23 24
24 24 25
25 25 26
26 26 27
27 27 28
28 28 29
29 29 30
30 30 31
31 31 32
32 32 33
33 33 34
34 34 35
35 35 36
36 36 37
37 37 38
38 38 39
39 39 40
40 40 41
41 41 42
42 42 43
43 43 44
44 44 45
45 45 46
46 46 47
47 47 48
48 48 49
49 49 50
50 50 51
51 51 52
52 52 53
53 53 54
54 54 55
55 55 56
56 56 57
57 57 58
58 58 59
59 59 60
60 60 61
61 61 62
62 62 63
63 63 64
64 64 65
65 65 66
66 66 67
67 67 68
68 68 69
69 69 70
70 70 71
71 71 72
72 72 73
73 73 74
74 74 75
75 75 76
76 76 77
77 77 78
78 78 79
79 79 80
80 80 81
81 81 82
82 82 83
83 83 84
84 84 85
85 85 86
86 86 87
87 87 88
88 88 89
89 89 90
90 90 91
91 91 92
92 92 93
93 93 94
94 94 95
95 95 96
96 96 97
97 97 98
98 98 99
99 99 100
100 100 101
101 101 102
102 102 103
103 103 104
104 104 105
105 105 106
106 106 107
107 107 108
108 108 109
109 109 110
110 110 111
111 111 112
112 112 113
113 113 114
114 114 115
115 115 116
116 116 117
117 117 118
118 118 119
119 119 120
120 120 121
121 121 122
122 122 123
123 123 124
124 124 125
125 125 126
126 126 127
127 127 128
128 128 129
129 129 130
130 130 131
131 131 132
132 132 133
133 133 134
134 134 135
135 135 136
136 136 137
137 137 138
138 138 139
139 139 140
140 140 141
141 141 142
142 142 143
143 143 144
144 144 145
145 145 146
146 146 147
147 147 148
148 148 149
149 149 150
150 150 151
151 151 152
152 152 153
153 153 154
154 154 155
155 155 156
156 156 157
157 157 158
158 158 159
159 159 160
160 160 161
161 161 162
162 162 163
163 163 164
164 164 165
165 165 166
166 166 167
167 167 168
168 168 169
169 169 170
170 170 171
171 171 172
172 172 173
173 173 174
174 174 175
175 175 176
176 176 177
177 177 178
178 178 179
179 179 180
180 180 181
181 181 182
182 182 183
183 183 184
184 184 185
185 185 186
186 186 187
187 187 188
188 188 189
189 189 190
190 190 191
191 191 192
192 192 193
193 193 194
194 194 195
195 195 196
196 196 197
197 197 198
198 198 199
199 199 200
200 200 201
201 201 202
202 202 203
203 203 204
204 204 205
205 205 206
206 206 207
207 207 208
208 208 209
209 209 210
210 210 211
211 211 212
212 212 213
213 213 214
214 214 215
215 215 216
216 216 217
217 217 218
218 218 219
219 219 220
220 220 221
221 221 222
222 222 223
223 223 224
224 224 225
225 225 226
226 226 227
227 227 228
228 228 229
229 229 230
230 230 231
231 231 232
232 232 233
233 233 234
234 234 235
235 235 236
236 236 237
237 237 238
238 238 239
239 239 240
240 240 241
241 241 242
242 242 243
243 243 244
244 244 245
245 245 246
246 246 247
247 247 248
248 248 249
249 249 250
250 250 251
251 251 252
252 252 253
253 253 254
254 254 255
255 255 256
256 256 257
257 257 258
258 258 259
259 259 260
260 260 261
261 261 262
262 262 263
263 263 264
264 264 265
265 265 266
266 266 267
267 267 268
268 268 269
269 269 270
270 270 271
271 271 272
272 272 273
273 273 274
274 274 275
275 275 276
276 276 277
277 277 278
278 278 279
279 279 280
280 280 281
281 281 282
282 282 283
283 283 284
284 284 285
285 285 286
286 286 287
287 287 288
288 288 289
289 289 290
290 290 291
291 291 292
292 292 293
293 293 294
294 294 295
295 295 296
296 296 297
297 297 298
298 298 299
299 299 300
300 300 301
301 301 302
302 302 303
303 303 304
304 304 305
305 305 306
306 306 307
307 307 308
308 308 309
309 309 310
310 310 311
311 311 312
312 312 313
313 313 314
314 314 315
315 315 316
316 316 317
317 317 318
318 318 319
319 319 320
320 320 321
321 321 322
322 322 323
323 323 324
324 324 325
325 325 326
326 326 327
327 327 328
328 328 329
329 329 330
330 330 331
331 331 332
332 332 333
333 333 334
334 334 335
335 335 336
336 336 337
337 337 338
338 338 339
339 339 340
340 340 341
341 341 342
342 342 343
343 343 344
344 344 345
345 345 346
346 346 347
347 347 348
348 348 349
349 349 350
350 350 351
351 351 352
352 352 353
353 353 354
354 354 355
355 355 356
356 356 357
357 357 358
358 358 359
359 359 360
360 360 361
361 361 362
362 362 363
363 363 364
364 364 365
365 365 366
366 366 367
367 367 368
368 368 369
369 369 370
370 370 371
371 371 372
372 372 373
373 373 374
374 374 375
375 375 376
376 376 377
377 377 378
378 378 379
379 379 380
380 380 381
381 381 382
382 382 383
383 383 384
384 384 385
385 385 386
386 386 387
387 387 388
388 388 389
389 389 390
390 390 391
391 391 392
392 392 393
393 393 394
394 394 395
395 395 396
396 396 397
397 397 398
398 398 399
399 399 400
400 400 401
401 401 402
402 402 403
403 403 404
404 404 405
405 405 406
406 406 407
407 407 408
408 408 409
409 409 410
410 410 411
411 411 412
412 412 413
413 413 414
414 414 415
415 415 416
416 416 417
417 417 418
418 418 419
419 419 420
420 420 421
421 421 422
422 422 423
423 423 424
424 424 425
425 425 426
426 426 427
427 427 428
428 428 429
429 429 430
430 430 431
431 431 432
432 432 433
433 433 434
434 434 435
435 435 436
436 436 437
437 437 438
438 438 439
439 439 440
440 440 441
441 441 442
442 442 443
443 443 444
444 444 445
445 445 446
446 446 447
447 447 448
448 448 449
449 449 450
450 450 451
451 451 452
452 452 453
453 453 454
454 454 455
455 455 456
456 456 457
457 457 458
458 458 459
459 459 460
460 460 461
461 461 462
462 462 463
463 463 464
464 464 465
465 465 466
466 466 467
467 467 468
468 468 469
469 469 470
470 470 471
471 471 472
472 472 473
473 473 474
474 474 475
475 475 476
476 476 477
477 477 478
478 478 479
479 479 480
480 480 481
481 481 482
482 482 483
483 483 484
484 484 485
485 485 486
486 486 487
487 487 488
488 488 489
489 489 490
490 490 491
491 491 492
492 492 493
493 493 494
494 494 495
495 495 496
496 496 497
497 497 498
498 498 499
499 499 500
500 500 501
501 501 502
502 502 503
503 503 504
504 504 505
505 505 506
506 506 507
507 507 508
508 508 509
509 509 510
510 510 511
511 511 512
512 512 513
513 513 514
514 514 515
515 515 516
516 516 517
517 517 518
518 518 519
519 519 520
520 520 521
521 521 522
522 522 523
523 523 524
524 524 525
525 525 526
526 526 527
527 527 528
528 528 529
529 529 530
530 530 531
531 531 532
532 532 533
533 533 534
534 534 535
535 535 536
536 536 537
537 537 538
538 538 539
539 539 540
540 540 541
541 541 542
542 542 543
543 543 544
544 544 545
545 545 546
546 546 547
547 547 548
548 548 549
549 549 550
550 550 551
551 551 552
552 552 553
553 553 554
554 554 555
555 555 556
556 556 557
557 557 558
558 558 559
559 559 560
560 560 561
561 561 562
562 562 563
563 563 564
564 564 565
565 565 566
566 566 567
567 567 568
568 568 569
569 569 570
570 570 571
571 571 572
572 572 573
573 573 574
574 574 575
575 575 576
576 576 577
577 577 578
578 578 579
579 579 580
580 580 581
581 581 582
582 582 583
583 583 584
584 584 585
585 585 586
586 586 587
587 587 588
588 588 589
589 589 590
590 590 591
591 591 592
592 592 593
593 593 594
594 594 595
595 595 596
596 596 597
597 597 598
598 598 599
599 599 600
600 600 601
601 601 602
602 602 603
603 603 604
604 604 605
605 605 606
606 606 607
607 607 608
608 608 609
609 609 610
610 610 611
611 611 612
612 612 613
613 613 614
614 614 615
615 615 616
616 616 617
617 617 618
618 618 619
619 619 620
620 620 621
621 621 622
622 622 623
623 623 624
624 624 625
625 625 626
626 626 627
627 627 628
628 628 629
629 629 630
630 630 631
631 631 632
632 632 633
633 633 634
634 634 635
635 635 636
636 636 637
637 637 638
638 638 639
639 639 640
640 640 641
641 641 642
642 642 643
643 643 644
644 644 645
645 645 646
646 646 647
647 647 648
648 648 649
649 649 650
650 650 651
651 651 652
652 652 653
653 653 654
654 654 655
655 655 656
656 656 657
657 657 658
658 658 659
659 659 660
660 660 661
661 661 662
662 662 663
663 663 664
664 664 665
665 665 666
666 666 667
667 667 668
668 668 669
669 669 670
670 670 671
671 671 672
672 672 673
673 673 674
674 674 675
675 675 676
676 676 677
677 677 678
678 678 679
679 679 680
680 680 681
681 681 682
682 682 683
683 683 684
684 684 685
685 685 686
686 686 687
687 687 688
688 688 689
689 689 690
690 690 691
691 691 692
692 692 693
693 693 694
694 694 695
695 695 696
696 696 697
697 697 698
698 698 699
699 699 700
700 700 701
701 701 702
702 702 703
703 703 704
704 704 705
705 705 706
706 706 707
707 707 708
708 708 709
709 709 710
710 710 711
711 711 712
712 712 713
713 713 714
714 714 715
715 715 716
716 716 717
717 717 718
718 718 719
719 719 720
720 720 721
721 721 722
722 722 723
723 723 724
724 724 725
725 725 726
726 726 727
727 727 728
728 728 729
729 729 730
730 730 731
731 731 732
732 732 733
733 733 734
734 734 735
735 735 736
736 736 737
737 737 738
738 738 739
739 739 740
740 740 741
741 741 742
742 742 743
743 743 744
744 744 745
745 745 746
746 746 747
747 747 748
748 748 749
749 749 750
750 750 751
751 751 752
752 752 753
753 753 754
754 754 755
755 755 756
756 756 757
757 757 758
758 758 759
759 759 760
760 760 761
761 761 762
762 762 763
763 763 764
764 764 765
765 765 766
766 766 767
767 767 768
768 768 769
769 769 770
770 770 771
771 771 772
772 772 773
773 773 774
774 774 775
775 775 776
776 776 777
777 777 778
778 778 779
779 779 780
780 780 781
781 781 782
782 782 783
783 783 784
784 784 785
785 785 786
786 786 787
787 787 788
788 788 789
789 789 790
790 790 791
791 791 792
792 792 793
793 793 794
794 794 795
795 795 796
796 796 797
797 797 798
798 798 799
799 799 800
800 800 801
801 801 802
802 802 803
803 803 804
804 804 805
805 805 806
806 806 807
807 807 808
808 808 809
809 809 810
810 810 811
811 811 812
812 812 813
813 813 814
814 814 815
815 815 816
816 816 817
817 817 818
818 818 819
819 819 820
820 820 821
821 821 822
822 822 823
823 823 824
824 824 825
825 825 826
826 826 827
827 827 828
828 828 829
829 829 830
830 830 831
831 831 832
832 832 833
833 833 834
834 834 835
835 835 836
836 836 837
837 837 838
838 838 839
839 839 840
840 840 841
841 841 842
842 842 843
843 843 844
844 844 845
845 845 846
846 846 847
847 847 848
848 848 849
849 849 850
850 850 851
851 851 852
852 852 853
853 853 854
854 854 855
855 855 856
856 856 857
857 857 858
858 858 859
859 859 860
860 860 861
861 861 862
862 862 863
863 863 864
864 864 865
865 865 866
866 866 867
867 867 868
868 868 869
869 869 870
870 870 871
871 871 872
872 872 873
873 873 874
874 874 875
875 875 876
876 876 877
877 877 878
878 878 879
879 879 880
880 880 881
881 881 882
882 882 883
883 883 884
884 884 885
885 885 886
886 886 887
887 887 888
888 888 889
889 889 890
890 890 891
891 891 892
892 892 893
893 893 894
894 894 895
895 895 896
896 896 897
897 897 898
898 898 899
899 899 900
900 900 901
901 901 902
902 902 903
903 903 904
904 904 905
905 905 906
906 906 907
907 907 908
908 908 909
909 909 910
910 910 911
911 911 912
912 912 913
913 913 914
914 914 915
915 915 916
916 916 917
917 917 918
918 918 919
919 919 920
920 920 921
921 921 922
922 922 923
923 923 924
924 924 925
925 925 926
926 926 927
927 927 928
928 928 929
929 929 930
930 930 931
931 931 932
932 932 933
933 933 934
934 934 935
935 935 936
936 936 937
937 937 938
938 938 939
939 939 940
940 940 941
941 941 942
942 942 943
943 943 944
944 944 945
945 945 946
946 946 947
947 947 948
948 948 949
949 949 950
950 950 951
951 951 952
952 952 953
953 953 954
954 954 955
955 955 956
956 956 957
957 957 958
958 958 959
959 959 960
960 960 961
961 961 962
962 962 963
963 963 964
964 964 965
965 965 966
966 966 967
967 967 968
968 968 969
969 969 970
970 970 971
971 971 972
972 972 973
973 973 974
974 974 975
975 975 976
976 976 977
977 977 978
978 978 979
979 979 980
980 980 981
981 981 982
982 982 983
983 983 984
984 984 985
985 985 986
986 986 987
987 987 988
988 988 989
989 989 990
990 990 991
991 991 992
992 992 993
993 993 994
994 994 995
995 995 996
996 996 997
997 997 998
998 998 999
999 999 1000
1000 1000 1001
1001 1001 1002
1002 1002 1003
1003 1003 1004
1004 1004 1005
1005 1005 1006
1006 1006 1007
1007 1007 1008
1008 1008 1009
1009 1009 1010
1010 1010 1011
1011 1011 1012
1012 1012 1013
1013 1013 1014
1014 1014 1015
1015 1015 1016
1016 1016 1017
1017 1017 1018
1018 1018 1019
1019 1019 1020
1020 1020 1021
1021 1021 1022
1022 1022 1023
1023 1023 1024
1024 1024 1025
1025 1025 1026
1026 1026 1027
1027 1027 1028
1028 1028 1029
1029 1029 1030
1030 1030 1031
1031 1031 1032
1032 1032 1033
1033 1033 1034
1034 1034 1035
1035 1035 1036
1036 1036 1037
1037 1037 1038
1038 1038 1039
1039 1039 1040
1040 1040 1041
1041 1041 1042
1042 1042 1043
1043 1043 1044
1044 1044 1045
1045 1045 1046
1046 1046 1047
1047 1047 1048
1048 1048 1049
1049 1049 1050
1050 1050 1051
1051 1051 1052
1052 1052 1053
1053 1053 1054
1054 1054 1055
1055 1055 1056
1056 1056 1057
1057 1057 1058
1058 1058 1059
1059 1059 1060
1060 1060 1061
1061 1061 1062
1062 1062 1063
1063 1063 1064
1064 1064 1065
1065 1065 1066
1066 1066 1067
1067 1067 1068
1068 1068 1069
1069 1069 1070
1070 1070 1071
1071 1071 1072
1072 1072 1073
1073 1073 1074
1074 1074 1075
1075 1075 1076
1076 1076 1077
1077 1077 1078
1078 1078 1079
1079 1079 1080
1080 1080 1081
1081 1081 1082
1082 1082 1083
1083 1083 1084
1084 1084 1085
1085 1085 1086
1086 1086 1087
1087 1087 1088
1088 1088 1089
1089 1089 1090
1090 1090 1091
1091 1091 1092
1092 1092 1093
1093 1093 1094
1094 1094 1095
1095 1095 1096
1096 1096 1097
1097 1097 1098
1098 1098 1099
1099 1099 1100
1100 1100 1101
1101 1101 1102
1102 1102 1103
1103 1103 1104
1104 1104 1105
1105 1105 1106
1106 1106 1107
1107 1107 1108
1108 1108 1109
1109 1109 1110
1110 1110 1111
1111 1111 1112
1112 1112 1113
1113 1113 1114
1114 1114 1115
1115 1115 1116
1116 1116 1117
1117 1117 1118
1118 1118 1119
1119 1119 1120
1120 1120 1121
1121 1121 1122
1122 1122 1123
1123 1123 1124
1124 1124 1125
1125 1125 1126
1126 1126 1127
1127 1127 1128
1128 1128 1129
1129 1129 1130
1130 1130 1131
1131 1131 1132
1132 1132 1133
1133 1133 1134
1134 1134 1135
1135 1135 1136
1136 1136 1137
1137 1137 1138
1138 1138 1139
1139 1139 1140
1140 1140 1141
1141 1141 1142
1142 1142 1143
1143 1143 1144
1144 1144 1145
1145 1145 1146
1146 1146 1147
1147 1147 1148
1148 1148 1149
1149 1149 1150
1150 1150 1151
1151 1151 1152
1152 1152 1153
1153 1153 1154
1154 1154 1155
1155 1155 1156
1156 1156 1157
1157 1157 1158
1158 1158 1159
1159 1159 1160
1160 1160 1161
1161 1161 1162
1162 1162 1163
1163 1163 1164
1164 1164 1165
1165 1165 1166
1166 1166 1167
1167 1167 1168
1168 1168 1169
1169 1169 1170
1170 1170 1171
1171 1171 1172
1172 1172 1173
1173 1173 1174
1174 1174 1175
1175 1175 1176
1176 1176 1177
1177 1177 1178
1178 1178 1179
1179 1179 1180
1180 1180 1181
1181 1181 1182
1182 1182 1183
1183 1183 1184
1184 1184 1185
1185 1185 1186
1186 1186 1187
1187 1187 1188
1188 1188 1189
1189 1189 1190
1190 1190 1191
1191 1191 1192
1192 1192 1193
1193 1193 1194
1194 1194 1195
1195 1195 1196
1196 1196 1197
1197 1197 1198
1198 1198 1199
1199 1199 1200
1200 1200 1201
1201 1201 1202
1202 1202 1203
1203 1203 1204
1204 1204 1205
1205 1205 1206
1206 1206 1207
1207 1207 1208
1208 1208 1209
1209 1209 1210
1210 1210 1211
1211 1211 1212
1212 1212 1213
1213 1213 1214
1214 1214 1215
1215 1215 1216
1216 1216 1217
1217 1217 1218
1218 1218 1219
1219 1219 1220
1220 1220 1221
1221 1221 1222
1222 1222 1223
1223 1223 1224
1224 1224 1225
1225 1225 1226
1226 1226 1227
1227 1227 1228
1228 1228 1229
1229 1229 1230
1230 1230 1231
1231 1231 1232
1232 1232 1233
1233 1233 1234
1234 1234 1235
1235 1235 1236
1236 1236 1237
1237 1237 1238
1238 1238 1239
1239 1239 1240
1240 1240 1241
1241 1241 1242
1242 1242 1243
1243 1243 1244
1244 1244 1245
1245 1245 1246
1246 1246 1247
1247 1247 1248
1248 1248 1249
1249 1249 1250
1250 1250 1251
1251 1251 1252
1252 1252 1253
1253 1253 1254
1254 1254 1255
1255 1255 1256
1256 1256 1257
1257 1257 1258
1258 1258 1259
1259 1259 1260
1260 1260 1261
1261 1261 1262
1262 1262 1263
1263 1263 1264
1264 1264 1265
1265 1265 1266
1266 1266 1267
1267 1267 1268
1268 1268 1269
1269 1269 1270
1270 1270 1271
1271 1271 1272
1272 1272 1273
1273 1273 1274
1274 1274 1275
1275 1275 1276
1276 1276 1277
1277 1277 1278
1278 1278 1279
1279 1279 1280
1280 1280 1281
1281 1281 1282
1282 1282 1283
1283 1283 1284
1284 1284 1285
1285 1285 1286
1286 1286 1287
1287 1287 1288
1288 1288 1289
1289 1289 1290
1290 1290 1291
1291 1291 1292
1292 1292 1293
1293 1293 1294
1294 1294 1295
1295 1295 1296
1296 1296 1297
1297 1297 1298
1298 1298 1299
1299 1299 1300
1300 1300 1301
1301 1301 1302
1302 1302 1303
1303 1303 1304
1304 1304 1305
1305 1305 1306
1306 1306 1307
1307 1307 1308
1308 1308 1309
1309 1309 1310
1310 1310 1311
1311 1311 1312
1312 1312 1313
1313 1313 1314
1314 1314 1315
1315 1315 1316
1316 1316 1317
1317 1317 1318
1318 1318 1319
1319 1319 1320
1320 1320 1321
1321 1321 1322
1322 1322 1323
1323 1323 1324
1324 1324 1325
1325 1325 1326
1326 1326 1327
1327 1327 1328
1328 1328 1329
1329 1329 1330
1330 1330 1331
1331 1331 1332
1332 1332 1333
1333 1333 1334
1334 1334 1335
1335 1335 1336
1336 1336 1337
1337 1337 1338
1338 1338 1339
1339 1339 1340
1340 1340 1341
1341 1341 1342
1342 1342 1343
1343 1343 1344
1344 1344 1345
1345 1345 1346
1346 1346 1347
1347 1347 1348
1348 1348 1349
1349 1349 1350
1350 1350 1351
1351 1351 1352
1352 1352 1353
1353 1353 1354
1354 1354 1355
1355 1355 1356
1356 1356 1357
1357 1357 1358
1358 1358 1359
1359 1359 1360
1360 1360 1361
1361 1361 1362
1362 1362 1363
1363 1363 1364
1364 1364 1365
1365 1365 1366
1366 1366 1367
1367 1367 1368
1368 1368 1369
1369 1369 1370
1370 1370 1371
1371 1371 1372
1372 1372 1373
1373 1373 1374
1374 1374 1375
1375 1375 1376
1376 1376 1377
1377 1377 1378
1378 1378 1379
1379 1379 1380
1380 1380 1381
1381 1381 1382
1382 1382 1383
1383 1383 1384
1384 1384 1385
1385 1385 1386
1386 1386 1387
1387 1387 1388
1388 1388 1389
1389 1389 1390
1390 1390 1391
1391 1391 1392
1392 1392 1393
1393 1393 1394
1394 1394 1395
1395 1395 1396
1396 1396 1397
1397 1397 1398
1398 1398 1399
1399 1399 1400
1400 1400 1401
1401 1401 1402
1402 1402 1403
1403 1403 1404
1404 1404 1405
1405 1405 1406
1406 1406 1407
1407 1407 1408
1408 1408 1409
1409 1409 1410
1410 1410 1411
1411 1411 1412
1412 1412 1413
1413 1413 1414
1414 1414 1415
1415 1415 1416
1416 1416 1417
1417 1417 1418
1418 1418 1419
1419 1419 1420
1420 1420 1421
1421 1421 1422
1422 1422 1423
1423 1423 1424
1424 1424 1425
1425 1425 1426
1426 1426 1427
1427 1427 1428
1428 1428 1429
1429 1429 1430
1430 1430 1431
1431 1431 1432
1432 1432 1433
1433 1433 1434
1434 1434 1435
1435 1435 1436
1436 1436 1437
1437 1437 1438
1438 1438 1439
1439 1439 1440
1440 1440 1441
1441 1441 1442
1442 1442 1443
1443 1443 1444
1444 1444 1445
1445 1445 1446
1446 1446 1447
1447 1447 1448
1448 1448 1449
1449 1449 1450
1450 1450 1451
1451 1451 1452
1452 1452 1453
1453 1453 1454
1454 1454 1455
1455 1455 1456
1456 1456 1457
1457 1457 1458
1458 1458 1459
1459 1459 1460
1460 1460 1461
1461 1461 1462
1462 1462 1463
1463 1463 1464
1464 1464 1465
1465 1465 1466
1466 1466 1467
1467 1467 1468
1468 1468 1469
1469 1469 1470
1470 1470 1471
1471 1471 1472
1472 1472 1473
1473 1473 1474
1474 1474 1475
1475 1475 1476
1476 1476 1477
1477 1477 1478
1478 1478 1479
1479 1479 1480
1480 1480 1481
1481 1481 1482
1482 1482 1483
1483 1483 1484
1484 1484 1485
1485 1485 1486
1486 1486 1487
1487 1487 1488
1488 1488 1489
1489 1489 1490
1490 1490 1491
1491 1491 1492
1492 1492 1493
1493 1493 1494
1494 1494 1495
1495 1495 1496
1496 1496 1497
1497 1497 1498
1498 1498 1499
1499 1499 1500
1500 1500 1501
1501 1501 1502
1502 1502 1503
1503 1503 1504
1504 1504 1505
1505 1505 1506
1506 1506 1507
1507 1507 1508
1508 1508 1509
1509 1509 1510
1510 1510 1511
1511 1511 1512
1512 1512 1513
1513 1513 1514
1514 1514 1515
1515 1515 1516
1516 1516 1517
1517 1517 1518
1518 1518 1519
1519 1519 1520
1520 1520 1521
1521 1521 1522
1522 1522 1523
1523 1523 1524
1524 1524 1525
1525 1525 1526
1526 1526 1527
1527 1527 1528
1528 1528 1529
1529 1529 1530
1530 1530 1531
1531 1531 1532
1532 1532 1533
1533 1533 1534
1534 1534 1535
1535 1535 1536
1536 1536 1537
1537 1537 1538
1538 1538 1539
1539 1539 1540
1540 1540 1541
1541 1541 1542
1542 1542 1543
1543 1543 1544
1544 1544 1545
1545 1545 1546
1546 1546 1547
1547 1547 1548
1548 1548 1549
1549 1549 1550
1550 1550 1551
1551 1551 1552
1552 1552 1553
1553 1553 1554
1554 1554 1555
1555 1555 1556
1556 1556 1557
1557 1557 1558
1558 1558 1559
1559 1559 1560
1560 1560 1561
1561 1561 1562
1562 1562 1563
1563 1563 1564
1564 1564 1565
1565 1565 1566
1566 1566 1567
1567 1567 1568
1568 1568 1569
1569 1569 1570
1570 1570 1571
1571 1571 1572
1572 1572 1573
1573 1573 1574
1574 1574 1575
1575 1575 1576
1576 1576 1577
1577 1577 1578
1578 1578 1579
1579 1579 1580
1580 1580 1581
1581 1581 1582
1582 1582 1583
1583 1583 1584
1584 1584 1585
1585 1585 1586
1586 1586 1587
1587 1587 1588
1588 1588 1589
1589 1589 1590
1590 1590 1591
1591 1591 1592
1592 1592 1593
1593 1593 1594
1594 1594 1595
1595 1595 1596
1596 1596 1597
1597 1597 1598
1598 1598 1599
1599 1599 1600
1600 1600 1601
1601 1601 1602
1602 1602 1603
1603 1603 1604
1604 1604 1605
1605 1605 1606
1606 1606 1607
1607 1607 1608
1608 1608 1609
1609 1609 1610
1610 1610 1611
1611 1611 1612
1612 1612 1613
1613 1613 1614
1614 1614 1615
1615 1615 1616
1616 1616 1617
1617 1617 1618
1618 1618 1619
1619 1619 1620
1620 1620 1621
1621 1621 1622
1622 1622 1623
1623 1623 1624
1624 1624 1625
1625 1625 1626
1626 1626 1627
1627 1627 1628
1628 1628 1629
1629 1629 1630
1630 1630 1631
1631 1631 1632
1632 1632 1633
1633 1633 1634
1634 1634 1635
1635 1635 1636
1636 1636 1637
1637 1637 1638
1638 1638 1639
1639 1639 1640
1640 1640 1641
1641 1641 1642
1642 1642 1643
1643 1643 1644
1644 1644 1645
1645 1645 1646
1646 1646 1647
1647 1647 1648
1648 1648 1649
1649 1649 1650
1650 1650 1651
1651 1651 1652
1652 1652 1653
1653 1653 1654
1654 1654 1655
1655 1655 1656
1656 1656 1657
1657 1657 1658
1658 1658 1659
1659 1659 1660
1660 1660 1661
1661 1661 1662
1662 1662 1663
1663 1663 1664
1664 1664 1665
1665 1665 1666
1666 1666 1667
1667 1667 1668
1668 1668 1669
1669 1669 1670
1670 1670 1671
1671 1671 1672
1672 1672 1673
1673 1673 1674
1674 1674 1675
1675 1675 1676
1676 1676 1677
1677 1677 1678
1678 1678 1679
1679 1679 1680
1680 1680 1681
1681 1681 1682
1682 1682 1683
1683 1683 1684
1684 1684 1685
1685 1685 1686
1686 1686 1687
1687 1687 1688
1688 1688 1689
1689 1689 1690
1690 1690 1691
1691 1691 1692
1692 1692 1693
1693 1693 1694
1694 1694 1695
1695 1695 1696
1696 1696 1697
1697 1697 1698
1698 1698 1699
1699 1699 1700
1700 1700 1701
1701 1701 1702
1702 1702 1703
1703 1703 1704
1704 1704 1705
1705 1705 1706
1706 1706 1707
1707 1707 1708
1708 1708 1709
1709 1709 1710
1710 1710 1711
1711 1711 1712
1712 1712 1713
1713 1713 1714
1714 1714 1715
1715 1715 1716
1716 1716 1717
1717 1717 1718
1718 1718 1719
1719 1719 1720
1720 1720 1721
1721 1721 1722
1722 1722 1723
1723 1723 1724
1724 1724 1725
1725 1725 1726
1726 1726 1727
1727 1727 1728
1728 1728 1729
1729 1729 1730
1730 1730 1731
1731 1731 1732
1732 1732 1733
1733 1733 1734
1734 1734 1735
1735 1735 1736
1736 1736 1737
1737 1737 1738
1738 1738 1739
1739 1739 1740
1740 1740 1741
1741 1741 1742
1742 1742 1743
1743 1743 1744
1744 1744 1745
1745 1745 1746
1746 1746 1747
1747 1747 1748
1748 1748 1749
1749 1749 1750
1750 1750 1751
1751 1751 1752
1752 1752 1753
1753 1753 1754
1754 1754 1755
1755 1755 1756
1756 1756 1757
1757 1757 1758
1758 1758 1759
1759 1759 1760
1760 1760 1761
1761 1761 1762
1762 1762 1763
1763 1763 1764
1764 1764 1765
1765 1765 1766
1766 1766 1767
1767 1767 1768
1768 1768 1769
1769 1769 1770
1770 1770 1771
1771 1771 1772
1772 1772 1773
1773 1773 1774
1774 1774 1775
1775 1775 1776
1776 1776 1777
1777 1777 1778
1778 1778 1779
1779 1779 1780
1780 1780 1781
1781 1781 1782
1782 1782 1783
1783 1783 1784
1784 1784 1785
1785 1785 1786
1786 1786 1787
1787 1787 1788
1788 1788 1789
1789 1789 1790
1790 1790 1791
1791 1791 1792
1792 1792 1793
1793 1793 1794
1794 1794 1795
1795 1795 1796
1796 1796 1797
1797 1797 1798
1798 1798 1799
1799 1799 1800
1800 1800 1801
1801 1801 1802
1802 1802 1803
1803 1803 1804
1804 1804 1805
1805 1805 1806
1806 1806 1807
1807 1807 1808
1808 1808 1809
1809 1809 1810
1810 1810 1811
1811 1811 1812
1812 1812 1813
1813 1813 1814
1814 1814 1815
1815 1815 1816
1816 1816 1817
1817 1817 1818
1818 1818 1819
1819 1819 1820
1820 1820 1821
1821 1821 1822
1822 1822 1823
1823 1823 1824
1824 1824 1825
1825 1825 1826
1826 1826 1827
1827 1827 1828
1828 1828 1829
1829 1829 1830
1830 1830 1831
1831 1831 1832
1832 1832 1833
1833 1833 1834
1834 1834 1835
1835 1835 1836
1836 1836 1837
1837 1837 1838
1838 1838 1839
1839 1839 1840
1840 1840 1841
1841 1841 1842
1842 1842 1843
1843 1843 1844
1844 1844 1845
1845 1845 1846
1846 1846 1847
1847 1847 1848
1848 1848 1849
1849 1849 1850
1850 1850 1851
1851 1851 1852
1852 1852 1853
1853 1853 1854
1854 1854 1855
1855 1855 1856
1856 1856 1857
1857 1857 1858
1858 1858 1859
1859 1859 1860
1860 1860 1861
1861 1861 1862
1862 1862 1863
1863 1863 1864
1864 1864 1865
1865 1865 1866
1866 1866 1867
1867 1867 1868
1868 1868 1869
1869 1869 1870
1870 1870 1871
1871 1871 1872
1872 1872 1873
1873 1873 1874
1874 1874 1875
1875 1875 1876
1876 1876 1877
1877 1877 1878
1878 1878 1879
1879 1879 1880
1880 1880 1881
1881 1881 1882
1882 1882 1883
1883 1883 1884
1884 1884 1885
1885 1885 1886
1886 1886 1887
1887 1887 1888
1888 1888 1889
1889 1889 1890
1890 1890 1891
1891 1891 1892
1892 1892 1893
1893 1893 1894
1894 1894 1895
1895 1895 1896
1896 1896 1897
1897 1897 1898
1898 1898 1899
1899 1899 1900
1900 1900 1901
1901 1901 1902
1902 1902 1903
1903 1903 1904
1904 1904 1905
1905 1905 1906
1906 1906 1907
1907 1907 1908
1908 1908 1909
1909 1909 1910
1910 1910 1911
1911 1911 1912
1912 1912 1913
1913 1913 1914
1914 1914 1915
1915 1915 1916
1916 1916 1917
1917 1917 1918
1918 1918 1919
1919 1919 1920
1920 1920 1921
1921 1921 1922
1922 1922 1923
1923 1923 1924
1924 1924 1925
1925 1925 1926
1926 1926 1927
1927 1927 1928
1928 1928 1929
1929 1929 1930
1930 1930 1931
1931 1931 1932
1932 1932 1933
1933 1933 1934
1934 1934 1935
1935 1935 1936
1936 1936 1937
1937 1937 1938
1938 1938 1939
1939 1939 1940
1940 1940 1941
1941 1941 1942
1942 1942 1943
1943 1943 1944
1944 1944 1945
1945 1945 1946
1946 1946 1947
1947 1947 1948
1948 1948 1949
1949 1949 1950
1950 1950 1951
1951 1951 1952
1952 1952 1953
1953 1953 1954
1954 1954 1955
1955 1955 1956
1956 1956 1957
1957 1957 1958
1958 1958 1959
1959 1959 1960
1960 1960 1961
1961 1961 1962
1962 1962 1963
1963 1963 1964
1964 1964 1965
1965 1965 1966
1966 1966 1967
1967 1967 1968
1968 1968 1969
1969 1969 1970
1970 1970 1971
1971 1971 1972
1972 1972 1973
1973 1973 1974
1974 1974 1975
1975 1975 1976
1976 1976 1977
1977 1977 1978
1978 1978 1979
1979 1979 1980
1980 1980 1981
1981 1981 1982
1982 1982 1983
1983 1983 1984
1984 1984 1985
1985 1985 1986
1986 1986 1987
1987 1987 1988
1988 1988 1989
1989 1989 1990
1990 1990 1991
1991 1991 1992
1992 1992 1993
1993 1993 1994
1994 1994 1995
1995 1995 1996
1996 1996 1997
1997 1997 1998
1998 1998 1999
1999 1999 2000
2000 2000 2001
2001 2001 2002
2002 2002 2003
2003 2003 2004
2004 2004 2005
2005 2005 2006
2006 2006 2007
2007 2007 2008
2008 2008 2009
2009 2009 2010
2010 2010 2011
2011 2011 2012
2012 2012 2013
2013 2013 2014
2014 2014 2015
2015 2015 2016
2016 2016 2017
2017 2017 2018
2018 2018 2019
2019 2019 2020
2020 2020 1
