# Ordered_Index Original_Node_Tag
260
1 242
2 243
3 244
4 245
5 246
6 247
7 248
8 249
9 250
10 251
11 252
12 253
13 254
14 255
15 256
16 257
17 258
18 259
19 260
20 1
21 5
22 6
23 7
24 8
25 9
26 10
27 11
28 12
29 13
30 14
31 15
32 16
33 17
34 18
35 19
36 20
37 21
38 22
39 23
40 24
41 25
42 26
43 27
44 28
45 29
46 30
47 31
48 32
49 33
50 34
51 35
52 36
53 37
54 38
55 39
56 40
57 41
58 42
59 43
60 44
61 45
62 46
63 47
64 48
65 49
66 50
67 51
68 52
69 53
70 54
71 55
72 56
73 57
74 58
75 59
76 60
77 61
78 62
79 63
80 64
81 65
82 66
83 67
84 68
85 2
86 69
87 70
88 71
89 72
90 73
91 74
92 75
93 76
94 77
95 78
96 79
97 80
98 81
99 82
100 83
101 84
102 85
103 86
104 87
105 88
106 89
107 90
108 91
109 92
110 93
111 94
112 95
113 96
114 97
115 98
116 99
117 100
118 101
119 102
120 103
121 104
122 105
123 106
124 107
125 108
126 109
127 110
128 111
129 112
130 113
131 114
132 115
133 116
134 117
135 118
136 119
137 120
138 121
139 122
140 123
141 124
142 125
143 126
144 127
145 128
146 129
147 130
148 131
149 132
150 3
151 133
152 134
153 135
154 136
155 137
156 138
157 139
158 140
159 141
160 142
161 143
162 144
163 145
164 146
165 147
166 148
167 149
168 150
169 151
170 152
171 153
172 154
173 155
174 156
175 157
176 158
177 159
178 160
179 161
180 162
181 163
182 164
183 165
184 166
185 167
186 168
187 169
188 170
189 171
190 172
191 173
192 174
193 175
194 176
195 177
196 178
197 179
198 180
199 181
200 182
201 183
202 184
203 185
204 186
205 187
206 188
207 189
208 190
209 191
210 192
211 193
212 194
213 195
214 196
215 4
216 197
217 198
218 199
219 200
220 201
221 202
222 203
223 204
224 205
225 206
226 207
227 208
228 209
229 210
230 211
231 212
232 213
233 214
234 215
235 216
236 217
237 218
238 219
239 220
240 221
241 222
242 223
243 224
244 225
245 226
246 227
247 228
248 229
249 230
250 231
251 232
252 233
253 234
254 235
255 236
256 237
257 238
258 239
259 240
260 241
