NODE
1 -0.005 -0.5
2 -0.005 0.5
3 0.005 0.5
4 0.005 -0.5
5 -0.005 -0.49000000000002775
6 -0.005 -0.4800000000000555
7 -0.005 -0.47000000000008324
8 -0.005 -0.46000000000011093
9 -0.005 -0.4500000000001387
10 -0.005 -0.4400000000001664
11 -0.005 -0.43000000000019417
12 -0.005 -0.4200000000002219
13 -0.005 -0.41000000000024966
14 -0.005 -0.4000000000002774
15 -0.005 -0.39000000000030516
16 -0.005 -0.38000000000033285
17 -0.005 -0.3700000000003606
18 -0.005 -0.36000000000038834
19 -0.005 -0.3500000000004161
20 -0.005 -0.34000000000044384
21 -0.005 -0.3300000000004716
22 -0.005 -0.32000000000049933
23 -0.005 -0.3100000000005271
24 -0.005 -0.3000000000005548
25 -0.005 -0.2900000000005825
26 -0.005 -0.2800000000006103
27 -0.005 -0.27000000000063806
28 -0.005 -0.26000000000066575
29 -0.005 -0.2500000000006935
30 -0.005 -0.24000000000072125
31 -0.005 -0.230000000000749
32 -0.005 -0.22000000000077674
33 -0.005 -0.21000000000080443
34 -0.005 -0.20000000000083223
35 -0.005 -0.19000000000085998
36 -0.005 -0.18000000000088767
37 -0.005 -0.17000000000091542
38 -0.005 -0.1600000000009431
39 -0.005 -0.1500000000009709
40 -0.005 -0.1400000000009986
41 -0.005 -0.13000000000102635
42 -0.005 -0.1200000000010541
43 -0.005 -0.11000000000108179
44 -0.005 -0.10000000000110959
45 -0.005 -0.09000000000113734
46 -0.005 -0.08000000000116503
47 -0.005 -0.07000000000119283
48 -0.005 -0.06000000000122058
49 -0.005 -0.05000000000124827
50 -0.005 -0.04000000000127607
51 -0.005 -0.03000000000130376
52 -0.005 -0.020000000001331508
53 -0.005 -0.010000000001359255
54 -0.005 -1.3761214390228815e-12
55 -0.005 0.009999999998640763
56 -0.005 0.01999999999866864
57 -0.005 0.029999999998696292
58 -0.005 0.039999999998724056
59 -0.005 0.04999999999875182
60 -0.005 0.059999999998779474
61 -0.005 0.06999999999880724
62 -0.005 0.079999999998835
63 -0.005 0.08999999999886266
64 -0.005 0.09999999999889042
65 -0.005 0.10999999999891819
66 -0.005 0.11999999999894595
67 -0.005 0.12999999999897371
68 -0.005 0.13999999999900137
69 -0.005 0.14999999999902913
70 -0.005 0.15999999999905679
71 -0.005 0.16999999999908466
72 -0.005 0.17999999999911243
73 -0.005 0.18999999999914008
74 -0.005 0.19999999999916784
75 -0.005 0.2099999999991955
76 -0.005 0.21999999999922337
77 -0.005 0.22999999999925114
78 -0.005 0.2399999999992788
79 -0.005 0.24999999999930655
80 -0.005 0.2599999999993342
81 -0.005 0.269999999999362
82 -0.005 0.27999999999938974
83 -0.005 0.2899999999994175
84 -0.005 0.29999999999944515
85 -0.005 0.3099999999994729
86 -0.005 0.3199999999995007
87 -0.005 0.32999999999952845
88 -0.005 0.3399999999995562
89 -0.005 0.34999999999958387
90 -0.005 0.35999999999961163
91 -0.005 0.3699999999996393
92 -0.005 0.37999999999966705
93 -0.005 0.3899999999996949
94 -0.005 0.3999999999997226
95 -0.005 0.40999999999975034
96 -0.005 0.419999999999778
97 -0.005 0.42999999999980576
98 -0.005 0.43999999999983364
99 -0.005 0.4499999999998613
100 -0.005 0.45999999999988905
101 -0.005 0.4699999999999167
102 -0.005 0.47999999999994447
103 -0.005 0.48999999999997224
104 0.005 0.49000000000002775
105 0.005 0.4800000000000555
106 0.005 0.47000000000008324
107 0.005 0.46000000000011093
108 0.005 0.4500000000001387
109 0.005 0.4400000000001664
110 0.005 0.43000000000019417
111 0.005 0.4200000000002219
112 0.005 0.41000000000024966
113 0.005 0.4000000000002774
114 0.005 0.39000000000030516
115 0.005 0.38000000000033285
116 0.005 0.3700000000003606
117 0.005 0.36000000000038834
118 0.005 0.3500000000004161
119 0.005 0.34000000000044384
120 0.005 0.3300000000004716
121 0.005 0.32000000000049933
122 0.005 0.3100000000005271
123 0.005 0.3000000000005548
124 0.005 0.2900000000005825
125 0.005 0.2800000000006103
126 0.005 0.27000000000063806
127 0.005 0.26000000000066575
128 0.005 0.2500000000006935
129 0.005 0.24000000000072125
130 0.005 0.230000000000749
131 0.005 0.22000000000077674
132 0.005 0.21000000000080443
133 0.005 0.20000000000083223
134 0.005 0.19000000000085998
135 0.005 0.18000000000088767
136 0.005 0.17000000000091542
137 0.005 0.1600000000009431
138 0.005 0.1500000000009709
139 0.005 0.1400000000009986
140 0.005 0.13000000000102635
141 0.005 0.1200000000010541
142 0.005 0.11000000000108179
143 0.005 0.10000000000110959
144 0.005 0.09000000000113734
145 0.005 0.08000000000116503
146 0.005 0.07000000000119283
147 0.005 0.06000000000122058
148 0.005 0.05000000000124827
149 0.005 0.04000000000127607
150 0.005 0.03000000000130376
151 0.005 0.020000000001331508
152 0.005 0.010000000001359255
153 0.005 1.3761214390228815e-12
154 0.005 -0.009999999998640763
155 0.005 -0.01999999999866864
156 0.005 -0.029999999998696292
157 0.005 -0.039999999998724056
158 0.005 -0.04999999999875182
159 0.005 -0.059999999998779474
160 0.005 -0.06999999999880724
161 0.005 -0.079999999998835
162 0.005 -0.08999999999886266
163 0.005 -0.09999999999889042
164 0.005 -0.10999999999891819
165 0.005 -0.11999999999894595
166 0.005 -0.12999999999897371
167 0.005 -0.13999999999900137
168 0.005 -0.14999999999902913
169 0.005 -0.15999999999905679
170 0.005 -0.16999999999908466
171 0.005 -0.17999999999911243
172 0.005 -0.18999999999914008
173 0.005 -0.19999999999916784
174 0.005 -0.2099999999991955
175 0.005 -0.21999999999922337
176 0.005 -0.22999999999925114
177 0.005 -0.2399999999992788
178 0.005 -0.24999999999930655
179 0.005 -0.2599999999993342
180 0.005 -0.269999999999362
181 0.005 -0.27999999999938974
182 0.005 -0.2899999999994175
183 0.005 -0.29999999999944515
184 0.005 -0.3099999999994729
185 0.005 -0.3199999999995007
186 0.005 -0.32999999999952845
187 0.005 -0.3399999999995562
188 0.005 -0.34999999999958387
189 0.005 -0.35999999999961163
190 0.005 -0.3699999999996393
191 0.005 -0.37999999999966705
192 0.005 -0.3899999999996949
193 0.005 -0.3999999999997226
194 0.005 -0.40999999999975034
195 0.005 -0.419999999999778
196 0.005 -0.42999999999980576
197 0.005 -0.43999999999983364
198 0.005 -0.4499999999998613
199 0.005 -0.45999999999988905
200 0.005 -0.4699999999999167
201 0.005 -0.47999999999994447
202 0.005 -0.48999999999997224
203 0.0 -0.4950000000000145
204 0.0 0.4950000000000145
205 -9.249256453329005e-15 -0.4850000000000139
206 9.251713978124952e-15 0.4850000000000139
207 1.5419740137232592e-14 0.4750000000000185
208 -1.5421354394091263e-14 -0.4750000000000185
209 2.1180214699642728e-14 0.46500000000002406
210 -2.1182796707552033e-14 -0.46500000000002406
211 2.650702646304335e-14 0.45500000000002927
212 -2.6512950089404065e-14 -0.45500000000002927
213 3.210387985913852e-14 0.445000000000035
214 -3.21112277839461e-14 -0.445000000000035
215 -3.775621670664423e-14 -0.4350000000000405
216 3.77551366127993e-14 0.4350000000000405
217 -4.3291174200653373e-14 -0.425000000000046
218 4.329533099195895e-14 0.42500000000004606
219 4.887238156626006e-14 0.41500000000005155
220 -4.8866629159760355e-14 -0.41500000000005144
221 -5.438089036024122e-14 -0.40500000000005715
222 5.438184909195729e-14 0.4050000000000572
223 5.98978336918188e-14 0.39500000000006263
224 -5.989680654470357e-14 -0.39500000000006263
225 6.549412350937765e-14 0.38500000000006823
226 -6.550305962029063e-14 -0.38500000000006823
227 7.099740115664994e-14 0.3750000000000737
228 -7.099975787470748e-14 -0.3750000000000737
229 -7.645593470765425e-14 -0.36500000000007926
230 7.644773566046669e-14 0.36500000000007926
231 -8.214258140569584e-14 -0.35500000000008486
232 8.213962472867943e-14 0.35500000000008486
233 8.768196523058804e-14 0.34500000000009035
234 -8.76872285064183e-14 -0.34500000000009035
235 9.325474756232382e-14 0.33500000000009594
236 -9.325302269738367e-14 -0.335000000000096
237 9.871695530059333e-14 0.3250000000001015
238 -9.872057095946554e-14 -0.32500000000010154
239 -1.0427669566086393e-13 -0.315000000000107
240 1.0427638217163121e-13 0.31500000000010697
241 -1.0985307641215463e-13 -0.30500000000011257
242 1.0985201223140549e-13 0.30500000000011257
243 -1.1541259472170818e-13 -0.29500000000011817
244 1.1541154998492965e-13 0.29500000000011817
245 -1.2093590919739298e-13 -0.28500000000012377
246 1.2093631330305124e-13 0.28500000000012377
247 -1.2648658312767888e-13 -0.27500000000012925
248 1.2648795150736428e-13 0.27500000000012925
249 -1.3204774393894119e-13 -0.26500000000013474
250 1.3204840566801265e-13 0.26500000000013474
251 -1.3758839027909124e-13 -0.25500000000014034
252 1.3758705494802422e-13 0.25500000000014034
253 -1.431705757908083e-13 -0.2450000000001459
254 1.431706423385369e-13 0.24500000000014588
255 1.4871560468168104e-13 0.23500000000015153
256 -1.487142925668318e-13 -0.23500000000015153
257 -1.5422340863042173e-13 -0.22500000000015702
258 1.5422391641634072e-13 0.22500000000015702
259 -1.5976665654855356e-13 -0.21500000000016253
260 1.5976789763991322e-13 0.21500000000016256
261 -1.6534913109631124e-13 -0.2050000000001681
262 1.6535049440371907e-13 0.2050000000001681
263 -1.7092151898236178e-13 -0.1950000000001737
264 1.7092319177810915e-13 0.1950000000001737
265 -1.7640158645650802e-13 -0.18500000000017924
266 1.7640157610854636e-13 0.18500000000017924
267 -1.8195661737637736e-13 -0.17500000000018479
268 1.819573384248091e-13 0.17500000000018479
269 1.8752802091604978e-13 0.16500000000019027
270 -1.8752385308328786e-13 -0.16500000000019027
271 -1.9306796943097022e-13 -0.15500000000019581
272 1.9306967595992285e-13 0.15500000000019581
273 -1.986171952900738e-13 -0.1450000000002014
274 1.98617190557284e-13 0.1450000000002014
275 -9.986352023094724e-13 -0.1350000000010125
276 9.986317326603051e-13 0.1350000000010125
*
TOPO
207 4 41 166 42
208 4 67 141 140
209 4 42 166 165
210 4 66 141 67
211 4 66 142 141
212 4 42 165 43
213 4 43 165 164
214 4 65 142 66
215 4 65 143 142
216 4 43 164 44
217 4 44 164 163
218 4 64 143 65
219 4 64 144 143
220 4 44 163 45
221 4 45 163 162
222 4 63 144 64
223 4 63 145 144
224 4 45 162 46
225 4 46 162 161
226 4 62 145 63
227 4 62 146 145
228 4 46 161 47
229 4 47 161 160
230 4 61 146 62
231 4 48 47 160
232 4 61 147 146
233 4 48 160 159
234 4 60 147 61
235 4 48 159 49
236 4 60 148 147
237 4 59 148 60
238 4 49 159 158
239 4 49 158 50
240 4 59 149 148
241 4 50 158 157
242 4 58 149 59
243 4 50 157 51
244 4 58 150 149
245 4 51 157 156
246 4 57 150 58
247 4 51 156 52
248 4 57 151 150
249 4 52 156 155
250 4 56 151 57
251 4 52 155 53
252 4 56 152 151
253 4 53 155 154
254 4 55 152 56
255 4 53 154 54
256 4 55 153 152
257 4 54 153 55
258 4 54 154 153
259 4 269 71 70
260 4 260 76 75
261 4 270 170 169
262 4 259 175 174
263 4 225 93 92
264 4 216 98 97
265 4 226 192 191
266 4 215 197 196
267 4 246 83 82
268 4 245 182 181
269 4 263 173 172
270 4 204 2 103
271 4 203 4 202
272 4 274 69 68
273 4 268 72 71
274 4 264 74 73
275 4 258 77 76
276 4 254 79 78
277 4 250 81 80
278 4 248 82 81
279 4 242 85 84
280 4 240 86 85
281 4 237 87 86
282 4 235 88 87
283 4 232 90 89
284 4 227 92 91
285 4 222 95 94
286 4 218 97 96
287 4 211 100 99
288 4 207 102 101
289 4 206 103 102
290 4 273 168 167
291 4 267 171 170
292 4 257 176 175
293 4 253 178 177
294 4 249 180 179
295 4 247 181 180
296 4 241 184 183
297 4 239 185 184
298 4 238 186 185
299 4 236 187 186
300 4 231 189 188
301 4 228 191 190
302 4 221 194 193
303 4 217 196 195
304 4 212 199 198
305 4 208 201 200
306 4 205 202 201
307 4 272 70 69
308 4 262 75 74
309 4 244 84 83
310 4 271 169 168
311 4 261 174 173
312 4 243 183 182
313 4 276 68 67
314 4 266 73 72
315 4 255 78 77
316 4 252 80 79
317 4 233 89 88
318 4 230 91 90
319 4 223 94 93
320 4 219 96 95
321 4 213 99 98
322 4 209 101 100
323 4 275 167 166
324 4 265 172 171
325 4 256 177 176
326 4 251 179 178
327 4 234 188 187
328 4 229 190 189
329 4 224 193 192
330 4 220 195 194
331 4 214 198 197
332 4 210 200 199
333 4 275 166 41
334 4 203 1 4
335 4 204 3 2
336 4 276 67 140
337 4 243 25 24
338 4 226 16 15
339 4 210 8 7
340 4 249 28 27
341 4 209 107 106
342 4 225 115 114
343 4 259 33 32
344 4 270 38 37
345 4 260 132 131
346 4 269 137 136
347 4 273 40 39
348 4 274 139 138
349 4 265 36 35
350 4 266 135 134
351 4 246 125 124
352 4 244 124 123
353 4 263 35 34
354 4 247 27 26
355 4 248 126 125
356 4 264 134 133
357 4 212 9 8
358 4 215 11 10
359 4 220 13 12
360 4 229 18 17
361 4 234 20 19
362 4 251 29 28
363 4 253 30 29
364 4 267 37 36
365 4 275 41 40
366 4 203 5 1
367 4 204 104 3
368 4 205 6 5
369 4 208 7 6
370 4 214 10 9
371 4 217 12 11
372 4 221 14 13
373 4 224 15 14
374 4 228 17 16
375 4 231 19 18
376 4 236 21 20
377 4 238 22 21
378 4 239 23 22
379 4 241 24 23
380 4 256 31 30
381 4 257 32 31
382 4 206 105 104
383 4 207 106 105
384 4 211 108 107
385 4 213 109 108
386 4 216 110 109
387 4 218 111 110
388 4 219 112 111
389 4 222 113 112
390 4 223 114 113
391 4 227 116 115
392 4 230 117 116
393 4 232 118 117
394 4 233 119 118
395 4 235 120 119
396 4 237 121 120
397 4 240 122 121
398 4 242 123 122
399 4 250 127 126
400 4 252 128 127
401 4 254 129 128
402 4 255 130 129
403 4 258 131 130
404 4 268 136 135
405 4 276 140 139
406 4 271 39 38
407 4 261 34 33
408 4 262 133 132
409 4 272 138 137
410 4 245 26 25
411 4 214 9 212
412 4 205 5 203
413 4 206 104 204
414 4 213 108 211
415 4 226 15 224
416 4 225 114 223
417 4 217 11 215
418 4 221 13 220
419 4 231 18 229
420 4 229 17 228
421 4 239 22 238
422 4 241 23 239
423 4 249 27 247
424 4 218 110 216
425 4 222 112 219
426 4 230 116 227
427 4 235 119 233
428 4 250 126 248
429 4 236 20 234
430 4 220 12 217
431 4 251 28 249
432 4 219 111 218
433 4 240 121 237
434 4 242 122 240
435 4 252 127 250
436 4 267 36 265
437 4 232 117 230
438 4 268 135 266
439 4 271 38 270
440 4 272 137 269
441 4 273 39 271
442 4 263 34 261
443 4 264 133 262
444 4 274 138 272
445 4 259 32 257
446 4 260 131 258
447 4 261 33 259
448 4 262 132 260
449 4 253 29 251
450 4 275 40 273
451 4 276 139 274
452 4 270 37 267
453 4 269 136 268
454 4 256 30 253
455 4 257 31 256
456 4 255 129 254
457 4 258 130 255
458 4 245 25 243
459 4 246 124 244
460 4 244 123 242
461 4 265 35 263
462 4 210 7 208
463 4 209 106 207
464 4 254 128 252
465 4 266 134 264
466 4 247 26 245
467 4 248 125 246
468 4 243 24 241
469 4 238 21 236
470 4 237 120 235
471 4 234 19 231
472 4 233 118 232
473 4 228 16 226
474 4 227 115 225
475 4 212 8 210
476 4 211 107 209
477 4 208 6 205
478 4 215 10 214
479 4 224 14 221
480 4 216 109 213
481 4 223 113 222
482 4 207 105 206
483 4 206 204 103
484 4 205 203 202
485 4 213 211 99
486 4 214 212 198
487 4 226 224 192
488 4 225 223 93
489 4 250 248 81
490 4 230 227 91
491 4 222 219 95
492 4 249 247 180
493 4 217 215 196
494 4 229 228 190
495 4 221 220 194
496 4 218 216 97
497 4 242 240 85
498 4 240 237 86
499 4 235 233 88
500 4 241 239 184
501 4 239 238 185
502 4 236 234 187
503 4 251 249 179
504 4 231 229 189
505 4 252 250 80
506 4 232 230 90
507 4 219 218 96
508 4 220 217 195
509 4 267 265 171
510 4 268 266 72
511 4 272 269 70
512 4 271 270 169
513 4 263 261 173
514 4 260 258 76
515 4 274 272 69
516 4 259 257 175
517 4 264 262 74
518 4 273 271 168
519 4 262 260 75
520 4 261 259 174
521 4 209 207 101
522 4 210 208 200
523 4 275 273 167
524 4 276 274 68
525 4 270 267 170
526 4 269 268 71
527 4 258 255 77
528 4 257 256 176
529 4 253 251 178
530 4 255 254 78
531 4 256 253 177
532 4 254 252 79
533 4 266 264 73
534 4 265 263 172
535 4 246 244 83
536 4 245 243 182
537 4 247 245 181
538 4 248 246 82
539 4 244 242 84
540 4 243 241 183
541 4 234 231 188
542 4 233 232 89
543 4 238 236 186
544 4 237 235 87
545 4 227 225 92
546 4 228 226 191
547 4 212 210 199
548 4 211 209 100
549 4 215 214 197
550 4 208 205 201
551 4 223 222 94
552 4 216 213 98
553 4 207 206 102
554 4 224 221 193
*
ATTR
207 554 1
*
MATERIAL
1 0.0 31000000.0 0.0 1000.0 0.0 3.0 1.0 0.0 0.0 1000.0 0.0 0.0 0.0 0.0 0.0 0.0 0.0 0.0
*
ITEMPERATURES
1 300.0
2 300.0
3 300.0
4 300.0
5 300.0
6 300.0
7 300.0
8 300.0
9 300.0
10 300.0
11 300.0
12 300.0
13 300.0
14 300.0
15 300.0
16 300.0
17 300.0
18 300.0
19 300.0
20 300.0
21 300.0
22 300.0
23 300.0
24 300.0
25 300.0
26 300.0
27 300.0
28 300.0
29 300.0
30 300.0
31 300.0
32 300.0
33 300.0
34 300.0
35 300.0
36 300.0
37 300.0
38 300.0
39 300.0
40 300.0
41 300.0
42 300.0
43 300.0
44 300.0
45 300.0
46 300.0
47 300.0
48 300.0
49 300.0
50 300.0
51 300.0
52 300.0
53 300.0
54 300.0
55 300.0
56 300.0
57 300.0
58 300.0
59 300.0
60 300.0
61 300.0
62 300.0
63 300.0
64 300.0
65 300.0
66 300.0
67 300.0
68 300.0
69 300.0
70 300.0
71 300.0
72 300.0
73 300.0
74 300.0
75 300.0
76 300.0
77 300.0
78 300.0
79 300.0
80 300.0
81 300.0
82 300.0
83 300.0
84 300.0
85 300.0
86 300.0
87 300.0
88 300.0
89 300.0
90 300.0
91 300.0
92 300.0
93 300.0
94 300.0
95 300.0
96 300.0
97 300.0
98 300.0
99 300.0
100 300.0
101 300.0
102 300.0
103 300.0
104 300.0
105 300.0
106 300.0
107 300.0
108 300.0
109 300.0
110 300.0
111 300.0
112 300.0
113 300.0
114 300.0
115 300.0
116 300.0
117 300.0
118 300.0
119 300.0
120 300.0
121 300.0
122 300.0
123 300.0
124 300.0
125 300.0
126 300.0
127 300.0
128 300.0
129 300.0
130 300.0
131 300.0
132 300.0
133 300.0
134 300.0
135 300.0
136 300.0
137 300.0
138 300.0
139 300.0
140 300.0
141 300.0
142 300.0
143 300.0
144 300.0
145 300.0
146 300.0
147 300.0
148 300.0
149 300.0
150 300.0
151 300.0
152 300.0
153 300.0
154 300.0
155 300.0
156 300.0
157 300.0
158 300.0
159 300.0
160 300.0
161 300.0
162 300.0
163 300.0
164 300.0
165 300.0
166 300.0
167 300.0
168 300.0
169 300.0
170 300.0
171 300.0
172 300.0
173 300.0
174 300.0
175 300.0
176 300.0
177 300.0
178 300.0
179 300.0
180 300.0
181 300.0
182 300.0
183 300.0
184 300.0
185 300.0
186 300.0
187 300.0
188 300.0
189 300.0
190 300.0
191 300.0
192 300.0
193 300.0
194 300.0
195 300.0
196 300.0
197 300.0
198 300.0
199 300.0
200 300.0
201 300.0
202 300.0
203 300.0
204 300.0
205 300.0
206 300.0
207 300.0
208 300.0
209 300.0
210 300.0
211 300.0
212 300.0
213 300.0
214 300.0
215 300.0
216 300.0
217 300.0
218 300.0
219 300.0
220 300.0
221 300.0
222 300.0
223 300.0
224 300.0
225 300.0
226 300.0
227 300.0
228 300.0
229 300.0
230 300.0
231 300.0
232 300.0
233 300.0
234 300.0
235 300.0
236 300.0
237 300.0
238 300.0
239 300.0
240 300.0
241 300.0
242 300.0
243 300.0
244 300.0
245 300.0
246 300.0
247 300.0
248 300.0
249 300.0
250 300.0
251 300.0
252 300.0
253 300.0
254 300.0
255 300.0
256 300.0
257 300.0
258 300.0
259 300.0
260 300.0
261 300.0
262 300.0
263 300.0
264 300.0
265 300.0
266 300.0
267 300.0
268 300.0
269 300.0
270 300.0
271 300.0
272 300.0
273 300.0
274 300.0
275 300.0
276 300.0
*
DISP
1 1 0
1 2 0
4 1 0
4 2 0
