# SPARTA_ELEMENT_ID SPARTA_NODE_ID_1 SPARTA_NODE_ID_2 AERO-S_NODE_ID... ACTIVE_FLAG
1 1 2 55 56 1
2 2 3 56 57 1
3 3 4 57 58 1
4 4 5 58 59 1
5 5 6 59 60 1
6 6 7 60 61 1
7 7 8 61 62 1
8 8 9 62 63 1
9 9 10 63 64 1
10 10 11 64 65 1
11 11 12 65 66 1
12 12 13 66 67 1
13 13 14 67 68 1
14 14 15 68 69 1
15 15 16 69 70 1
16 16 17 70 71 1
17 17 18 71 72 1
18 18 19 72 73 1
19 19 20 73 74 1
20 20 21 74 75 1
21 21 22 75 76 1
22 22 23 76 77 1
23 23 24 77 78 1
24 24 25 78 79 1
25 25 26 79 80 1
26 26 27 80 81 1
27 27 28 81 82 1
28 28 29 82 83 1
29 29 30 83 84 1
30 30 31 84 85 1
31 31 32 85 86 1
32 32 33 86 87 1
33 33 34 87 88 1
34 34 35 88 89 1
35 35 36 89 90 1
36 36 37 90 91 1
37 37 38 91 92 1
38 38 39 92 93 1
39 39 40 93 94 1
40 40 41 94 95 1
41 41 42 95 96 1
42 42 43 96 97 1
43 43 44 97 98 1
44 44 45 98 99 1
45 45 46 99 100 1
46 46 47 100 101 1
47 47 48 101 102 1
48 48 49 102 103 1
49 49 50 103 2 1
50 50 51 2 3 1
51 51 52 3 104 1
52 52 53 104 105 1
53 53 54 105 106 1
54 54 55 106 107 1
55 55 56 107 108 1
56 56 57 108 109 1
57 57 58 109 110 1
58 58 59 110 111 1
59 59 60 111 112 1
60 60 61 112 113 1
61 61 62 113 114 1
62 62 63 114 115 1
63 63 64 115 116 1
64 64 65 116 117 1
65 65 66 117 118 1
66 66 67 118 119 1
67 67 68 119 120 1
68 68 69 120 121 1
69 69 70 121 122 1
70 70 71 122 123 1
71 71 72 123 124 1
72 72 73 124 125 1
73 73 74 125 126 1
74 74 75 126 127 1
75 75 76 127 128 1
76 76 77 128 129 1
77 77 78 129 130 1
78 78 79 130 131 1
79 79 80 131 132 1
80 80 81 132 133 1
81 81 82 133 134 1
82 82 83 134 135 1
83 83 84 135 136 1
84 84 85 136 137 1
85 85 86 137 138 1
86 86 87 138 139 1
87 87 88 139 140 1
88 88 89 140 141 1
89 89 90 141 142 1
90 90 91 142 143 1
91 91 92 143 144 1
92 92 93 144 145 1
93 93 94 145 146 1
94 94 95 146 147 1
95 95 96 147 148 1
96 96 97 148 149 1
97 97 98 149 150 1
98 98 99 150 151 1
99 99 100 151 152 1
100 100 101 152 153 1
101 101 102 153 154 1
102 102 103 154 155 1
103 103 104 155 156 1
104 104 105 156 157 1
105 105 106 157 158 1
106 106 107 158 159 1
107 107 108 159 160 1
108 108 109 160 161 1
109 109 110 161 162 1
110 110 111 162 163 1
111 111 112 163 164 1
112 112 113 164 165 1
113 113 114 165 166 1
114 114 115 166 167 1
115 115 116 167 168 1
116 116 117 168 169 1
117 117 118 169 170 1
118 118 119 170 171 1
119 119 120 171 172 1
120 120 121 172 173 1
121 121 122 173 174 1
122 122 123 174 175 1
123 123 124 175 176 1
124 124 125 176 177 1
125 125 126 177 178 1
126 126 127 178 179 1
127 127 128 179 180 1
128 128 129 180 181 1
129 129 130 181 182 1
130 130 131 182 183 1
131 131 132 183 184 1
132 132 133 184 185 1
133 133 134 185 186 1
134 134 135 186 187 1
135 135 136 187 188 1
136 136 137 188 189 1
137 137 138 189 190 1
138 138 139 190 191 1
139 139 140 191 192 1
140 140 141 192 193 1
141 141 142 193 194 1
142 142 143 194 195 1
143 143 144 195 196 1
144 144 145 196 197 1
145 145 146 197 198 1
146 146 147 198 199 1
147 147 148 199 200 1
148 148 149 200 201 1
149 149 150 201 202 1
150 150 151 202 4 1
151 151 152 4 1 1
152 152 153 1 5 1
153 153 154 5 6 1
154 154 155 6 7 1
155 155 156 7 8 1
156 156 157 8 9 1
157 157 158 9 10 1
158 158 159 10 11 1
159 159 160 11 12 1
160 160 161 12 13 1
161 161 162 13 14 1
162 162 163 14 15 1
163 163 164 15 16 1
164 164 165 16 17 1
165 165 166 17 18 1
166 166 167 18 19 1
167 167 168 19 20 1
168 168 169 20 21 1
169 169 170 21 22 1
170 170 171 22 23 1
171 171 172 23 24 1
172 172 173 24 25 1
173 173 174 25 26 1
174 174 175 26 27 1
175 175 176 27 28 1
176 176 177 28 29 1
177 177 178 29 30 1
178 178 179 30 31 1
179 179 180 31 32 1
180 180 181 32 33 1
181 181 182 33 34 1
182 182 183 34 35 1
183 183 184 35 36 1
184 184 185 36 37 1
185 185 186 37 38 1
186 186 187 38 39 1
187 187 188 39 40 1
188 188 189 40 41 1
189 189 190 41 42 1
190 190 191 42 43 1
191 191 192 43 44 1
192 192 193 44 45 1
193 193 194 45 46 1
194 194 195 46 47 1
195 195 196 47 48 1
196 196 197 48 49 1
197 197 198 49 50 1
198 198 199 50 51 1
199 199 200 51 52 1
200 200 201 52 53 1
201 201 202 53 54 1
202 202 1 54 55 1
