shape_17

186 points
186 lines

Points

1 -1.111108749368247e-01 2.779179173923902e-03
2 -1.105223755597469e-01 5.753345018154331e-03
3 -1.098539224508177e-01 8.777560759459322e-03
4 -1.091063254267438e-01 1.183528359446112e-02
5 -1.082803943042321e-01 1.490997071978199e-02
6 -1.073769388999892e-01 1.798507933204420e-02
7 -1.063967690307218e-01 2.104406662787000e-02
8 -1.053406945131366e-01 2.407038980388167e-02
9 -1.042095251639405e-01 2.704750605670146e-02
10 -1.030040707998400e-01 2.995887258295165e-02
11 -1.017251412375420e-01 3.278794657925446e-02
12 -1.003735462937532e-01 3.551818524223217e-02
13 -9.895009578518019e-02 3.813304576850708e-02
14 -9.745559952852979e-02 4.061598535470141e-02
15 -9.589086734050872e-02 4.295046119743740e-02
16 -9.425670903782378e-02 4.511993049333738e-02
17 -9.255393443718159e-02 4.710785043902356e-02
18 -9.078335335528886e-02 4.889767823111821e-02
19 -8.894577560885243e-02 5.047287106624362e-02
20 -8.704201101457890e-02 5.181688614102202e-02
21 -8.507286938917509e-02 5.291318065207568e-02
22 -8.303916054934765e-02 5.374521179602686e-02
23 -7.941436755258161e-02 5.491603901082334e-02
24 -7.565989994006615e-02 5.603712398052237e-02
25 -7.178140791905510e-02 5.710947130504725e-02
26 -6.778454169680245e-02 5.813408558432131e-02
27 -6.367495148056211e-02 5.911197141826788e-02
28 -5.945828747758798e-02 6.004413340681027e-02
29 -5.514019989513401e-02 6.093157614987180e-02
30 -5.072633894045406e-02 6.177530424737580e-02
31 -4.622235482080208e-02 6.257632229924559e-02
32 -4.163389774343200e-02 6.333563490540448e-02
33 -3.696661791559771e-02 6.405424666577579e-02
34 -3.222616554455313e-02 6.473316218028284e-02
35 -2.741819083755221e-02 6.537338604884897e-02
36 -2.254834400184883e-02 6.597592287139749e-02
37 -1.762227524469693e-02 6.654177724785169e-02
38 -1.264563477335043e-02 6.707195377813495e-02
39 -7.624072795063207e-03 6.756745706217054e-02
40 -2.563239517089244e-03 6.802929169988181e-02
41 2.531214853317610e-03 6.845846229119205e-02
42 7.653640108903402e-03 6.885597343602462e-02
43 1.279838604241420e-02 6.922282973430280e-02
44 1.795980244659613e-02 6.956003578594992e-02
45 2.313223911419521e-02 6.986859619088934e-02
46 2.831004583795761e-02 7.014951554904433e-02
47 3.348757241062935e-02 7.040379846033823e-02
48 3.865916862495651e-02 7.063244952469436e-02
49 4.381918427368522e-02 7.083647334203606e-02
50 4.896196914956154e-02 7.101687451228664e-02
51 5.408187304533150e-02 7.117465763536937e-02
52 5.917324575374128e-02 7.131082731120764e-02
53 6.423043706753691e-02 7.142638813972475e-02
54 6.924779677946445e-02 7.152234472084398e-02
55 7.421967468227000e-02 7.159970165448869e-02
56 7.914042056869970e-02 7.165946354058222e-02
57 8.400438423149953e-02 7.170263497904786e-02
58 8.880591546341562e-02 7.173022056980889e-02
59 9.353936405719411e-02 7.174322491278873e-02
60 9.819907980558100e-02 7.174265260791061e-02
61 1.027794125013224e-01 7.172950825509790e-02
62 1.072747119371644e-01 7.170479645427393e-02
63 1.116793279058532e-01 7.166952180536197e-02
64 1.159876102001346e-01 7.162468890828534e-02
65 1.201939086127549e-01 7.157130236296744e-02
66 1.242925729364601e-01 7.151036676933151e-02
67 1.282779529639963e-01 7.144288672730088e-02
68 1.321443984881097e-01 7.136986683679894e-02
69 1.358862593015462e-01 7.129231169774891e-02
70 1.394978851970520e-01 7.121122591007419e-02
71 1.429736259673731e-01 7.112761407369803e-02
72 1.463078314052556e-01 7.104248078854380e-02
73 1.494948513034457e-01 7.095683065453486e-02
74 1.503869801965967e-01 7.070824404940945e-02
75 1.510468868850475e-01 7.005309809714377e-02
76 1.514916683312287e-01 6.904365752679320e-02
77 1.517384214975704e-01 6.773218706741313e-02
78 1.518042433465031e-01 6.617095144805893e-02
79 1.517062308404573e-01 6.441221539778601e-02
80 1.514614809418633e-01 6.250824364564976e-02
81 1.510870906131515e-01 6.051130092070556e-02
82 1.506001568167524e-01 5.847365195200881e-02
83 1.500177765150961e-01 5.644756146861488e-02
84 1.493570466706133e-01 5.448529419957920e-02
85 1.486350642457342e-01 5.263911487395711e-02
86 1.478689262028893e-01 5.096128822080401e-02
87 1.470757295045089e-01 4.950407896917532e-02
88 1.462725711130235e-01 4.831975184812640e-02
89 1.454765479908634e-01 4.746057158671265e-02
90 1.427885512437599e-01 4.512179695417941e-02
91 1.399909890142002e-01 4.265368160469076e-02
92 1.370874234516427e-01 4.006206970645133e-02
93 1.340814167055459e-01 3.735280542766570e-02
94 1.309765309253682e-01 3.453173293653850e-02
95 1.277763282605681e-01 3.160469640127432e-02
96 1.244843708606040e-01 2.857753999007776e-02
97 1.211042208749342e-01 2.545610787115343e-02
98 1.176394404530173e-01 2.224624421270595e-02
99 1.140935917443116e-01 1.895379318293990e-02
100 1.104702368982756e-01 1.558459895005990e-02
101 1.067729380643677e-01 1.214450568227055e-02
102 1.030052573920464e-01 8.639357547776448e-03
103 9.917075703077009e-02 5.074998714782211e-03
104 9.527299912999722e-02 1.457273351492468e-03
105 9.131554583918618e-02 -2.207974373888240e-03
106 8.730195930779540e-02 -5.914900293155264e-03
107 8.323580168528331e-02 -9.657660238104016e-03
108 7.912063512110838e-02 -1.343041004052988e-02
109 7.496002176472902e-02 -1.722730553222826e-02
110 7.075752376560367e-02 -2.104250254499453e-02
111 6.651670327319073e-02 -2.487015691062413e-02
112 6.224112243694867e-02 -2.870442446091241e-02
113 5.793434340633589e-02 -3.253946102765478e-02
114 5.359992833081083e-02 -3.636942244264664e-02
115 4.924143935983195e-02 -4.018846453768338e-02
116 4.486243864285763e-02 -4.399074314456041e-02
117 4.046648832934636e-02 -4.777041409507307e-02
118 3.605715056875650e-02 -5.152163322101688e-02
119 3.163798751054653e-02 -5.523855635418708e-02
120 2.721256130417488e-02 -5.891533932637918e-02
121 2.278443409909996e-02 -6.254613796938850e-02
122 1.835716804478020e-02 -6.612510811501053e-02
123 1.393432529067405e-02 -6.964640559504054e-02
124 9.519467986239946e-03 -7.310418624127400e-02
125 5.116158280936286e-03 -7.649260588550633e-02
126 7.279583242215200e-04 -7.980582035953286e-02
127 -3.641569734445924e-03 -8.303798549514904e-02
128 -7.988863745607607e-03 -8.618325712415022e-02
129 -1.231036155980510e-02 -8.923579107833182e-02
130 -1.660250102757999e-02 -9.218974318948925e-02
131 -2.086171999947383e-02 -9.503926928941787e-02
132 -2.508445632602819e-02 -9.777852520991308e-02
133 -2.926714785778465e-02 -1.004016667827703e-01
134 -3.340623244528474e-02 -1.029028498397849e-01
135 -3.749814793907010e-02 -1.052762302127523e-01
136 -4.153933218968222e-02 -1.075159637334679e-01
137 -4.552622304766275e-02 -1.096162062337271e-01
138 -4.945525836355318e-02 -1.115711135453252e-01
139 -5.332287598789513e-02 -1.133748415000577e-01
140 -5.712551377123017e-02 -1.150215459297200e-01
141 -6.085960956409985e-02 -1.165053826661074e-01
142 -6.452160121704571e-02 -1.178205075410154e-01
143 -6.810792658060941e-02 -1.189610763862393e-01
144 -7.161502350533243e-02 -1.199212450335746e-01
145 -7.378500856374948e-02 -1.202563678510847e-01
146 -7.589715532343207e-02 -1.201740980922784e-01
147 -7.795141682407453e-02 -1.196948979808595e-01
148 -7.994774610537114e-02 -1.188392297405320e-01
149 -8.188609620701613e-02 -1.176275555949996e-01
150 -8.376642016870382e-02 -1.160803377679662e-01
151 -8.558867103012849e-02 -1.142180384831358e-01
152 -8.735280183098440e-02 -1.120611199642121e-01
153 -8.905876561096582e-02 -1.096300444348989e-01
154 -9.070651540976701e-02 -1.069452741189002e-01
155 -9.229600426708230e-02 -1.040272712399198e-01
156 -9.382718522260594e-02 -1.008964980216616e-01
157 -9.530001131603220e-02 -9.757341668782941e-02
158 -9.671443558705538e-02 -9.407848946212710e-02
159 -9.807041107536972e-02 -9.043217856825847e-02
160 -9.936789082066952e-02 -8.665494622992745e-02
161 -1.006068278626490e-01 -8.276725467083786e-02
162 -1.017871752410026e-01 -7.878956611469357e-02
163 -1.029088859954245e-01 -7.474234278519842e-02
164 -1.039719131656088e-01 -7.064604690605628e-02
165 -1.049762097912501e-01 -6.652114070097101e-02
166 -1.059217289120425e-01 -6.238808639364648e-02
167 -1.068084235676802e-01 -5.826734620778648e-02
168 -1.076362467978577e-01 -5.417938236709494e-02
169 -1.084051516422690e-01 -5.014465709527567e-02
170 -1.091150911406087e-01 -4.618363261603255e-02
171 -1.097660183325708e-01 -4.231677115306944e-02
172 -1.103578862578497e-01 -3.856453493009018e-02
173 -1.108906479561396e-01 -3.494738617079860e-02
174 -1.113642564671350e-01 -3.148578709889862e-02
175 -1.117786648305299e-01 -2.820019993809405e-02
176 -1.121338260860187e-01 -2.511108691208875e-02
177 -1.124296932732956e-01 -2.223891024458659e-02
178 -1.126662194320551e-01 -1.960413215929142e-02
179 -1.128433576019912e-01 -1.722721487990710e-02
180 -1.129236414811664e-01 -1.524898913387165e-02
181 -1.129174930948364e-01 -1.308837106373976e-02
182 -1.128257222597080e-01 -1.076190347288915e-02
183 -1.126491387924878e-01 -8.286129164697538e-03
184 -1.123885525098828e-01 -5.677590942542700e-03
185 -1.120447732285993e-01 -2.952831609802357e-03
186 -1.116186107653444e-01 -1.283939698542355e-04

Lines

1 1 2
2 2 3
3 3 4
4 4 5
5 5 6
6 6 7
7 7 8
8 8 9
9 9 10
10 10 11
11 11 12
12 12 13
13 13 14
14 14 15
15 15 16
16 16 17
17 17 18
18 18 19
19 19 20
20 20 21
21 21 22
22 22 23
23 23 24
24 24 25
25 25 26
26 26 27
27 27 28
28 28 29
29 29 30
30 30 31
31 31 32
32 32 33
33 33 34
34 34 35
35 35 36
36 36 37
37 37 38
38 38 39
39 39 40
40 40 41
41 41 42
42 42 43
43 43 44
44 44 45
45 45 46
46 46 47
47 47 48
48 48 49
49 49 50
50 50 51
51 51 52
52 52 53
53 53 54
54 54 55
55 55 56
56 56 57
57 57 58
58 58 59
59 59 60
60 60 61
61 61 62
62 62 63
63 63 64
64 64 65
65 65 66
66 66 67
67 67 68
68 68 69
69 69 70
70 70 71
71 71 72
72 72 73
73 73 74
74 74 75
75 75 76
76 76 77
77 77 78
78 78 79
79 79 80
80 80 81
81 81 82
82 82 83
83 83 84
84 84 85
85 85 86
86 86 87
87 87 88
88 88 89
89 89 90
90 90 91
91 91 92
92 92 93
93 93 94
94 94 95
95 95 96
96 96 97
97 97 98
98 98 99
99 99 100
100 100 101
101 101 102
102 102 103
103 103 104
104 104 105
105 105 106
106 106 107
107 107 108
108 108 109
109 109 110
110 110 111
111 111 112
112 112 113
113 113 114
114 114 115
115 115 116
116 116 117
117 117 118
118 118 119
119 119 120
120 120 121
121 121 122
122 122 123
123 123 124
124 124 125
125 125 126
126 126 127
127 127 128
128 128 129
129 129 130
130 130 131
131 131 132
132 132 133
133 133 134
134 134 135
135 135 136
136 136 137
137 137 138
138 138 139
139 139 140
140 140 141
141 141 142
142 142 143
143 143 144
144 144 145
145 145 146
146 146 147
147 147 148
148 148 149
149 149 150
150 150 151
151 151 152
152 152 153
153 153 154
154 154 155
155 155 156
156 156 157
157 157 158
158 158 159
159 159 160
160 160 161
161 161 162
162 162 163
163 163 164
164 164 165
165 165 166
166 166 167
167 167 168
168 168 169
169 169 170
170 170 171
171 171 172
172 172 173
173 173 174
174 174 175
175 175 176
176 176 177
177 177 178
178 178 179
179 179 180
180 180 181
181 181 182
182 182 183
183 183 184
184 184 185
185 185 186
186 186 1
