Region Metadata for: shape_4.txt
================================================================================

REGION DEFINITION: Circle union (one circle per point)
  Each point gets a circle with radius = average distance to neighbors

Total vertices: 232
Number of regions: 30
Points per region:
  Region 0: 8 points
  Region 1: 8 points
  Region 2: 8 points
  Region 3: 8 points
  Region 4: 8 points
  Region 5: 8 points
  Region 6: 8 points
  Region 7: 8 points
  Region 8: 8 points
  Region 9: 8 points
  Region 10: 8 points
  Region 11: 8 points
  Region 12: 8 points
  Region 13: 8 points
  Region 14: 8 points
  Region 15: 8 points
  Region 16: 8 points
  Region 17: 8 points
  Region 18: 8 points
  Region 19: 8 points
  Region 20: 8 points
  Region 21: 8 points
  Region 22: 7 points
  Region 23: 7 points
  Region 24: 7 points
  Region 25: 7 points
  Region 26: 7 points
  Region 27: 7 points
  Region 28: 7 points
  Region 29: 7 points

REGION SUMMARY:
Region_Index,Num_Points,BBox_Min_X,BBox_Max_X,BBox_Min_Y,BBox_Max_Y,Normal_X,Normal_Y,Tangent_X,Tangent_Y,Fitted_Circle_X,Fitted_Circle_Y,Fitted_Circle_Radius,Local_AoA_Rad,Union_Area,Collection_Area
0,8,-5.6672654281e-02,-3.4092056849e-02,-3.1631502017e-03,3.0275472339e-02,-0.8692240402,-0.4944184138,-0.4944184138,0.8692240402,1.0036016848e+00,6.1031711345e-01,1.2069584214e+00,-5.17165618e-01,2.83022177e-04,1.41710425e-04
1,8,-7.1341288035e-02,-5.0505380010e-02,2.5708130117e-02,5.7943692108e-02,-0.8827709015,-0.4698037201,-0.4698037201,0.8827709015,8.8830330955e-01,5.4723219686e-01,1.0755287411e+00,-4.89068420e-01,2.57013659e-04,1.28829225e-04
2,8,-8.3782934325e-02,-6.5484625239e-02,5.3732023856e-02,8.3519232973e-02,-0.8973423834,-0.4413350733,-0.4413350733,0.8973423834,6.5219834744e-01,4.2646754355e-01,8.1032693643e-01,-4.57085938e-01,2.14237358e-04,1.07371585e-04
3,8,-9.3434275959e-02,-7.8463628068e-02,7.9825357641e-02,1.0592176883e-01,-0.9149970590,-0.4034605086,-0.4034605086,0.9149970590,3.6900042845e-01,2.9396584065e-01,4.9765557435e-01,-4.15295696e-01,1.60035105e-04,8.02613368e-05
4,8,-9.5464583884e-02,-8.8874536369e-02,1.0290327044e-01,1.1705276884e-01,-0.9995952859,-0.0284475718,-0.0284475718,0.9995952859,-8.6348369499e-02,1.1113065242e-01,7.3869149519e-03,-2.84514101e-02,5.53850610e-05,2.87242028e-05
5,8,-9.2351350393e-02,-7.6407385071e-02,1.1511117366e-01,1.2433998250e-01,-0.4107354051,0.9117545871,0.9117545871,0.4107354051,-6.9171284177e-02,8.4348577137e-02,3.8914294460e-02,1.14753583e+00,6.14449000e-05,3.14746491e-05
6,8,-7.8707380919e-02,-5.9378176625e-02,1.2046418071e-01,1.2674347616e-01,-0.1318162689,0.9912741655,0.9912741655,0.1318162689,-6.0525268918e-02,6.1333832291e-02,6.3402174759e-02,1.43859531e+00,7.78423485e-05,3.96202873e-05
7,8,-6.1291149681e-02,-4.7943259255e-02,1.1877861997e-01,1.2652315742e-01,0.3822198563,0.9240714158,0.9240714158,-0.3822198563,-5.8486285742e-02,1.1293239962e-01,1.1680203037e-02,1.96299369e+00,4.37723636e-05,2.28016552e-05
8,8,-5.0583548334e-02,-3.7008801486e-02,1.0368943026e-01,1.2123656596e-01,0.8211142309,0.5707638914,0.5707638914,-0.8211142309,-1.2585229034e-01,5.6043798426e-02,9.9833698805e-02,2.53415679e+00,8.54768490e-05,4.32338762e-05
9,8,-4.0800958965e-02,-2.6388928018e-02,8.4075492008e-02,1.0657857222e-01,0.8853847433,0.4648589639,0.4648589639,-0.8853847433,-2.7673102698e-01,-3.1893302143e-02,2.7450849169e-01,2.65811734e+00,1.24900227e-04,6.27614559e-05
10,8,-3.0950651271e-02,-1.6207491149e-02,6.2177335565e-02,8.7278112062e-02,0.9090496267,0.4166878643,0.4166878643,-0.9090496267,-7.1836239021e-01,-2.4340129029e-01,7.6419668863e-01,2.71179390e+00,1.49044325e-04,7.46524253e-05
11,8,-2.1066791033e-02,-6.5529001262e-03,4.0200048237e-02,6.5486029327e-02,0.9147494761,0.4040215291,0.4040215291,-0.9147494761,7.2080929115e+00,3.2401885542e+00,-7.8939687356e+00,2.72568374e+00,1.49782148e-04,7.49028179e-05
12,8,-1.1213729433e-02,2.5001445388e-03,2.0335008593e-02,4.3383353257e-02,0.9057213785,0.4238735478,0.4238735478,-0.9057213785,4.6182689146e-01,2.4954327314e-01,-5.1451637025e-01,2.70387484e+00,1.26544098e-04,6.31001006e-05
13,8,-1.4689108030e-03,1.1012832516e-02,4.6377050193e-03,2.3164206238e-02,0.8708289327,0.4915861775,0.4915861775,-0.8708289327,1.3754483409e-01,8.8325037677e-02,-1.5234026769e-01,2.62768238e+00,8.71693737e-05,4.32257976e-05
14,8,7.8824472776e-03,2.3623523289e-02,-1.1479739208e-02,7.1675560943e-03,0.7855593366,0.6187863353,0.6187863353,-0.7855593366,1.4296318537e-01,9.8723911388e-02,-1.6262971262e-01,2.47439586e+00,1.02885259e-04,5.10129038e-05
15,8,1.9926868035e-02,3.9822885607e-02,-2.9137917447e-02,-8.0473164902e-03,0.7353951501,0.6776385269,0.6776385269,-0.7353951501,4.4946492519e-01,3.6872309459e-01,-5.7112751659e-01,2.39704595e+00,1.44328783e-04,7.21341789e-05
16,8,3.5742802786e-02,5.7570509387e-02,-4.7764935022e-02,-2.5169329959e-02,0.7240339619,0.6897643235,0.6897643235,-0.7240339619,-3.1180828006e+00,-3.0532634624e+00,4.3722698899e+00,2.38042916e+00,1.69104035e-04,8.45638545e-05
17,8,5.3303550114e-02,7.4818959142e-02,-6.6781871854e-02,-4.3640298306e-02,0.7422597481,0.6701122789,0.6701122789,-0.7422597481,-3.2923794675e-01,-4.1062716754e-01,5.3022165273e-01,2.40723261e+00,1.71158249e-04,8.59176966e-05
18,8,7.0557552930e-02,8.9541878043e-02,-8.5630886524e-02,-6.2877179850e-02,0.7905369044,0.6124144045,0.6124144045,-0.7905369044,-9.9900184454e-02,-2.1407351893e-01,2.2815315179e-01,2.48248153e+00,1.51159672e-04,7.61638510e-05
19,8,8.5431127039e-02,9.9755565724e-02,-1.0379679408e-01,-8.2274805804e-02,0.8738892648,0.4861250384,0.4861250384,-0.8738892648,3.5205121121e-03,-1.4303299342e-01,1.0263814966e-01,2.63394255e+00,1.16814933e-04,5.91029694e-05
20,8,9.5802384599e-02,1.0215566874e-01,-1.1635613999e-01,-1.0117980374e-01,0.9945267571,0.1044821964,0.1044821964,-0.9945267571,8.7325274154e-02,-1.1104833423e-01,1.3010049730e-02,3.03691942e+00,5.54852238e-05,2.89952950e-05
21,8,8.4595193402e-02,9.9895425954e-02,-1.2244246060e-01,-1.1469121919e-01,0.3347755394,-0.9422979031,-0.9422979031,-0.3347755394,8.5549103673e-02,-9.7296411231e-02,2.2890958150e-02,-1.91216334e+00,5.51328137e-05,2.85996134e-05
22,7,6.6635463385e-02,8.6890159579e-02,-1.2327220705e-01,-1.1760429388e-01,-0.0118409655,-0.9999298933,-0.9999298933,0.0118409655,7.8009669607e-02,-3.5447562172e-02,8.5265840437e-02,-1.55895508e+00,9.41669138e-05,4.77557366e-05
23,7,4.8973764743e-02,6.9321038769e-02,-1.2266087563e-01,-1.1441187262e-01,-0.2019317764,-0.9793995904,-0.9793995904,0.2019317764,7.7194537862e-02,-2.9987451611e-02,9.0608122805e-02,-1.36746640e+00,9.79031566e-05,4.96363848e-05
24,7,3.6934497891e-02,5.1474501887e-02,-1.1844262118e-01,-1.0888002574e-01,-0.4676781100,-0.8838988548,-0.8838988548,0.4676781100,5.8665337377e-02,-8.4962429539e-02,3.2539677773e-02,-1.08413425e+00,5.94691517e-05,3.06133098e-05
25,7,2.1730342419e-02,3.9766426921e-02,-1.1170934031e-01,-9.1101291696e-02,-0.7705203055,-0.6374154523,-0.6374154523,0.7705203055,3.0709097044e-01,1.2608384648e-01,3.5798983720e-01,-6.91139304e-01,1.44203246e-04,7.26428017e-05
26,7,6.2832037586e-03,2.6494479748e-02,-9.5268026353e-02,-7.0551772676e-02,-0.8029918432,-0.5959900165,-0.5959900165,0.8029918432,4.7804796432e-01,2.5938762671e-01,5.7478613765e-01,-6.38497995e-01,1.92417521e-04,9.65044924e-05
27,7,-9.4652030160e-03,1.1671915758e-02,-7.5045652759e-02,-4.7767418933e-02,-0.8253451530,-0.5646285314,-0.5646285314,0.8253451530,6.7204626632e-01,3.9735225505e-01,8.1284595488e-01,-5.99983108e-01,2.25218037e-04,1.12871941e-04
28,7,-2.5133584324e-02,-3.6178962104e-03,-5.2471943946e-02,-2.3475879624e-02,-0.8422335184,-0.5391128829,-0.5391128829,0.8422335184,8.5311825329e-01,5.1717326191e-01,1.0299764459e+00,-5.69383463e-01,2.47222322e-04,1.23805809e-04
29,7,-4.0341861236e-02,-1.8998429325e-02,-2.8269782322e-02,1.5964107439e-03,-0.8560860679,-0.5168332849,-0.5168332849,0.8560860679,9.7760062815e-01,5.9473855884e-01,1.1766485686e+00,-5.43147741e-01,2.56121128e-04,1.28295145e-04

DETAILED CIRCLE DATA:

Region 0 (8 circles):
Circle_Index,Center_X,Center_Y,Radius
0,-3.8273419854e-02,1.0182128042e-03,4.1813630059e-03
1,-4.0376142382e-02,4.6284240905e-03,4.1733228092e-03
2,-4.2461854072e-02,8.2378600725e-03,4.1629489524e-03
3,-4.4529450567e-02,1.1844406610e-02,4.1502407561e-03
4,-4.6577827510e-02,1.5445949563e-02,4.1351977080e-03
5,-4.8605880543e-02,1.9040374790e-02,4.1178194618e-03
6,-5.0612505309e-02,2.2625568152e-02,4.0981058388e-03
7,-5.2596597451e-02,2.6199415508e-02,4.0760568303e-03

Region 1 (8 circles):
Circle_Index,Center_X,Center_Y,Radius
0,-5.4557052611e-02,2.9759802719e-02,4.0516726014e-03
1,-5.6492766433e-02,3.3304615642e-02,4.0249534972e-03
2,-5.8402634558e-02,3.6831740139e-02,3.9959000501e-03
3,-6.0285552630e-02,4.0339062069e-02,3.9645129892e-03
4,-6.2140416292e-02,4.3824467292e-02,3.9307932519e-03
5,-6.3966121185e-02,4.7285841666e-02,3.8947419981e-03
6,-6.5761562953e-02,5.0721071053e-02,3.8563606267e-03
7,-6.7525637239e-02,5.4128041312e-02,3.8156507958e-03

Region 2 (8 circles):
Circle_Index,Center_X,Center_Y,Radius
0,-6.9257239685e-02,5.7504638302e-02,3.7726144459e-03
1,-7.0955265933e-02,6.0848747883e-02,3.7272538274e-03
2,-7.2618611627e-02,6.4158255915e-02,3.6795715332e-03
3,-7.4246172410e-02,6.7431048257e-02,3.6295705367e-03
4,-7.5836843923e-02,7.0665010770e-02,3.5772542365e-03
5,-7.7389521811e-02,7.3858029312e-02,3.5226265087e-03
6,-7.8903101714e-02,7.7007989744e-02,3.4656917696e-03
7,-8.0376479277e-02,8.0112777925e-02,3.4064550481e-03

Region 3 (8 circles):
Circle_Index,Center_X,Center_Y,Radius
0,-8.1808550142e-02,8.3170279714e-02,3.3449220736e-03
1,-8.3198209951e-02,8.6178380973e-02,3.2810993789e-03
2,-8.4544354347e-02,8.9134967559e-02,3.2149944238e-03
3,-8.5845878973e-02,9.2037925334e-02,3.1466157443e-03
4,-8.7101679472e-02,9.4885140156e-02,3.0759731310e-03
5,-8.8310651487e-02,9.7674497886e-02,3.0030778467e-03
6,-8.9471690659e-02,1.0040388438e-01,2.9279428912e-03
7,-9.0583692632e-02,1.0307118551e-01,2.8505833268e-03

Region 4 (8 circles):
Circle_Index,Center_X,Center_Y,Radius
0,-9.1645553049e-02,1.0567428712e-01,2.7710166801e-03
1,-9.2656167552e-02,1.0821107507e-01,2.6892634415e-03
2,-9.3614431784e-02,1.1067943523e-01,1.8501520998e-03
3,-9.3848646385e-02,1.1170550454e-01,1.0363386529e-03
4,-9.3777016735e-02,1.1272320291e-01,1.0433957065e-03
5,-9.3419875336e-02,1.1372820691e-01,1.1171112274e-03
6,-9.2797554690e-02,1.1471619311e-01,1.2331273597e-03
7,-9.1930387298e-02,1.1568283808e-01,1.3699307560e-03

Region 5 (8 circles):
Circle_Index,Center_X,Center_Y,Radius
0,-9.0838705662e-02,1.1662381839e-01,1.5126447310e-03
1,-8.9542842283e-02,1.1753481062e-01,1.6519768747e-03
2,-8.8063129664e-02,1.1841149133e-01,1.7822555946e-03
3,-8.6419900305e-02,1.1924953709e-01,1.8999771195e-03
4,-8.4633486709e-02,1.2004462447e-01,2.0029253702e-03
5,-8.2724221377e-02,1.2079243005e-01,2.0896662083e-03
6,-8.0712436810e-02,1.2148863039e-01,2.1592574637e-03
7,-7.8618465510e-02,1.2212890206e-01,2.2110804392e-03

Region 6 (8 circles):
Circle_Index,Center_X,Center_Y,Radius
0,-7.6462639980e-02,1.2270892165e-01,2.2447409387e-03
1,-7.4265292720e-02,1.2322436570e-01,2.2600117269e-03
2,-7.2046756232e-02,1.2367091081e-01,2.2568014058e-03
3,-6.9827363018e-02,1.2404423353e-01,2.2351421234e-03
4,-6.7627445579e-02,1.2434001044e-01,2.1951932113e-03
5,-6.5467336417e-02,1.2455391810e-01,2.1372615126e-03
6,-6.3367368034e-02,1.2468163310e-01,2.0618430655e-03
7,-6.1347872931e-02,1.2471883199e-01,1.9696963052e-03

Region 7 (8 circles):
Circle_Index,Center_X,Center_Y,Radius
0,-5.9429183609e-02,1.2466119135e-01,1.8619660713e-03
1,-5.7631632572e-02,1.2450438775e-01,1.7403939300e-03
2,-5.5975552319e-02,1.2424409776e-01,1.6076793551e-03
3,-5.4481275353e-02,1.2387599795e-01,1.4681045203e-03
4,-5.3169134176e-02,1.2339576490e-01,1.3285933003e-03
5,-5.2059461289e-02,1.2279907516e-01,1.2003366090e-03
6,-5.1172589193e-02,1.2208160532e-01,1.5155463070e-03
7,-4.9873248552e-02,1.2070860926e-01,1.9299892970e-03

Region 8 (8 circles):
Circle_Index,Center_X,Center_Y,Radius
0,-4.8574666167e-02,1.1922768380e-01,2.0088821665e-03
1,-4.7276989092e-02,1.1764311011e-01,2.0867144258e-03
2,-4.5980364379e-02,1.1595916938e-01,2.1629969782e-03
3,-4.4684939080e-02,1.1418014281e-01,2.2373295515e-03
4,-4.3390860247e-02,1.1231031158e-01,2.3093830578e-03
5,-4.2098274933e-02,1.1035395688e-01,2.3788855777e-03
6,-4.0807330190e-02,1.0831535991e-01,2.4456112673e-03
7,-3.9518173070e-02,1.0619880185e-01,2.5093715842e-03

Region 9 (8 circles):
Circle_Index,Center_X,Center_Y,Radius
0,-3.8230950627e-02,1.0400856388e-01,2.5700083388e-03
1,-3.6945809911e-02,1.0174892721e-01,2.6273881762e-03
2,-3.5662897976e-02,9.9424173011e-02,2.6813981782e-03
3,-3.4382361874e-02,9.7038582483e-02,2.7319423446e-03
4,-3.3104348657e-02,9.4596436812e-02,2.7789387654e-03
5,-3.1829005377e-02,9.2102017187e-02,2.8223173386e-03
6,-3.0556479088e-02,8.9559604797e-02,2.8620179208e-03
7,-2.9286916841e-02,8.6973480831e-02,2.8979888230e-03

Region 10 (8 circles):
Circle_Index,Center_X,Center_Y,Radius
0,-2.8020465689e-02,8.4347926479e-02,2.9301855824e-03
1,-2.6757272683e-02,8.1687222930e-02,2.9585699582e-03
2,-2.5497484878e-02,7.8995651373e-02,2.9831091084e-03
3,-2.4241249324e-02,7.6277492997e-02,3.0037749149e-03
4,-2.2988713074e-02,7.3537028991e-02,3.0205434319e-03
5,-2.1740023180e-02,7.0778540545e-02,3.0333944360e-03
6,-2.0495326696e-02,6.8006308848e-02,3.0423110639e-03
7,-1.9254770672e-02,6.5224615089e-02,3.0472795234e-03

Region 11 (8 circles):
Circle_Index,Center_X,Center_Y,Radius
0,-1.8018502162e-02,6.2437740456e-02,3.0482888702e-03
1,-1.6786668219e-02,5.9649966141e-02,3.0453308421e-03
2,-1.5559415893e-02,5.6865573330e-02,3.0383997468e-03
3,-1.4336892238e-02,5.4088843215e-02,3.0274923998e-03
4,-1.3119244306e-02,5.1324056983e-02,3.0126081112e-03
5,-1.1906619150e-02,4.8575495824e-02,2.9937487219e-03
6,-1.0699163821e-02,4.5847440928e-02,2.9709186922e-03
7,-9.4970253722e-03,4.3144173483e-02,2.9441252459e-03

Region 12 (8 circles):
Circle_Index,Center_X,Center_Y,Radius
0,-8.3003508559e-03,4.0469974679e-02,2.9133785775e-03
1,-7.1092873245e-03,3.7829125705e-02,2.8786921313e-03
2,-5.9239818303e-03,3.5225907750e-02,2.8400829644e-03
3,-4.7445814256e-03,3.2664602003e-02,2.7975722122e-03
4,-3.5712331627e-03,3.0149489653e-02,2.7511856757e-03
5,-2.4040840942e-03,2.7684851890e-02,2.7009545618e-03
6,-1.2432812723e-03,2.5274969903e-02,2.6469164148e-03
7,-8.8971749307e-05,2.2924124881e-02,2.5891162881e-03

Region 13 (8 circles):
Circle_Index,Center_X,Center_Y,Radius
0,1.0586974223e-03,2.0636598013e-02,2.5276082253e-03
1,2.1995791902e-03,1.8416670489e-02,2.4624571397e-03
2,3.3335265021e-03,1.6268623497e-02,2.3937412136e-03
3,4.4603923055e-03,1.4196738227e-02,2.3215549816e-03
4,5.5800295482e-03,1.2205295867e-02,2.2460133233e-03
5,6.6922911777e-03,1.0298577608e-02,2.1672566737e-03
6,7.7970301417e-03,8.4808646387e-03,2.0854578815e-03
7,8.8940993879e-03,6.7564381476e-03,2.1187331283e-03

Region 14 (8 circles):
Circle_Index,Center_X,Center_Y,Radius
0,1.0115633090e-02,4.9343702823e-03,2.2331858120e-03
1,1.1424894952e-02,3.0766506398e-03,2.3112027637e-03
2,1.2817884413e-02,1.1844115865e-03,2.3869581550e-03
3,1.4290600915e-02,-7.4121451147e-04,2.4602148170e-03
4,1.5839043895e-02,-2.6990952877e-03,2.5307766688e-03
5,1.7459212793e-02,-4.6880983759e-03,2.5984809660e-03
6,1.9147107049e-02,-6.7070914097e-03,2.6631921856e-03
7,2.0898726103e-02,-8.7549420228e-03,2.7247971854e-03

Region 15 (8 circles):
Circle_Index,Center_X,Center_Y,Radius
0,2.2710069394e-02,-1.0830517849e-02,2.7832013588e-03
1,2.4577136361e-02,-1.2932686522e-02,2.8383255690e-03
2,2.6495926445e-02,-1.5060315675e-02,2.8901036947e-03
3,2.8462439084e-02,-1.7212272943e-02,2.9384806622e-03
4,3.0472673718e-02,-1.9387425958e-02,2.9834108611e-03
5,3.2522629787e-02,-2.1584642354e-02,3.0248568695e-03
6,3.4608306730e-02,-2.3802789766e-02,3.0627884286e-03
7,3.6725703987e-02,-2.6040735827e-02,3.0971816200e-03

Region 16 (8 circles):
Circle_Index,Center_X,Center_Y,Radius
0,3.8870820997e-02,-2.8297348170e-02,3.1280182111e-03
1,4.1039657200e-02,-3.0571494429e-02,3.1552851389e-03
2,4.3228212035e-02,-3.2862042239e-02,3.1789741123e-03
3,4.5432484942e-02,-3.5167859232e-02,3.1990813160e-03
4,4.7648475360e-02,-3.7487813042e-02,3.2156072020e-03
5,4.9872182729e-02,-3.9820771303e-02,3.2285563622e-03
6,5.2099606489e-02,-4.2165601649e-02,3.2379374729e-03
7,5.4326746078e-02,-4.4521171713e-02,3.2437633087e-03

Region 17 (8 circles):
Circle_Index,Center_X,Center_Y,Radius
0,5.6549600938e-02,-4.6886349129e-02,3.2460508234e-03
1,5.8764170506e-02,-4.9260001531e-02,3.2448212980e-03
2,6.0966454222e-02,-5.1640996553e-02,3.2401005570e-03
3,6.3152451527e-02,-5.4028201827e-02,3.2319192572e-03
4,6.5318161860e-02,-5.6420484989e-02,3.2203132541e-03
5,6.7459584659e-02,-5.8816713670e-02,3.2053240538e-03
6,6.9572719365e-02,-6.1215755506e-02,3.1869993594e-03
7,7.1653565418e-02,-6.3616478130e-02,3.1653937240e-03

Region 18 (8 circles):
Circle_Index,Center_X,Center_Y,Radius
0,7.3698122256e-02,-6.6017749176e-02,3.1405693258e-03
1,7.5702389320e-02,-6.8418436276e-02,3.1125968821e-03
2,7.7662366048e-02,-7.0817407066e-02,3.0815567240e-03
3,7.9574051881e-02,-7.3213529178e-02,3.0475400571e-03
4,8.1433446257e-02,-7.5605670247e-02,3.0106504373e-03
5,8.3236548617e-02,-7.7992697905e-02,2.9710054972e-03
6,8.4979358400e-02,-8.0373479787e-02,2.9287389613e-03
7,8.6657875045e-02,-8.2746883527e-02,2.8840029977e-03

Region 19 (8 circles):
Circle_Index,Center_X,Center_Y,Radius
0,8.8268097992e-02,-8.5111776757e-02,2.8369709536e-03
1,8.9806026681e-02,-8.7467027113e-02,2.7878405319e-03
2,9.1267660551e-02,-8.9811502227e-02,2.7368374630e-03
3,9.2648999041e-02,-9.2144069733e-02,2.6842197282e-03
4,9.3946041592e-02,-9.4463597264e-02,2.6302823794e-03
5,9.5154787642e-02,-9.6768952456e-02,2.5753629810e-03
6,9.6271236631e-02,-9.9059002940e-02,2.5198476648e-03
7,9.7291387999e-02,-1.0133261635e-01,2.4641777248e-03

Region 20 (8 circles):
Circle_Index,Center_X,Center_Y,Radius
0,9.8211241186e-02,-1.0358866032e-01,2.4088565867e-03
1,9.9026795630e-02,-1.0582600249e-01,2.3544568427e-03
2,9.9734050771e-02,-1.0804351048e-01,2.3016268459e-03
3,1.0032900605e-01,-1.1024005194e-01,1.8266626942e-03
4,1.0052526714e-01,-1.1160363550e-01,1.3211223105e-03
5,1.0042845711e-01,-1.1286453399e-01,1.2416867436e-03
6,1.0005442972e-01,-1.1402448622e-01,1.2276257430e-03
7,9.9419038715e-02,-1.1508523105e-01,1.2709089471e-03

Region 21 (8 circles):
Circle_Index,Center_X,Center_Y,Radius
0,9.8538137850e-02,-1.1604850730e-01,1.3572881042e-03
1,9.7427580877e-02,-1.1691605380e-01,1.4714859769e-03
2,9.6103221548e-02,-1.1768960941e-01,1.6007689370e-03
3,9.4580913616e-02,-1.1837091294e-01,1.7358512630e-03
4,9.2876510834e-02,-1.1896170324e-01,1.8703627308e-03
5,9.1005866952e-02,-1.1946371915e-01,2.0000151083e-03
6,8.8984835724e-02,-1.1987869949e-01,2.1219132129e-03
7,8.6829270903e-02,-1.2020838310e-01,2.2340775009e-03

Region 22 (7 circles):
Circle_Index,Center_X,Center_Y,Radius
0,8.4555026239e-02,-1.2045450882e-01,2.3351333399e-03
1,8.2177955486e-02,-1.2061881549e-01,2.4241123696e-03
2,7.9713912397e-02,-1.2070304193e-01,2.5003253488e-03
3,7.7178750722e-02,-1.2070892699e-01,2.5632800550e-03
4,7.4588324216e-02,-1.2063820950e-01,2.6126278071e-03
5,7.1958486629e-02,-1.2049262830e-01,2.6481285456e-03
6,6.9305091715e-02,-1.2027392221e-01,2.6696283299e-03

Region 23 (7 circles):
Circle_Index,Center_X,Center_Y,Radius
0,6.6643993225e-02,-1.1998383009e-01,2.6770455438e-03
1,6.3991044912e-02,-1.1962409075e-01,2.6703636500e-03
2,6.1362100528e-02,-1.1919644305e-01,2.6496293869e-03
3,5.8773013827e-02,-1.1870262580e-01,2.6149561101e-03
4,5.6239638559e-02,-1.1814437786e-01,2.5665327151e-03
5,5.3777828477e-02,-1.1752343805e-01,2.5046393975e-03
6,5.1403437334e-02,-1.1684154521e-01,2.4296725913e-03

Region 24 (7 circles):
Circle_Index,Center_X,Center_Y,Radius
0,4.9132318882e-02,-1.1610043817e-01,2.3421830048e-03
1,4.6980326873e-02,-1.1530185578e-01,2.2429331251e-03
2,4.4963315060e-02,-1.1444753686e-01,2.1329844281e-03
3,4.3097137195e-02,-1.1353922025e-01,2.0138305711e-03
4,4.1397647030e-02,-1.1257864479e-01,1.8876017988e-03
5,3.9880698317e-02,-1.1156754932e-01,1.7573770319e-03
6,3.8562144810e-02,-1.1050767266e-01,1.6276469186e-03

Region 25 (7 circles):
Circle_Index,Center_X,Center_Y,Radius
0,3.7457840259e-02,-1.0940075365e-01,2.3085866613e-03
1,3.5455483503e-02,-1.0709531512e-01,3.0884170147e-03
2,3.3431485079e-02,-1.0471665697e-01,3.1570371282e-03
3,3.1386949346e-02,-1.0226689336e-01,3.2236169742e-03
4,2.9322980659e-02,-9.9748138424e-02,3.2881252033e-03
5,2.7240683377e-02,-9.7162506302e-02,3.3505341751e-03
6,2.5141161856e-02,-9.4512111134e-02,3.4108194379e-03

Region 26 (7 circles):
Circle_Index,Center_X,Center_Y,Radius
0,2.3025520455e-02,-9.1799067061e-02,3.4689592924e-03
1,2.0894863530e-02,-8.9025488223e-02,3.5249344247e-03
2,1.8750295439e-02,-8.6193488761e-02,3.5787275958e-03
3,1.6592920538e-02,-8.3305182814e-02,3.6303233781e-03
4,1.4423843186e-02,-8.0362684524e-02,3.6797079308e-03
5,1.2244167739e-02,-7.7368108030e-02,3.7268688086e-03
6,1.0054998555e-02,-7.4323567472e-02,3.7717947962e-03

Region 27 (7 circles):
Circle_Index,Center_X,Center_Y,Radius
0,7.8574399908e-03,-7.1231176992e-02,3.8144757671e-03
1,5.6525964042e-03,-6.8093050729e-02,3.8549025611e-03
2,3.4415721522e-03,-6.4911302824e-02,3.8930668783e-03
3,1.2254715921e-03,-6.1688047416e-02,3.9289611867e-03
4,-9.9460091866e-04,-5.8425398647e-02,3.9625786428e-03
5,-3.2175410229e-03,-5.5125470657e-02,3.9939130210e-03
6,-5.4422443634e-03,-5.1790377586e-02,4.0229586526e-03

Region 28 (7 circles):
Circle_Index,Center_X,Center_Y,Radius
0,-7.6676065828e-03,-4.8422233573e-02,4.0497103724e-03
1,-9.8925233237e-03,-4.5023152761e-02,4.0741634714e-03
2,-1.2115890229e-02,-4.1595249288e-02,4.0963136558e-03
3,-1.4336602941e-02,-3.8140637295e-02,4.1161570104e-03
4,-1.6553557103e-02,-3.4661430923e-02,4.1336899665e-03
5,-1.8765648358e-02,-3.1159744311e-02,4.1489092740e-03
6,-2.0971772347e-02,-2.7637691601e-02,4.1618119766e-03

Region 29 (7 circles):
Circle_Index,Center_X,Center_Y,Radius
0,-2.3170824715e-02,-2.4097386932e-02,4.1723953898e-03
1,-2.5361701103e-02,-2.0540944445e-02,4.1806570819e-03
2,-2.7543297154e-02,-1.6970478280e-02,4.1865948574e-03
3,-2.9714508511e-02,-1.3388102577e-02,4.1902067424e-03
4,-3.1874230817e-02,-9.7959314770e-03,4.1914909721e-03
5,-3.4021359715e-02,-6.1960791199e-03,4.1904459803e-03
6,-3.6154790846e-02,-2.5906596460e-03,4.1870703899e-03
