Region Metadata for: shape_26.txt
================================================================================

REGION DEFINITION: Circle union (one circle per point)
  Each point gets a circle with radius = average distance to neighbors

Total vertices: 215
Number of regions: 30
Points per region:
  Region 0: 8 points
  Region 1: 8 points
  Region 2: 8 points
  Region 3: 8 points
  Region 4: 8 points
  Region 5: 7 points
  Region 6: 7 points
  Region 7: 7 points
  Region 8: 7 points
  Region 9: 7 points
  Region 10: 7 points
  Region 11: 7 points
  Region 12: 7 points
  Region 13: 7 points
  Region 14: 7 points
  Region 15: 7 points
  Region 16: 7 points
  Region 17: 7 points
  Region 18: 7 points
  Region 19: 7 points
  Region 20: 7 points
  Region 21: 7 points
  Region 22: 7 points
  Region 23: 7 points
  Region 24: 7 points
  Region 25: 7 points
  Region 26: 7 points
  Region 27: 7 points
  Region 28: 7 points
  Region 29: 7 points

REGION SUMMARY:
Region_Index,Num_Points,BBox_Min_X,BBox_Max_X,BBox_Min_Y,BBox_Max_Y,Normal_X,Normal_Y,Tangent_X,Tangent_Y,Fitted_Circle_X,Fitted_Circle_Y,Fitted_Circle_Radius,Local_AoA_Rad,Union_Area,Collection_Area
0,8,-1.4811695777e-01,-1.2318496458e-01,-2.3051466271e-03,1.1342566704e-02,-0.3781081624,0.9257614258,0.9257614258,0.3781081624,8.5465402592e-02,-5.3795999676e-01,5.8576476222e-01,1.18304443e+00,1.43461040e-04,7.21088943e-05
1,8,-1.2660865668e-01,-9.7459870327e-02,6.0825935937e-03,2.1049456838e-02,-0.3437767353,0.9390514130,0.9390514130,0.3437767353,1.5419302314e-01,-7.1428924168e-01,7.7501800899e-01,1.21986051e+00,1.91384615e-04,9.58668137e-05
2,8,-1.0120851754e-01,-6.9785036757e-02,1.5105832421e-02,3.0223286619e-02,-0.3097728782,0.9508105826,0.9508105826,0.3097728782,1.5181895427e-01,-7.0586110916e-01,7.6627688730e-01,1.25584218e+00,2.17995347e-04,1.09282699e-04
3,8,-7.3613047419e-02,-4.1852774228e-02,2.3952108241e-02,3.8055791157e-02,-0.2694413719,0.9630167948,0.9630167948,0.2694413719,1.0681599132e-01,-5.5662145722e-01,6.1039540357e-01,1.29798342e+00,2.18342325e-04,1.09468592e-04
4,8,-4.5520942089e-02,-1.5351604338e-02,3.1806770750e-02,4.3742494314e-02,-0.2144313107,0.9767390711,0.9767390711,0.2144313107,5.5852893348e-02,-3.5396027641e-01,4.0141359643e-01,1.35468677e+00,1.92992497e-04,9.69370021e-05
5,7,-1.8635106590e-02,5.3428432103e-03,3.7850960370e-02,4.6332976104e-02,-0.1356589613,0.9907555936,0.9907555936,0.1356589613,2.4064198945e-02,-1.7989935814e-01,2.2445439094e-01,1.43471778e+00,1.33551582e-04,6.72134677e-05
6,7,2.5534292069e-03,2.2439892403e-02,4.1002397849e-02,4.6625335902e-02,-0.0109753974,0.9999397685,0.9999397685,0.0109753974,1.4013006023e-02,-6.0756129860e-02,1.0485724515e-01,1.55982071e+00,9.12346714e-05,4.61075561e-05
7,7,2.0136185668e-02,4.0933406719e-02,3.8117705499e-02,4.6055679808e-02,0.1708948457,0.9852892731,0.9852892731,-0.1708948457,7.9863056953e-03,-8.5430829767e-02,1.2995708871e-01,1.74253413e+00,1.01702013e-04,5.13330629e-05
8,7,3.7925739313e-02,6.2391112714e-02,3.1755792142e-02,4.3297085307e-02,0.2779095688,0.9606072410,0.9606072410,-0.2779095688,-2.0533293645e-02,-2.0578690678e-01,2.5366972915e-01,1.85241359e+00,1.45509069e-04,7.31927603e-05
9,7,5.8887208394e-02,8.5040670736e-02,2.3307389394e-02,3.7367577797e-02,0.3501492720,0.9366939133,0.9366939133,-0.3501492720,-5.0451383961e-02,-2.9681717229e-01,3.4949861478e-01,1.92852679e+00,1.72394242e-04,8.65648437e-05
10,7,8.1288859981e-02,1.0712706333e-01,1.3482601618e-02,2.8953977118e-02,0.4123697696,0.9110165603,0.9110165603,-0.4123697696,-5.2000593434e-02,-3.0197706121e-01,3.5485967696e-01,1.99585010e+00,1.75315477e-04,8.80478968e-05
11,7,1.0338420784e-01,1.2690380322e-01,2.9830030056e-03,1.8757856414e-02,0.4793716614,0.8776119930,0.8776119930,-0.4793716614,-1.2863201928e-02,-2.2404172390e-01,2.6764228033e-01,2.07073494e+00,1.53464987e-04,7.71777155e-05
12,7,1.2341829610e-01,1.4263783303e-01,-7.5032621641e-03,7.4892584653e-03,0.5686692744,0.8225662626,0.8225662626,-0.5686692744,5.0264266446e-02,-1.2051321442e-01,1.4636399590e-01,2.17568350e+00,1.12866930e-04,5.69475232e-05
13,7,1.3962064346e-01,1.5056948624e-01,-1.5525446482e-02,-4.1262485057e-03,0.7271787702,0.6864481307,0.6864481307,-0.7271787702,1.2237716713e-01,-3.3445971513e-02,3.3271554346e-02,2.38499938e+00,5.35795865e-05,2.76055385e-05
14,7,1.4175424787e-01,1.5052434987e-01,-2.0995404035e-02,-1.4595720828e-02,0.5207800578,-0.8536908875,-0.8536908875,-0.5207800578,1.4322151199e-01,-1.1233375556e-02,7.8490579166e-03,-2.11856077e+00,2.56993644e-05,1.36884273e-05
15,7,1.2372846372e-01,1.4373473131e-01,-2.3917101049e-02,-1.7519253746e-02,0.0961083661,-0.9953708766,-0.9953708766,-0.0961083661,1.2345553293e-01,9.2938535326e-02,1.1398326596e-01,-1.66705327e+00,9.36364944e-05,4.73220436e-05
16,7,1.0192745255e-01,1.2667191760e-01,-2.4446579101e-02,-1.8135139359e-02,0.0085760371,-0.9999632251,-0.9999632251,-0.0085760371,1.1033358975e-01,4.7207465377e-01,4.9338232197e-01,-1.57937247e+00,1.39998654e-04,7.02754413e-05
17,7,8.2698624504e-02,1.0501348000e-01,-2.4325767550e-02,-1.8188036554e-02,-0.0104243627,-0.9999456649,-0.9999456649,0.0104243627,5.4329537029e-02,-3.6437802292e+00,-3.6228331906e+00,-1.56037178e+00,1.14603713e-04,5.72832296e-05
18,7,6.5243771560e-02,8.5030740624e-02,-2.4577889343e-02,-1.8454350328e-02,0.0338973352,-0.9994253202,-0.9994253202,-0.0338973352,8.6497692387e-02,-3.3000234730e-01,-3.0895771119e-01,-1.60470016e+00,9.26175635e-05,4.62157261e-05
19,7,4.2139066457e-02,6.8287836934e-02,-2.6107757571e-02,-1.8635975365e-02,0.0479423435,-0.9988501047,-0.9988501047,-0.0479423435,5.9670537286e-01,-1.1290980890e+01,-1.1281794431e+01,-1.61875705e+00,1.56786872e-04,7.83856207e-05
20,7,1.6496711696e-02,4.5621801703e-02,-2.7634707579e-02,-1.9317831951e-02,0.0476383397,-0.9988646498,-0.9988646498,-0.0476383397,-4.6938335586e-01,1.0466998730e+01,1.0502285514e+01,-1.61845270e+00,1.94287639e-04,9.71748249e-05
21,7,-1.0772233306e-02,2.0286174104e-02,-2.9005603809e-02,-2.0236987864e-02,0.0433568356,-0.9990596503,-0.9990596503,-0.0433568356,-1.8829125881e-01,4.4232112914e+00,4.4519632793e+00,-1.61416676e+00,2.20734227e-04,1.10395437e-04
22,7,-3.8756889009e-02,-6.8077790233e-03,-3.0067490581e-02,-2.1240100124e-02,0.0353954038,-0.9993733864,-0.9993733864,-0.0353954038,-1.2279049114e-01,2.7964352794e+00,2.8238673517e+00,-1.60619913e+00,2.33428330e-04,1.16781851e-04
23,7,-6.6546603313e-02,-3.4748609856e-02,-3.0667639653e-02,-2.2173644766e-02,0.0232727291,-0.9997291534,-0.9997291534,-0.0232727291,-9.5269349338e-02,1.8856266838e+00,1.9126407204e+00,-1.59407116e+00,2.31125282e-04,1.15685803e-04
24,7,-9.3231109124e-02,-6.2624628550e-02,-3.0745724899e-02,-2.2883855806e-02,0.0056831215,-0.9999838509,-0.9999838509,-0.0056831215,-8.5337647778e-02,1.2469676359e+00,1.2739010244e+00,-1.57647948e+00,2.14097738e-04,1.07152819e-04
25,7,-1.1790090462e-01,-8.9523724177e-02,-3.0592735319e-02,-2.3083751503e-02,-0.0199879482,-0.9998002210,-0.9998002210,0.0199879482,-8.7981448547e-02,7.7181683726e-01,7.9873749320e-01,-1.55080705e+00,1.84240767e-04,9.23010786e-05
26,7,-1.3964824049e-01,-1.1453293212e-01,-2.9691471496e-02,-2.2302550979e-02,-0.0589892778,-0.9982586163,-0.9982586163,0.0589892778,-1.0070528673e-01,4.2571153748e-01,4.5238947873e-01,-1.51177278e+00,1.44813836e-04,7.26593000e-05
27,7,-1.4721371534e-01,-1.3762587046e-01,-2.6965006845e-02,-1.8322618732e-02,-0.6436886566,-0.7652874711,-0.7652874711,0.6436886566,-1.3654538970e-01,-1.5581884065e-02,9.9709510845e-03,-8.71487811e-01,3.36750666e-05,1.78650206e-05
28,7,-1.5155800104e-01,-1.4469060790e-01,-2.0255667955e-02,-6.9667334836e-03,-0.9429925476,-0.3328138447,-0.3328138447,0.9429925476,-1.1870119609e-01,-3.1324795096e-03,3.1705447617e-02,-3.39285962e-01,4.44503551e-05,2.28618096e-05
29,7,-1.5164679290e-01,-1.4604037578e-01,-8.5544168379e-03,1.1385144980e-03,-0.9420842915,0.3353761884,0.3353761884,0.9420842915,-1.4410666822e-01,-5.4208358508e-03,6.1457254354e-03,3.42004517e-01,2.75008417e-05,1.50350803e-05

DETAILED CIRCLE DATA:

Region 0 (8 circles):
Circle_Index,Center_X,Center_Y,Radius
0,-1.4544000100e-01,3.7181014150e-04,2.6769567686e-03
1,-1.4293962147e-01,1.4404170296e-03,2.7595690157e-03
2,-1.4035884411e-01,2.5264548736e-03,2.8385997247e-03
3,-1.3770098015e-01,3.6283391182e-03,2.9140447195e-03
4,-1.3496934078e-01,4.7444852080e-03,2.9859008792e-03
5,-1.3216723720e-01,5.8733085875e-03,3.0541659701e-03
6,-1.2929798064e-01,7.0132247014e-03,3.1188385181e-03
7,-1.2636488229e-01,8.1626489943e-03,3.1799177097e-03

Region 1 (8 circles):
Circle_Index,Center_X,Center_Y,Radius
0,-1.2337125336e-01,9.3199969109e-03,3.2374033172e-03
1,-1.2032040507e-01,1.0483683896e-02,3.2912956412e-03
2,-1.1721564860e-01,1.1652125393e-02,3.3415954690e-03
3,-1.1406029518e-01,1.2823736848e-02,3.3883040433e-03
4,-1.1085765600e-01,1.3996933705e-02,3.4314230425e-03
5,-1.0761104228e-01,1.5170131409e-02,3.4709545684e-03
6,-1.0432376522e-01,1.6341745404e-02,3.5069011414e-03
7,-1.0099913603e-01,1.7510191135e-02,3.5392657033e-03

Region 2 (8 circles):
Circle_Index,Center_X,Center_Y,Radius
0,-9.7640465913e-02,1.8673884046e-02,3.5680516248e-03
1,-9.4251066078e-02,1.9831239583e-02,3.5932627205e-03
2,-9.0834247731e-02,2.0980673189e-02,3.6149032685e-03
3,-8.7393322078e-02,2.2120600309e-02,3.6329780366e-03
4,-8.3931600327e-02,2.3249436389e-02,3.6474923145e-03
5,-8.0452393684e-02,2.4365596872e-02,3.6584519522e-03
6,-7.6959013356e-02,2.5467497203e-02,3.6658634060e-03
7,-7.3454770549e-02,2.6553552827e-02,3.6697337919e-03

Region 3 (8 circles):
Circle_Index,Center_X,Center_Y,Radius
0,-6.9942976471e-02,2.7622179188e-02,3.6700709475e-03
1,-6.6426942327e-02,2.8671791731e-02,3.6668835044e-03
2,-6.2909979325e-02,2.9700805901e-02,3.6601809705e-03
3,-5.9395398672e-02,3.0707637142e-02,3.6499738260e-03
4,-5.5886511573e-02,3.1690700899e-02,3.6362736336e-03
5,-5.2386629236e-02,3.2648412617e-02,3.6190931656e-03
6,-4.8899062867e-02,3.3579187739e-02,3.5984465510e-03
7,-4.5427123673e-02,3.4481441711e-02,3.5743494453e-03

Region 4 (8 circles):
Circle_Index,Center_X,Center_Y,Radius
0,-4.1974122861e-02,3.5353589978e-02,3.5468192281e-03
1,-3.8543371637e-02,3.6194047983e-02,3.5158752326e-03
2,-3.5138181208e-02,3.7001231172e-02,3.4815390129e-03
3,-3.1761862781e-02,3.7773554988e-02,3.4438346577e-03
4,-2.8417727562e-02,3.8509434878e-02,3.4027891575e-03
5,-2.5109086758e-02,3.9207286285e-02,3.3584328377e-03
6,-2.1839251576e-02,3.9865524654e-02,3.3107998710e-03
7,-1.8611533223e-02,4.0482565429e-02,3.2599288847e-03

Region 5 (7 circles):
Circle_Index,Center_X,Center_Y,Radius
0,-1.5429242904e-02,4.1056824056e-02,3.2058636856e-03
1,-1.2295691828e-02,4.1586715978e-02,3.1486541266e-03
2,-9.2141911998e-03,4.2070656641e-02,3.0883571493e-03
3,-6.1880522269e-03,4.2507061488e-02,3.0250380424e-03
4,-3.2205861160e-03,4.2894345965e-02,2.9587719681e-03
5,-3.1510407356e-04,4.3230925517e-02,2.8896458232e-03
6,2.5250826936e-03,4.3515215587e-02,2.8177605167e-03

Region 6 (7 circles):
Circle_Index,Center_X,Center_Y,Radius
0,5.2966629789e-03,4.3745631621e-02,2.7432337720e-03
1,7.9963255755e-03,4.3920589063e-02,2.6662035898e-03
2,1.0620759277e-02,4.4038503357e-02,2.5868325450e-03
3,1.3166652876e-02,4.4097789949e-02,2.5053131391e-03
4,1.5630695167e-02,4.4096864282e-02,2.4218744895e-03
5,1.8009574942e-02,4.4034141802e-02,2.2850612306e-03
6,2.0196423047e-02,4.3909172259e-02,2.2434693564e-03

Region 7 (7 circles):
Circle_Index,Center_X,Center_Y,Radius
0,2.2484097244e-02,4.3707768232e-02,2.3479115761e-03
1,2.4867495294e-02,4.3431985567e-02,2.4488450040e-03
2,2.7341514957e-02,4.3083880109e-02,2.5459480203e-03
3,2.9901053993e-02,4.2665507705e-02,2.6389651973e-03
4,3.2541010162e-02,4.2178924202e-02,2.7276917854e-03
5,3.5256281225e-02,4.1626185444e-02,2.8119622593e-03
6,3.8041764941e-02,4.1009347278e-02,2.8916417785e-03

Region 8 (7 circles):
Circle_Index,Center_X,Center_Y,Radius
0,4.0892359071e-02,4.0330465550e-02,2.9666197578e-03
1,4.3802961374e-02,3.9591596105e-02,3.0368049824e-03
2,4.6768469612e-02,3.8794794791e-02,3.1021218618e-03
3,4.9783781543e-02,3.7942117452e-02,3.1625075351e-03
4,5.2843794929e-02,3.7035619936e-02,3.2179096161e-03
5,5.5943407530e-02,3.6077358087e-02,3.2682844275e-03
6,5.9077517105e-02,3.5069387752e-02,3.3135956093e-03

Region 9 (7 circles):
Circle_Index,Center_X,Center_Y,Radius
0,6.2241021414e-02,3.4013764776e-02,3.3538130207e-03
1,6.5428818219e-02,3.2912545007e-02,3.3889118697e-03
2,6.8635805279e-02,3.1767784289e-02,3.4188720275e-03
3,7.1856880354e-02,3.0581538470e-02,3.4436774898e-03
4,7.5086941205e-02,2.9355863394e-02,3.4633159593e-03
5,7.8320885591e-02,2.8092814908e-02,3.4777785311e-03
6,8.1553611272e-02,2.6794448858e-02,3.4870594637e-03

Region 10 (7 circles):
Circle_Index,Center_X,Center_Y,Radius
0,8.4780016010e-02,2.5462821089e-02,3.4911560289e-03
1,8.7994997564e-02,2.4099987448e-02,3.4900684304e-03
2,9.1193453694e-02,2.2708003782e-02,3.4837997898e-03
3,9.4370282160e-02,2.1288925934e-02,3.4723561979e-03
4,9.7520380722e-02,1.9844809753e-02,3.4557468330e-03
5,1.0063864714e-01,1.8377711084e-02,3.4339841509e-03
6,1.0371997918e-01,1.6889685772e-02,3.4070841540e-03

Region 11 (7 circles):
Circle_Index,Center_X,Center_Y,Radius
0,1.0675927459e-01,1.5382789664e-02,3.3750667501e-03
1,1.0975143114e-01,1.3859078606e-02,3.3379562168e-03
2,1.1269134659e-01,1.2320608444e-02,3.2957817909e-03
3,1.1557391869e-01,1.0769435023e-02,3.2485784105e-03
4,1.1839404522e-01,9.2076141900e-03,3.1963876442e-03
5,1.2114662392e-01,7.6372017909e-03,3.1392588561e-03
6,1.2382655256e-01,6.0602536716e-03,3.0772506659e-03

Region 12 (7 circles):
Circle_Index,Center_X,Center_Y,Radius
0,1.2642872889e-01,4.4788256780e-03,3.0104327874e-03
1,1.2894805069e-01,2.8949736561e-03,2.9388883536e-03
2,1.3137941570e-01,1.3107534520e-03,2.8627168751e-03
3,1.3371772169e-01,-2.7177908843e-04,2.7820380278e-03
4,1.3595786642e-01,-1.8505681191e-03,2.6969965396e-03
5,1.3809474765e-01,-3.4235577940e-03,2.6077685426e-03
6,1.4012326314e-01,-4.9886922672e-03,2.5145698969e-03

Region 13 (7 circles):
Circle_Index,Center_X,Center_Y,Radius
0,1.4203831064e-01,-6.5439156927e-03,2.4176671871e-03
1,1.4383478793e-01,-8.0871722245e-03,2.3173923629e-03
2,1.4550759276e-01,-9.6164060166e-03,2.2141623714e-03
3,1.4705162288e-01,-1.1129561223e-02,2.1085056344e-03
4,1.4846177607e-01,-1.2624581998e-02,1.6662859271e-03
5,1.4923009864e-01,-1.3645121534e-02,1.1487552143e-03
6,1.4962830888e-01,-1.4584269120e-02,9.4117736245e-04

Region 14 (7 circles):
Circle_Index,Center_X,Center_Y,Radius
0,1.4967478332e-01,-1.5445287376e-02,8.4956654880e-04
1,1.4938789849e-01,-1.6231438929e-02,8.8555563795e-04
2,1.4878603093e-01,-1.6945986399e-02,1.0204867320e-03
3,1.4788755717e-01,-1.7592192412e-02,1.2095515590e-03
4,1.4671085373e-01,-1.8173319590e-02,1.4199597537e-03
5,1.4527429715e-01,-1.8692630558e-02,1.6338408301e-03
6,1.4359626397e-01,-1.9153387937e-02,1.8420160974e-03

Region 15 (7 circles):
Circle_Index,Center_X,Center_Y,Radius
0,1.4169513070e-01,-1.9558854353e-02,2.0396006069e-03
1,1.3958927389e-01,-1.9912292427e-02,2.2238369077e-03
2,1.3729707007e-01,-2.0216964785e-02,2.3930755310e-03
3,1.3483689576e-01,-2.0476134048e-02,2.5462781767e-03
4,1.3222712750e-01,-2.0693062841e-02,2.6827622976e-03
5,1.2948614182e-01,-2.0871013787e-02,2.8020625009e-03
6,1.2663231525e-01,-2.1013249510e-02,2.9038515392e-03

Region 16 (7 circles):
Circle_Index,Center_X,Center_Y,Radius
0,1.2368402433e-01,-2.1123032632e-02,2.9878932731e-03
1,1.2065964558e-01,-2.1203625777e-02,3.0540135878e-03
2,1.1757755553e-01,-2.1258291570e-02,3.1020818202e-03
3,1.1445613073e-01,-2.1290292632e-02,3.1319985681e-03
4,1.1131374769e-01,-2.1302891588e-02,3.1436875127e-03
5,1.0816878295e-01,-2.1299351061e-02,3.1370898516e-03
6,1.0503961305e-01,-2.1282933675e-02,3.1121604935e-03

Region 17 (7 circles):
Circle_Index,Center_X,Center_Y,Radius
0,1.0194461450e-01,-2.1256902052e-02,3.0688654984e-03
1,9.8902163857e-02,-2.1224518817e-02,3.0071804589e-03
2,9.5930637637e-02,-2.1189046592e-02,2.9270896702e-03
3,9.3048412375e-02,-2.1153748002e-02,2.8285860609e-03
4,9.0273864602e-02,-2.1121885669e-02,2.7116720027e-03
5,8.7625370850e-02,-2.1096722217e-02,2.5763613159e-03
6,8.5121307651e-02,-2.1081520270e-02,2.4226831468e-03

Region 18 (7 circles):
Circle_Index,Center_X,Center_Y,Radius
0,8.2780051536e-02,-2.1079542451e-02,2.2506890881e-03
1,8.0619979037e-02,-2.1094051383e-02,2.0604664364e-03
2,7.8659466685e-02,-2.1128309690e-02,1.8521640848e-03
3,7.6916891012e-02,-2.1185579995e-02,2.2789496308e-03
4,7.4105173210e-02,-2.1308026738e-02,2.8536764103e-03
5,7.1215084343e-02,-2.1437109007e-02,2.9309284366e-03
6,6.8249280823e-02,-2.1572380080e-02,3.0055092631e-03

Region 19 (7 circles):
Circle_Index,Center_X,Center_Y,Radius
0,6.5210419065e-02,-2.1713393234e-02,3.0774178683e-03
1,6.2101155483e-02,-2.1859701744e-02,3.1466534363e-03
2,5.8924146491e-02,-2.2010858888e-02,3.2132153264e-03
3,5.5682048502e-02,-2.2166417943e-02,3.2771030500e-03
4,5.2377517930e-02,-2.2325932184e-02,3.3383162511e-03
5,4.9013211189e-02,-2.2488954890e-02,3.3968546909e-03
6,4.5591784693e-02,-2.2655039335e-02,3.4527182359e-03

Region 20 (7 circles):
Circle_Index,Center_X,Center_Y,Radius
0,4.2115894855e-02,-2.2823738798e-02,3.5059068478e-03
1,3.8588198091e-02,-2.2994606555e-02,3.5564205758e-03
2,3.5011350813e-02,-2.3167195883e-02,3.6042595506e-03
3,3.1388009435e-02,-2.3341060057e-02,3.6494239793e-03
4,2.7720830372e-02,-2.3515752356e-02,3.6919141425e-03
5,2.4012470036e-02,-2.3690826055e-02,3.7317303916e-03
6,2.0265584843e-02,-2.3865834432e-02,3.7688731472e-03

Region 21 (7 circles):
Circle_Index,Center_X,Center_Y,Radius
0,1.6482831205e-02,-2.4040330763e-02,3.8033428985e-03
1,1.2666865537e-02,-2.4213868324e-02,3.8351402037e-03
2,8.8203442525e-03,-2.4386000393e-02,3.8642656901e-03
3,4.9459237652e-03,-2.4556280246e-02,3.8907200562e-03
4,1.0462604892e-03,-2.4724261160e-02,3.9145040737e-03
5,-2.8759891617e-03,-2.4889496411e-02,3.9356185901e-03
6,-6.8181687738e-03,-2.5051539277e-02,3.9540645320e-03

Region 22 (7 circles):
Circle_Index,Center_X,Center_Y,Radius
0,-1.0777621933e-02,-2.5209943033e-02,3.9698429098e-03
1,-1.4751692226e-02,-2.5364260958e-02,3.9829548219e-03
2,-1.8737723238e-02,-2.5514046326e-02,3.9934014610e-03
3,-2.2733058556e-02,-2.5658852415e-02,4.0011841195e-03
4,-2.6735041765e-02,-2.5798232502e-02,4.0063041980e-03
5,-3.0741016453e-02,-2.5931739864e-02,4.0087632125e-03
6,-3.4748326205e-02,-2.6058927776e-02,4.0085628044e-03

Region 23 (7 circles):
Circle_Index,Center_X,Center_Y,Radius
0,-3.8754314607e-02,-2.6179349517e-02,4.0057047508e-03
1,-4.2756325245e-02,-2.6292558361e-02,4.0001909763e-03
2,-4.6751701706e-02,-2.6398107587e-02,3.9920235666e-03
3,-5.0737787575e-02,-2.6495550471e-02,3.9812047831e-03
4,-5.4711926440e-02,-2.6584440290e-02,3.9677370803e-03
5,-5.8671461885e-02,-2.6664330319e-02,3.9516231247e-03
6,-6.2613737497e-02,-2.6734773837e-02,3.9328658161e-03

Region 24 (7 circles):
Circle_Index,Center_X,Center_Y,Radius
0,-6.6536096863e-02,-2.6795324119e-02,3.9114683129e-03
1,-7.0435883568e-02,-2.6845534443e-02,3.8874340587e-03
2,-7.4310441198e-02,-2.6884958084e-02,3.8607668149e-03
3,-7.8157113341e-02,-2.6913148320e-02,3.8314706956e-03
4,-8.1973243581e-02,-2.6929658428e-02,3.7995502090e-03
5,-8.5756175505e-02,-2.6934041684e-02,3.7650103044e-03
6,-8.9503252699e-02,-2.6925851365e-02,3.7278564254e-03

Region 25 (7 circles):
Circle_Index,Center_X,Center_Y,Radius
0,-9.3211818749e-02,-2.6904640747e-02,3.6880945722e-03
1,-9.6879217242e-02,-2.6869963107e-02,3.6457313729e-03
2,-1.0050279176e-01,-2.6821371723e-02,3.6007741662e-03
3,-1.0407988590e-01,-2.6758419870e-02,3.5532310973e-03
4,-1.0760784324e-01,-2.6680660825e-02,3.5031112304e-03
5,-1.1108400736e-01,-2.6587647865e-02,3.4504246798e-03
6,-1.1450572186e-01,-2.6478934267e-02,3.3951827642e-03

Region 26 (7 circles):
Circle_Index,Center_X,Center_Y,Radius
0,-1.1787033031e-01,-2.6354073307e-02,3.3373981892e-03
1,-1.2117517632e-01,-2.6212618262e-02,3.2770852627e-03
2,-1.2441760345e-01,-2.6054122409e-02,3.2142601529e-03
3,-1.2759495530e-01,-2.5878139025e-02,3.1489411959e-03
4,-1.3070457545e-01,-2.5684221386e-02,3.0811492665e-03
5,-1.3374380750e-01,-2.5471922768e-02,3.0109082267e-03
6,-1.3670999502e-01,-2.5240796449e-02,2.9382454705e-03

Region 27 (7 circles):
Circle_Index,Center_X,Center_Y,Radius
0,-1.3960048160e-01,-2.4990395706e-02,1.9746111395e-03
1,-1.4062048280e-01,-2.4750160766e-02,1.0972332288e-03
2,-1.4164419681e-01,-2.4233826136e-02,1.2087996907e-03
3,-1.4266035234e-01,-2.3470296223e-02,1.3352768851e-03
4,-1.4365767811e-01,-2.2488475436e-02,1.4592371911e-03
5,-1.4462490282e-01,-2.1317268184e-02,1.5704378212e-03
6,-1.4555075520e-01,-1.9985578874e-02,1.6629601423e-03

Region 28 (7 circles):
Circle_Index,Center_X,Center_Y,Radius
0,-1.4642396394e-01,-1.8522311916e-02,1.7333560394e-03
1,-1.4723325777e-01,-1.6956371717e-02,1.7796224952e-03
2,-1.4796736540e-01,-1.5316662687e-02,1.8006615698e-03
3,-1.4861501554e-01,-1.3632089232e-02,1.7960111555e-03
4,-1.4916493689e-01,-1.1931555763e-02,1.7657394323e-03
5,-1.4960585818e-01,-1.0243966686e-02,1.7104625479e-03
6,-1.4992650812e-01,-8.5982264113e-03,1.6314929277e-03

Region 29 (7 circles):
Circle_Index,Center_X,Center_Y,Radius
0,-1.5011561541e-01,-7.0232393464e-03,1.5311774915e-03
1,-1.5016190876e-01,-5.5479098997e-03,1.4135648997e-03
2,-1.5005411690e-01,-4.2011424798e-03,1.2856696533e-03
3,-1.4978096854e-01,-3.0118414950e-03,1.1597158963e-03
4,-1.4933119237e-01,-2.0089113537e-03,1.0562957857e-03
5,-1.4869351713e-01,-1.2212564644e-03,1.0056302350e-03
6,-1.4785667151e-01,-6.7778123527e-04,1.8162957333e-03
