Region Metadata for: shape_40.txt
================================================================================

REGION DEFINITION: Circle union (one circle per point)
  Each point gets a circle with radius = average distance to neighbors

Total vertices: 251
Number of regions: 30
Points per region:
  Region 0: 9 points
  Region 1: 9 points
  Region 2: 9 points
  Region 3: 9 points
  Region 4: 9 points
  Region 5: 9 points
  Region 6: 9 points
  Region 7: 9 points
  Region 8: 9 points
  Region 9: 9 points
  Region 10: 9 points
  Region 11: 8 points
  Region 12: 8 points
  Region 13: 8 points
  Region 14: 8 points
  Region 15: 8 points
  Region 16: 8 points
  Region 17: 8 points
  Region 18: 8 points
  Region 19: 8 points
  Region 20: 8 points
  Region 21: 8 points
  Region 22: 8 points
  Region 23: 8 points
  Region 24: 8 points
  Region 25: 8 points
  Region 26: 8 points
  Region 27: 8 points
  Region 28: 8 points
  Region 29: 8 points

REGION SUMMARY:
Region_Index,Num_Points,BBox_Min_X,BBox_Max_X,BBox_Min_Y,BBox_Max_Y,Normal_X,Normal_Y,Tangent_X,Tangent_Y,Fitted_Circle_X,Fitted_Circle_Y,Fitted_Circle_Radius,Local_AoA_Rad,Union_Area,Collection_Area
0,9,-5.9082909394e-02,-4.8860842454e-02,-1.2007277303e-03,1.4447762449e-02,-0.8811723414,-0.4727952038,-0.4727952038,0.8811723414,4.9773738181e-03,3.7952506472e-02,6.6989831737e-02,-4.92460230e-01,5.55713538e-05,2.79993834e-05
1,9,-7.0759636076e-02,-5.5456333953e-02,1.1974155251e-02,3.8540676210e-02,-0.9080068244,-0.4189553756,-0.4189553756,0.9080068244,-2.1848690838e+00,-9.5568220832e-01,-2.3378023677e+00,-4.32294556e-01,1.53749531e-04,7.68617560e-05
2,9,-8.4191548461e-02,-6.5493344770e-02,3.4899783017e-02,6.7831976093e-02,-0.9115947917,-0.4110899364,-0.4110899364,0.9115947917,1.0449623540e+00,5.5652404611e-01,1.2284900901e+00,-4.23649377e-01,2.32072473e-04,1.16169244e-04
3,9,-9.5471903435e-02,-7.8369913882e-02,6.3906002396e-02,9.6595415090e-02,-0.9295188422,-0.3687746221,-0.3687746221,0.9295188422,3.2090822667e-01,2.4264596501e-01,4.3930535737e-01,-3.77690383e-01,2.22029412e-04,1.11408280e-04
4,9,-1.0074420221e-01,-9.0155331804e-02,9.3242600011e-02,1.1915499052e-01,-0.9682861220,-0.2498439231,-0.2498439231,0.9682861220,1.4655201285e-02,1.3562380270e-01,1.1482840236e-01,-2.52519063e-01,1.33025242e-04,6.72611376e-05
5,9,-1.0079982090e-01,-9.4627891638e-02,1.1709616811e-01,1.3055920435e-01,-0.9586979566,0.2844261381,0.2844261381,0.9586979566,-8.8175699580e-02,1.2188520737e-01,1.0881933538e-02,2.88407790e-01,4.04762170e-05,2.13701663e-05
6,9,-9.5888441576e-02,-7.5716138931e-02,1.2351814131e-01,1.3182018699e-01,0.2186094021,0.9758124458,0.9758124458,-0.2186094021,-9.6762781474e-02,8.6482446015e-02,4.3666775923e-02,1.79118550e+00,8.64982969e-05,4.43062278e-05
7,9,-7.8641090347e-02,-5.0662822496e-02,1.1125136189e-01,1.2801800655e-01,0.4386189878,0.8986731239,0.8986731239,-0.4386189878,-1.4454769697e-01,-4.2864827202e-02,1.8160751596e-01,2.02485770e+00,1.71878854e-04,8.66449558e-05
8,9,-5.4431428076e-02,-2.3490543698e-02,9.3754531484e-02,1.1624832572e-01,0.5426308237,0.8399713026,0.8399713026,-0.5426308237,-2.2134397098e-01,-1.7659841076e-01,3.3585790459e-01,2.14436232e+00,2.32801819e-04,1.16979963e-04
9,9,-2.7921550895e-02,4.3173922579e-03,7.2528756495e-02,9.9069319252e-02,0.6089629356,0.7931986782,0.7931986782,-0.6089629356,-3.1276220517e-01,-3.0585725977e-01,4.9419440711e-01,2.22554881e+00,2.75598123e-04,1.38353516e-04
10,9,-5.3588933826e-04,3.1297389805e-02,4.9055433705e-02,7.7923218900e-02,0.6589268501,0.7522070235,0.7522070235,-0.6589268501,-3.7237610040e-01,-3.7912614371e-01,5.8865664362e-01,2.29018753e+00,2.91022421e-04,1.45886145e-04
11,8,2.6283639727e-02,5.3407613273e-02,2.7494755549e-02,5.4269742743e-02,0.7006546593,0.7135005595,0.7135005595,-0.7006546593,-3.5953501694e-01,-3.6602261656e-01,5.7031558347e-01,2.34711094e+00,2.48956458e-04,1.24832636e-04
12,8,4.8476487204e-02,7.2694594015e-02,6.3538738424e-03,3.2325326069e-02,0.7408833045,0.6716337760,0.6716337760,-0.7408833045,-2.7765692637e-01,-2.8767648900e-01,4.5698659523e-01,2.40518089e+00,2.16318597e-04,1.08496431e-04
13,8,6.8055567930e-02,8.8144429439e-02,-1.3340806462e-02,1.0592792666e-02,0.7880094898,0.6156630930,0.6156630930,-0.7880094898,-1.5460267338e-01,-1.8372063197e-01,2.9588502666e-01,2.47836548e+00,1.68148788e-04,8.46051959e-05
14,8,8.3994052104e-02,9.7170366159e-02,-2.8967316572e-02,-9.8885253051e-03,0.8633972994,0.5045246311,0.5045246311,-0.8633972994,3.3508358985e-02,-5.4189585378e-02,6.7493427905e-02,2.61276136e+00,9.64807591e-05,4.89905218e-05
15,8,9.3704187006e-02,1.0061789835e-01,-4.7994514339e-02,-2.6829390530e-02,0.9912143030,0.1322656625,0.1322656625,-0.9912143030,3.2157485010e-02,-4.5629927162e-02,6.5812126539e-02,3.00893828e+00,9.37141306e-05,4.76917291e-05
16,8,9.3280728537e-02,1.0070017727e-01,-7.0762987755e-02,-4.5334100980e-02,0.9959685852,-0.0897027167,-0.0897027167,-0.9959685852,-2.7592444790e-02,-4.6630833630e-02,1.2561114841e-01,-3.05176920e+00,1.33208891e-04,6.73530816e-05
17,8,8.7502339527e-02,9.8658474047e-02,-9.3402939803e-02,-6.7770774363e-02,0.9655745048,-0.2601266533,-0.2601266533,-0.9655745048,-3.3813659051e-02,-4.6501871122e-02,1.3176109250e-01,-2.87843928e+00,1.41879872e-04,7.17223114e-05
18,8,7.8453286589e-02,9.2199987743e-02,-1.1215558667e-01,-9.0377861083e-02,0.8896384527,-0.4566655489,-0.4566655489,-0.8896384527,1.3405318515e-02,-6.4774519871e-02,8.1099228711e-02,-2.66734917e+00,1.16568227e-04,5.91750444e-05
19,8,6.6356744505e-02,8.1867360779e-02,-1.2347371212e-01,-1.0928561417e-01,0.6613521644,-0.7500755393,-0.7500755393,-0.6613521644,5.2702256241e-02,-9.2760751128e-02,3.2755723079e-02,-2.29341636e+00,7.69844184e-05,3.96928901e-05
20,8,5.1446993324e-02,6.8453893375e-02,-1.2545959296e-01,-1.2037669196e-01,0.0340444776,-0.9994203188,-0.9994203188,-0.0340444776,5.9316186089e-02,-1.0213827165e-01,2.1425447978e-02,-1.60484738e+00,6.06078902e-05,3.15971532e-05
21,8,3.6372954203e-02,5.3493940356e-02,-1.2414190751e-01,-1.1215040255e-01,-0.5142011866,-0.8576695982,-0.8576695982,0.5142011866,6.6423450814e-02,-8.3034202545e-02,4.1898907581e-02,-1.03072031e+00,7.65316525e-05,3.92348724e-05
22,8,2.2022951147e-02,3.9316277481e-02,-1.1533090638e-01,-9.7008932586e-02,-0.7351541642,-0.6778999593,-0.6778999593,0.7351541642,1.1154247767e-01,-3.2117054334e-02,1.1001322501e-01,-7.44902259e-01,1.09193381e-04,5.51923645e-05
23,8,8.7347265428e-03,2.5807426092e-02,-1.0032921108e-01,-7.8566714628e-02,-0.8155725654,-0.5786548113,-0.5786548113,0.8155725654,2.4883977811e-01,7.4532740458e-02,2.8390905456e-01,-6.17078344e-01,1.31984518e-04,6.63251631e-05
24,8,-3.3173361278e-03,1.2880301305e-02,-8.1903427246e-02,-5.9851822690e-02,-0.8403744681,-0.5420062300,-0.5420062300,0.8403744681,1.7199926931e+00,1.0342511807e+00,2.0404538912e+00,-5.72822581e-01,1.29569172e-04,6.48245908e-05
25,8,-1.4016077987e-02,5.8871040142e-04,-6.2961052700e-02,-4.3835106176e-02,-0.8259689079,-0.5637156759,-0.5637156759,0.8259689079,-2.4201721075e-01,-2.1329698351e-01,-2.8456542745e-01,-5.98877497e-01,1.00331011e-04,4.99666223e-05
26,8,-2.2647196588e-02,-1.0960418971e-02,-4.6462705616e-02,-3.3498305521e-02,-0.7577922845,-0.6524958648,-0.6524958648,0.7577922845,-1.1896838237e-01,-1.2788216655e-01,-1.3488284252e-01,-7.10873386e-01,5.26922585e-05,2.61764357e-05
27,8,-3.2438392601e-02,-2.0464541648e-02,-3.5571351916e-02,-2.2708259738e-02,-0.7416495166,-0.6707875927,-0.6707875927,0.7416495166,8.2261814669e-01,7.3897077140e-01,1.1449604784e+00,-7.35270225e-01,5.30546031e-05,2.65457841e-05
28,8,-4.2543484346e-02,-2.9904406152e-02,-2.5083408579e-02,-1.0942110703e-02,-0.7603813110,-0.6494769140,-0.6494769140,0.7603813110,2.2638944431e-01,2.0639296677e-01,3.4549743044e-01,-7.06896309e-01,6.17701143e-05,3.09365322e-05
29,8,-5.1401383426e-02,-3.9897352553e-02,-1.3303497249e-02,8.5248178253e-04,-0.8014110493,-0.5981139774,-0.5981139774,0.8014110493,8.5273557468e-02,9.1732419164e-02,1.6365871276e-01,-6.41145659e-01,5.73286998e-05,2.88884326e-05

DETAILED CIRCLE DATA:

Region 0 (9 circles):
Circle_Index,Center_X,Center_Y,Radius
0,-5.0602315273e-02,5.4074508869e-04,1.7414728190e-03
1,-5.1534483424e-02,1.9909594379e-03,1.7051149786e-03
2,-5.2419731967e-02,3.4261670208e-03,1.6661327258e-03
3,-5.3254992421e-02,4.8444974582e-03,1.6246670697e-03
4,-5.4037196303e-02,6.2440803711e-03,1.5808862280e-03
5,-5.4763275132e-02,7.6230453803e-03,1.5349919302e-03
6,-5.5430160426e-02,8.9795221069e-03,1.4872273459e-03
7,-5.6034783703e-02,1.0311640172e-02,1.7895109835e-03
8,-5.6884711237e-02,1.2249564292e-02,2.1981981573e-03

Region 1 (9 circles):
Circle_Index,Center_X,Center_Y,Radius
0,-5.7814054498e-02,1.4331875796e-02,2.3577205452e-03
1,-5.8817439667e-02,1.6550704978e-02,2.5079216714e-03
2,-5.9889492928e-02,1.8898182129e-02,2.6487709613e-03
3,-6.1024840462e-02,2.1366437541e-02,2.7802479448e-03
4,-6.2218108451e-02,2.3947601506e-02,2.9023391134e-03
5,-6.3463923077e-02,2.6633804316e-02,3.0150359655e-03
6,-6.4756910522e-02,2.9417176262e-02,3.1183337601e-03
7,-6.6091696969e-02,3.2289847637e-02,3.2122307126e-03
8,-6.7462908599e-02,3.5243948732e-02,3.2967274773e-03

Region 2 (9 circles):
Circle_Index,Center_X,Center_Y,Radius
0,-6.8865171594e-02,3.8271609840e-02,3.3718268236e-03
1,-7.0293112137e-02,4.1364961253e-02,3.4375334503e-03
2,-7.1741356409e-02,4.4516133262e-02,3.4938539041e-03
3,-7.3204530592e-02,4.7717256159e-02,3.5407965814e-03
4,-7.4677260870e-02,5.0960460236e-02,3.5783718025e-03
5,-7.6154173423e-02,5.4237875786e-02,3.6065919548e-03
6,-7.7629894433e-02,5.7541633100e-02,3.6254717064e-03
7,-7.9099050083e-02,6.0863862469e-02,3.6350282952e-03
8,-8.0556266555e-02,6.4196694187e-02,3.6352819054e-03

Region 3 (9 circles):
Circle_Index,Center_X,Center_Y,Radius
0,-8.1996170031e-02,6.7532258545e-02,3.6262561491e-03
1,-8.3413386693e-02,7.0862685835e-02,3.6079786741e-03
2,-8.4802542723e-02,7.4180106348e-02,3.5804819332e-03
3,-8.6158264302e-02,7.7476650377e-02,3.5438041567e-03
4,-8.7475177614e-02,8.0744448214e-02,3.4979905893e-03
5,-8.8747908840e-02,8.3975630151e-02,3.4430950725e-03
6,-8.9971084162e-02,8.7162326479e-02,3.3791820868e-03
7,-9.1139329762e-02,9.0296667490e-02,3.3063294095e-03
8,-9.2247271822e-02,9.3370783477e-02,3.2246316132e-03

Region 4 (9 circles):
Circle_Index,Center_X,Center_Y,Radius
0,-9.3289536525e-02,9.6376804731e-02,3.1342047207e-03
1,-9.4260750052e-02,9.9306861545e-02,3.0351924804e-03
2,-9.5155538585e-02,1.0215308421e-01,2.9277749395e-03
3,-9.5968528307e-02,1.0490760302e-01,2.8121803348e-03
4,-9.6694345399e-02,1.0756254826e-01,2.6887018462e-03
5,-9.7327616044e-02,1.1011005023e-01,2.5577216102e-03
6,-9.7862966423e-02,1.1254223922e-01,2.4197457612e-03
7,-9.8295022719e-02,1.1485124552e-01,2.2754565246e-03
8,-9.8618411113e-02,1.1702919942e-01,2.1257910977e-03

Region 5 (9 circles):
Circle_Index,Center_X,Center_Y,Radius
0,-9.8827757789e-02,1.1906823122e-01,1.9720631126e-03
1,-9.8917688927e-02,1.2096047120e-01,1.8161519524e-03
2,-9.8882830710e-02,1.2269804967e-01,1.6607982786e-03
3,-9.8717809319e-02,1.2427309690e-01,1.5100554020e-03
4,-9.8417250938e-02,1.2567774320e-01,1.3699289739e-03
5,-9.7975781748e-02,1.2690411885e-01,1.2491071792e-03
6,-9.7388027930e-02,1.2794435414e-01,1.1592773896e-03
7,-9.6648615668e-02,1.2879057938e-01,1.1138730086e-03
8,-9.5752171143e-02,1.2943492484e-01,1.1242795055e-03

Region 6 (9 circles):
Circle_Index,Center_X,Center_Y,Radius
0,-9.4693320537e-02,1.2986952083e-01,1.1951210389e-03
1,-9.3466690033e-02,1.3008649763e-01,1.3227415721e-03
2,-9.2066905811e-02,1.3007798554e-01,1.4982736114e-03
3,-9.0488594055e-02,1.2983611485e-01,1.9840721448e-03
4,-8.8179640765e-02,1.2929546092e-01,2.4089722629e-03
5,-8.5816549523e-02,1.2866194311e-01,2.4840299416e-03
6,-8.3401312319e-02,1.2793757780e-01,2.5587830313e-03
7,-8.0935921138e-02,1.2712438141e-01,2.6329346358e-03
8,-7.8422367969e-02,1.2622437034e-01,2.7062290374e-03

Region 7 (9 circles):
Circle_Index,Center_X,Center_Y,Radius
0,-7.5862644797e-02,1.2523956100e-01,2.7784455496e-03
1,-7.3258743611e-02,1.2417196980e-01,2.8493932750e-03
2,-7.0612656397e-02,1.2302361314e-01,2.9189066599e-03
3,-6.7926375143e-02,1.2179650742e-01,2.9868417401e-03
4,-6.5201891836e-02,1.2049266905e-01,3.0530729746e-03
5,-6.2441198463e-02,1.1911411444e-01,3.1174905790e-03
6,-5.9646287011e-02,1.1766285999e-01,3.1799982781e-03
7,-5.6819149467e-02,1.1614092212e-01,3.2405114096e-03
8,-5.3961777818e-02,1.1455031722e-01,3.2989553228e-03

Region 8 (9 circles):
Circle_Index,Center_X,Center_Y,Radius
0,-5.1076164053e-02,1.1289306170e-01,3.3552640233e-03
1,-4.8164300157e-02,1.1117117196e-01,3.4093790240e-03
2,-4.5228178118e-02,1.0938666442e-01,3.4612483677e-03
3,-4.2269789924e-02,1.0754155548e-01,3.5108257951e-03
4,-3.9291127560e-02,1.0563786154e-01,3.5580700344e-03
5,-3.6294183016e-02,1.0367759901e-01,3.6029441925e-03
6,-3.3280948276e-02,1.0166278430e-01,3.6454152329e-03
7,-3.0253415330e-02,9.9595433813e-02,3.6854535269e-03
8,-2.7213576164e-02,9.7477563951e-02,3.7230324665e-03

Region 9 (9 circles):
Circle_Index,Center_X,Center_Y,Radius
0,-2.4163422765e-02,9.5311191122e-02,3.7581281297e-03
1,-2.1104947120e-02,9.3098331733e-02,3.7907189917e-03
2,-1.8040141217e-02,9.0841002190e-02,3.8207856737e-03
3,-1.4970997043e-02,8.8541218897e-02,3.8483107257e-03
4,-1.1899506584e-02,8.6200998261e-02,3.8732784368e-03
5,-8.8276618289e-03,8.3822356688e-02,3.8956746712e-03
6,-5.7574547636e-03,8.1407310584e-02,3.9154867253e-03
7,-2.6908773757e-03,7.8957876355e-02,3.9327032034e-03
8,3.7007834763e-04,7.6476070405e-02,3.9473139102e-03

Region 10 (9 circles):
Circle_Index,Center_X,Center_Y,Radius
0,3.4234204192e-03,7.3963909142e-02,3.9593097575e-03
1,6.4671568520e-03,7.1423408971e-02,3.9686826840e-03
2,9.4992956586e-03,6.8856586298e-02,3.9754255867e-03
3,1.2517844852e-02,6.6265457528e-02,3.9795322628e-03
4,1.5520812445e-02,6.3652039068e-02,3.9809973609e-03
5,1.8506206451e-02,6.1018347324e-02,3.9798163410e-03
6,2.1472034881e-02,5.8366398700e-02,3.9759854431e-03
7,2.4416305750e-02,5.5698209604e-02,3.9695016629e-03
8,2.7337027070e-02,5.3015796441e-02,3.9603627355e-03

Region 11 (8 circles):
Circle_Index,Center_X,Center_Y,Radius
0,3.0232206853e-02,5.0321175616e-02,3.9485671264e-03
1,3.3099853113e-02,4.7616363536e-02,3.9341140294e-03
2,3.5937973863e-02,4.4903376607e-02,3.9170033721e-03
3,3.8744577114e-02,4.2184231234e-02,3.8972358293e-03
4,4.1517670881e-02,3.9460943823e-02,3.8748128439e-03
5,4.4255263176e-02,3.6735530780e-02,3.8497366566e-03
6,4.6955362011e-02,3.4010008511e-02,3.8220103450e-03
7,4.9615975400e-02,3.1286393422e-02,3.7916378730e-03

Region 12 (8 circles):
Circle_Index,Center_X,Center_Y,Radius
0,5.2235111355e-02,2.8566701918e-02,3.7586241512e-03
1,5.4810777890e-02,2.5852950406e-02,3.7229751106e-03
2,5.7340983017e-02,2.3147155290e-02,3.6846977909e-03
3,5.9823734748e-02,2.0451332978e-02,3.6438004457e-03
4,6.2257041097e-02,1.7767499875e-02,3.6002926674e-03
5,6.4638910077e-02,1.5097672387e-02,3.5541855348e-03
6,6.6967349700e-02,1.2443866919e-02,3.5054917880e-03
7,6.9240367979e-02,9.8080998775e-03,3.4542260351e-03

Region 13 (8 circles):
Circle_Index,Center_X,Center_Y,Radius
0,7.1455972928e-02,7.1923876685e-03,3.4004049974e-03
1,7.3612172558e-02,4.5987466976e-03,3.3440477994e-03
2,7.5706974883e-02,2.0291933706e-03,3.2851763148e-03
3,7.7738387915e-02,-5.1425590646e-04,3.2238155785e-03
4,7.9704419668e-02,-3.0295847279e-03,3.1599942801e-03
5,8.1603078154e-02,-5.5147766878e-03,3.0937453566e-03
6,8.3432371386e-02,-7.9678153803e-03,3.0251067076e-03
7,8.5190307377e-02,-1.0386684400e-02,2.9541220623e-03

Region 14 (8 circles):
Circle_Index,Center_X,Center_Y,Radius
0,8.6874894139e-02,-1.2769367340e-02,2.8808420348e-03
1,8.8484139686e-02,-1.5113847795e-02,2.8053254162e-03
2,9.0016052031e-02,-1.7418109360e-02,2.7276407636e-03
3,9.1468639185e-02,-1.9680135628e-02,2.6478683663e-03
4,9.2839909162e-02,-2.1897910194e-02,2.1919217603e-03
5,9.3698199827e-02,-2.3453171015e-02,1.8197206528e-03
6,9.4475565533e-02,-2.5146312507e-02,1.9077277455e-03
7,9.5172949135e-02,-2.6969899548e-02,1.9974170243e-03

Region 15 (8 circles):
Circle_Index,Center_X,Center_Y,Radius
0,9.5791293489e-02,-2.8916497012e-02,2.0871064821e-03
1,9.6331541448e-02,-3.0978669777e-02,2.1754676891e-03
2,9.6794635869e-02,-3.3148982721e-02,2.2614531529e-03
3,9.7181519605e-02,-3.5420000718e-02,2.3442358308e-03
4,9.7493135512e-02,-3.7784288647e-02,2.4231608726e-03
5,9.7730426444e-02,-4.0234411384e-02,2.4977080123e-03
6,9.7894335257e-02,-4.2762933806e-02,2.5674626199e-03
7,9.7985804804e-02,-4.5362420789e-02,2.6320935503e-03

Region 16 (8 circles):
Circle_Index,Center_X,Center_Y,Radius
0,9.8005777941e-02,-4.8025437210e-02,2.6913362303e-03
1,9.7955197523e-02,-5.0744547946e-02,2.7449797514e-03
2,9.7835006404e-02,-5.3512317873e-02,2.7928570205e-03
3,9.7646147440e-02,-5.6321311869e-02,2.8348372554e-03
4,9.7389563485e-02,-5.9164094810e-02,2.8708202913e-03
5,9.7066197393e-02,-6.2033231573e-02,2.9007323041e-03
6,9.6676992021e-02,-6.4921287034e-02,2.9245226605e-03
7,9.6222890222e-02,-6.7820826070e-02,2.9421616850e-03

Region 17 (8 circles):
Circle_Index,Center_X,Center_Y,Radius
0,9.5704834851e-02,-7.0724413558e-02,2.9536391954e-03
1,9.5123768764e-02,-7.3624614375e-02,2.9589637079e-03
2,9.4480634814e-02,-7.6513993397e-02,2.9581622500e-03
3,9.3776375858e-02,-7.9385115501e-02,2.9512807548e-03
4,9.3011934749e-02,-8.2230545564e-02,2.9383850420e-03
5,9.2188254342e-02,-8.5042848463e-02,2.9195624159e-03
6,9.1306277493e-02,-8.7814589074e-02,2.8949239466e-03
7,9.0366947056e-02,-9.0538332274e-02,2.8646075294e-03

Region 18 (8 circles):
Circle_Index,Center_X,Center_Y,Radius
0,8.9371205886e-02,-9.3206642939e-02,2.8287818564e-03
1,8.8319996838e-02,-9.5812085947e-02,2.7876514779e-03
2,8.7214262766e-02,-9.8347226174e-02,2.7414631793e-03
3,8.6054946526e-02,-1.0080462850e-01,2.6905139575e-03
4,8.4842990972e-02,-1.0317685779e-01,2.6351609431e-03
5,8.3579338959e-02,-1.0545647894e-01,2.5758336760e-03
6,8.2264933342e-02,-1.0763605681e-01,2.5130491914e-03
7,8.0900716976e-02,-1.0970815628e-01,2.4474303865e-03

Region 19 (8 circles):
Circle_Index,Center_X,Center_Y,Radius
0,7.9487632715e-02,-1.1166534224e-01,2.3797280646e-03
1,7.8026623414e-02,-1.1350017955e-01,2.3108468230e-03
2,7.6518631929e-02,-1.1520523309e-01,2.2418744247e-03
3,7.4964601113e-02,-1.1677306774e-01,2.1741133024e-03
4,7.3365473822e-02,-1.1819624838e-01,2.1091111460e-03
5,7.1722192911e-02,-1.1946733988e-01,2.0486849384e-03
6,7.0035701235e-02,-1.2057890712e-01,1.9949293867e-03
7,6.8306941647e-02,-1.2152351498e-01,1.9501971422e-03

Region 20 (8 circles):
Circle_Index,Center_X,Center_Y,Radius
0,6.6536857004e-02,-1.2229372833e-01,1.9170363711e-03
1,6.4726390160e-02,-1.2288211205e-01,1.8980742457e-03
2,6.2876483969e-02,-1.2328123102e-01,1.9102295676e-03
3,6.0961392923e-02,-1.2350385651e-01,1.9176006270e-03
4,5.9054876331e-02,-1.2355541970e-01,1.9041732559e-03
5,5.7157147349e-02,-1.2344170735e-01,1.9047588584e-03
6,5.5268419132e-02,-1.2316850623e-01,1.9178859250e-03
7,5.3388904838e-02,-1.2274160312e-01,1.9419115133e-03

Region 21 (8 circles):
Circle_Index,Center_X,Center_Y,Radius
0,5.1518817621e-02,-1.2216678478e-01,1.9751227353e-03
1,4.9658370637e-02,-1.2144983798e-01,2.0158254101e-03
2,4.7807777043e-02,-1.2059654949e-01,2.0624109953e-03
3,4.5967249994e-02,-1.1961270609e-01,2.1133997055e-03
4,4.4137002647e-02,-1.1850409454e-01,2.1674625000e-03
5,4.2317248156e-02,-1.1727650161e-01,2.2234268886e-03
6,4.0508199679e-02,-1.1593571408e-01,2.2802718230e-03
7,3.8710070370e-02,-1.1448751872e-01,2.3371161670e-03

Region 22 (8 circles):
Circle_Index,Center_X,Center_Y,Radius
0,3.6923073386e-02,-1.1293770228e-01,2.3932040945e-03
1,3.5147421883e-02,-1.1129205156e-01,2.4478896526e-03
2,3.3383329016e-02,-1.0955635331e-01,2.5006218463e-03
3,3.1631007942e-02,-1.0773639430e-01,2.5509309675e-03
4,2.9890671816e-02,-1.0583796131e-01,2.5984164786e-03
5,2.8162533795e-02,-1.0386684110e-01,2.6427365081e-03
6,2.6446807033e-02,-1.0182882045e-01,2.6835988817e-03
7,2.4743704688e-02,-9.9729686126e-02,2.7207535406e-03

Region 23 (8 circles):
Circle_Index,Center_X,Center_Y,Radius
0,2.3053439915e-02,-9.7575224899e-02,2.7539861774e-03
1,2.1376225869e-02,-9.5371223537e-02,2.7831129201e-03
2,1.9712275707e-02,-9.3123468812e-02,2.8079759071e-03
3,1.8061802585e-02,-9.0837747495e-02,2.8284396140e-03
4,1.6425019659e-02,-8.8519846354e-02,2.8443878147e-03
5,1.4802140083e-02,-8.6175552161e-02,2.8557210757e-03
6,1.3193377015e-02,-8.3810651685e-02,2.8623547021e-03
7,1.1598943611e-02,-8.1430931696e-02,2.8642170681e-03

Region 24 (8 circles):
Circle_Index,Center_X,Center_Y,Radius
0,1.0019053025e-02,-7.9042178966e-02,2.8612482799e-03
1,8.4539184149e-03,-7.6650180264e-02,2.8533991290e-03
2,6.9037529354e-03,-7.4260722361e-02,2.8406303063e-03
3,5.3687697426e-03,-7.1879592025e-02,2.8229118583e-03
4,3.8491819926e-03,-6.9512576029e-02,2.8002228718e-03
5,2.3452028411e-03,-6.7165461142e-02,2.7725513902e-03
6,8.5704544421e-04,-6.4844034134e-02,2.7398945677e-03
7,-6.1507704232e-04,-6.2554081775e-02,2.7022590855e-03

Region 25 (8 circles):
Circle_Index,Center_X,Center_Y,Radius
0,-2.0709514626e-03,-6.0301390836e-02,2.6596618640e-03
1,-3.5103646606e-03,-5.8091748087e-02,2.6121311258e-03
2,-4.9331034806e-03,-5.5930940298e-02,2.5597078866e-03
3,-6.3389547665e-03,-5.3824754239e-02,2.5024479810e-03
4,-7.7277053626e-03,-5.1778976681e-02,2.4404247757e-03
5,-9.0991421129e-03,-4.9799394393e-02,2.3737327789e-03
6,-1.0453051862e-02,-4.7891794147e-02,2.3024924378e-03
7,-1.1789221453e-02,-4.6061962711e-02,2.2268565348e-03

Region 26 (8 circles):
Circle_Index,Center_X,Center_Y,Radius
0,-1.3107437730e-02,-4.4315686857e-02,2.1470187597e-03
1,-1.4407487538e-02,-4.2658753354e-02,2.0632252745e-03
2,-1.5689157721e-02,-4.1096948973e-02,1.9757904344e-03
3,-1.6952235123e-02,-3.9636060484e-02,1.6843871658e-03
4,-1.7910282323e-02,-3.8564264807e-02,1.4662151325e-03
5,-1.8910395886e-02,-3.7453234902e-02,1.5217957518e-03
6,-1.9949507332e-02,-3.6304841150e-02,1.5739426765e-03
7,-2.1024548179e-02,-3.5120953930e-02,1.6226484089e-03

Region 27 (8 circles):
Circle_Index,Center_X,Center_Y,Radius
0,-2.2132449944e-02,-3.3903443619e-02,1.6679082967e-03
1,-2.3270144146e-02,-3.2654180599e-02,1.7097200314e-03
2,-2.4434562304e-02,-3.1375035247e-02,1.7480832978e-03
3,-2.5622635935e-02,-3.0067877943e-02,1.7829995330e-03
4,-2.6831296557e-02,-2.8734579065e-02,1.8144717680e-03
5,-2.8057475689e-02,-2.7377008994e-02,1.8425045322e-03
6,-2.9298104849e-02,-2.5997038107e-02,1.8671038109e-03
7,-3.0550115555e-02,-2.4596536784e-02,1.8882770457e-03

Region 28 (8 circles):
Circle_Index,Center_X,Center_Y,Radius
0,-3.1810439326e-02,-2.3177375404e-02,1.9060331744e-03
1,-3.3076007679e-02,-2.1741424347e-02,1.9203827078e-03
2,-3.4343752133e-02,-2.0290553991e-02,1.9313378431e-03
3,-3.5610604207e-02,-1.8826634715e-02,1.9389126158e-03
4,-3.6873495417e-02,-1.7351536898e-02,1.9431230925e-03
5,-3.8129357283e-02,-1.5867130920e-02,1.9439876105e-03
6,-3.9375121322e-02,-1.4375287159e-02,1.9415270708e-03
7,-4.0607719054e-02,-1.2877875995e-02,1.9357652925e-03

Region 29 (8 circles):
Circle_Index,Center_X,Center_Y,Radius
0,-4.1824081995e-02,-1.1376767807e-02,1.9267294423e-03
1,-4.3021141665e-02,-9.8738329728e-03,1.9144505517e-03
2,-4.4195829581e-02,-8.3709418729e-03,1.8989641428e-03
3,-4.5345077261e-02,-6.8699648859e-03,1.8803109851e-03
4,-4.6465816225e-02,-5.3727723907e-03,1.8585380152e-03
5,-4.7554977990e-02,-3.8812347667e-03,1.8336994561e-03
6,-4.8609494074e-02,-2.3972223927e-03,1.8058581880e-03
7,-4.9626295996e-02,-9.2260564788e-04,1.7750874304e-03
