Region Metadata for: shape_79.txt
================================================================================

REGION DEFINITION: Circle union (one circle per point)
  Each point gets a circle with radius = average distance to neighbors

Total vertices: 264
Number of regions: 30
Points per region:
  Region 0: 9 points
  Region 1: 9 points
  Region 2: 9 points
  Region 3: 9 points
  Region 4: 9 points
  Region 5: 9 points
  Region 6: 9 points
  Region 7: 9 points
  Region 8: 9 points
  Region 9: 9 points
  Region 10: 9 points
  Region 11: 9 points
  Region 12: 9 points
  Region 13: 9 points
  Region 14: 9 points
  Region 15: 9 points
  Region 16: 9 points
  Region 17: 9 points
  Region 18: 9 points
  Region 19: 9 points
  Region 20: 9 points
  Region 21: 9 points
  Region 22: 9 points
  Region 23: 9 points
  Region 24: 8 points
  Region 25: 8 points
  Region 26: 8 points
  Region 27: 8 points
  Region 28: 8 points
  Region 29: 8 points

REGION SUMMARY:
Region_Index,Num_Points,BBox_Min_X,BBox_Max_X,BBox_Min_Y,BBox_Max_Y,Normal_X,Normal_Y,Tangent_X,Tangent_Y,Fitted_Circle_X,Fitted_Circle_Y,Fitted_Circle_Radius,Local_AoA_Rad,Union_Area,Collection_Area
0,9,-9.7576330913e-02,-8.5540894244e-02,-2.7368663562e-04,3.7444930970e-02,-0.9892465111,0.1462577873,0.1462577873,0.9892465111,2.2683618106e-01,-2.8650904020e-02,3.2230458985e-01,1.46784313e-01,2.67269878e-04,1.34481120e-04
1,9,-9.2514645803e-02,-7.7406292512e-02,3.3502695494e-02,7.0844318012e-02,-0.9697120104,0.2442511349,0.2442511349,0.9697120104,2.5723666248e-01,-3.3925833430e-02,3.5315365880e-01,2.46747362e-01,2.70206040e-04,1.35789051e-04
2,9,-8.3790441932e-02,-6.6971374562e-02,6.6943748701e-02,1.0067902144e-01,-0.9391486606,0.3435109800,0.3435109800,0.9391486606,1.8517441476e-01,-1.1106292156e-02,2.7755553019e-01,3.50652825e-01,2.32614132e-04,1.17056028e-04
3,9,-7.2259989458e-02,-5.5061380134e-02,9.7092656665e-02,1.2402325536e-01,-0.8811770728,0.4727863855,0.4727863855,0.8811770728,6.7803460301e-02,4.0721963915e-02,1.4921156509e-01,4.92450223e-01,1.64487931e-04,8.30295000e-05
4,9,-5.8812231480e-02,-4.1983007325e-02,1.2095993012e-01,1.3744019311e-01,-0.6967472074,0.7173167564,0.7173167564,0.6967472074,-2.8170821019e-02,1.0733732724e-01,3.2305029325e-02,7.99943544e-01,8.90360192e-05,4.56717858e-05
5,9,-4.4319540716e-02,-1.9044878792e-02,1.3403789524e-01,1.4336093685e-01,-0.2038831707,0.9789952261,0.9789952261,0.2038831707,-1.8751878131e-02,7.3233411339e-02,6.7237479731e-02,1.36547355e+00,1.23982619e-04,6.31694932e-05
6,9,-2.2017645246e-02,9.9841389743e-03,1.3622693215e-01,1.4390988258e-01,0.0403603927,0.9991851874,0.9991851874,-0.0403603927,-1.2663238074e-02,-1.7177893146e-02,1.5792614540e-01,1.61116769e+00,1.89794455e-04,9.58570965e-05
7,9,6.6066657895e-03,3.9124666810e-02,1.3049243803e-01,1.4251035165e-01,0.2057422125,0.9786062242,0.9786062242,-0.2057422125,-1.3945322199e-02,-3.9319644853e-02,1.8006234487e-01,1.77801841e+00,2.02396121e-04,1.02126598e-04
8,9,3.5812250865e-02,6.2567271827e-02,1.2116766614e-01,1.3592241435e-01,0.3953380422,0.9185357001,0.9185357001,-0.3953380422,1.0063194689e-02,3.6070751822e-02,1.0090422606e-01,1.97723217e+00,1.52555603e-04,7.73799814e-05
9,9,5.9699474834e-02,7.5200703735e-02,1.0835454859e-01,1.2481645580e-01,0.7358347793,0.6771611165,0.6771611165,-0.7358347793,4.8258579372e-02,9.8163385225e-02,2.7845072338e-02,2.39769495e+00,8.22740477e-05,4.25109119e-05
10,9,7.1901856425e-02,7.7663871108e-02,8.8081734403e-02,1.1047382449e-01,0.9987857217,0.0492654255,0.0492654255,-0.9987857217,3.4324867461e-02,9.7779200203e-02,4.1053063513e-02,3.09230728e+00,9.45216219e-05,4.85107911e-05
11,9,6.5138686275e-02,7.7012033810e-02,6.2741335875e-02,9.0686261114e-02,0.9638509323,-0.2664420767,-0.2664420767,-0.9638509323,-6.2438225072e-02,1.1422723816e-01,1.3933891142e-01,-2.87189288e+00,1.53657819e-04,7.76093026e-05
12,9,5.3903063598e-02,7.0361609785e-02,3.5040038642e-02,6.6071676198e-02,0.9269638893,-0.3751505671,-0.3751505671,-0.9269638893,-4.1520069580e-01,2.4435348249e-01,5.1540246390e-01,-2.75703345e+00,2.00731364e-04,1.00684381e-04
13,9,4.2278902231e-02,5.9338222781e-02,7.4097338152e-03,3.8697792134e-02,0.9210618485,-0.3894163213,-0.3894163213,-0.9210618485,1.1435231120e+00,-4.3998000263e-01,-1.1868831141e+00,-2.74159485e+00,2.05943264e-04,1.02856341e-04
14,9,3.3903495736e-02,4.7543860051e-02,-1.7810684369e-02,1.0868196849e-02,0.9473004668,-0.3203464149,-0.3203464149,-0.9473004668,2.3389412408e-01,-6.9424636305e-02,-2.0461734793e-01,-2.81549750e+00,1.66052496e-04,8.24378976e-05
15,9,3.1930336534e-02,3.8670239744e-02,-3.8935827845e-02,-1.5023790834e-02,0.9967169699,-0.0809646952,-0.0809646952,-0.9967169699,8.5199650136e-02,-3.1473891049e-02,-5.1039640634e-02,-3.06053924e+00,1.07456963e-04,5.26119315e-05
16,9,3.2331723351e-02,4.4752386169e-02,-6.4565558008e-02,-3.6453320039e-02,0.9583530424,0.2855861449,0.2855861449,-0.9583530424,1.6589760449e-01,-1.1686369280e-02,-1.3389794711e-01,2.85197466e+00,1.57613731e-04,7.79465043e-05
17,9,3.9372826982e-02,5.6520326639e-02,-9.3044465097e-02,-6.1077866923e-02,0.9243104873,0.3816413541,0.3816413541,-0.9243104873,9.8409636638e-01,3.1066020414e-01,-1.0133892237e+00,2.75002125e+00,2.13935287e-04,1.06743999e-04
18,9,5.1017399754e-02,6.6309281694e-02,-1.1937549672e-01,-8.9372149449e-02,0.9346388903,0.3555982912,0.3555982912,-0.9346388903,-2.2690376189e-01,-2.1390823992e-01,3.0627300756e-01,2.77803853e+00,1.85776721e-04,9.33471681e-05
19,9,6.1514968153e-02,6.8951198829e-02,-1.3883628785e-01,-1.1644614299e-01,0.9903586479,0.1385270675,0.1385270675,-0.9903586479,1.9334652558e-02,-1.3497674237e-01,4.7563175393e-02,3.00261867e+00,9.71071260e-05,4.96697675e-05
20,9,5.4774023011e-02,6.8111099865e-02,-1.4869679629e-01,-1.3709112332e-01,0.6326528392,-0.7744355267,-0.7744355267,-0.6326528392,5.6849582308e-02,-1.3651026824e-01,9.8878280578e-03,-2.25577028e+00,5.41675836e-05,2.87406185e-05
21,9,3.1130695578e-02,5.7057267442e-02,-1.4962033730e-01,-1.4257055236e-01,-0.0634040510,-0.9979879390,-0.9979879390,0.0634040510,4.8894620586e-02,-7.8700724304e-02,6.8383515018e-02,-1.50734972e+00,1.26016531e-04,6.41853478e-05
22,9,3.1650591628e-03,3.4141574244e-02,-1.4784963870e-01,-1.3343357203e-01,-0.3094977545,-0.9509001735,-0.9509001735,0.3094977545,6.7491037065e-02,7.9494495464e-03,1.5709032764e-01,-1.25613152e+00,1.92635054e-04,9.72785229e-05
23,9,-2.5938237737e-02,6.8992291930e-03,-1.3901558002e-01,-1.1885576798e-01,-0.4517424794,-0.8921483802,-0.8921483802,0.4517424794,1.0048042457e-01,8.7872888147e-02,2.4358426126e-01,-1.10207882e+00,2.38626145e-04,1.20133949e-04
24,8,-5.0278955765e-02,-2.1755273764e-02,-1.2433624125e-01,-1.0286852218e-01,-0.5554724045,-0.8315349709,-0.8315349709,0.5554724045,1.0744120507e-01,1.0129993837e-01,2.5869050044e-01,-9.81865357e-01,2.20226278e-04,1.10818553e-04
25,8,-7.0964112522e-02,-4.5977017633e-02,-1.0786968725e-01,-8.5391186129e-02,-0.6528628967,-0.7574760974,-0.7574760974,0.6528628967,7.1421573619e-02,5.4544176548e-02,1.9965745556e-01,-8.59438496e-01,1.94131969e-04,9.79736471e-05
26,8,-8.5903824962e-02,-6.6789987419e-02,-8.9563572198e-02,-6.7692174024e-02,-0.7705134015,-0.6374237979,-0.6374237979,0.7705134015,9.8048621158e-03,-6.7309606456e-03,1.1272055075e-01,-6.91150135e-01,1.45620594e-04,7.36631115e-05
27,8,-9.4240530431e-02,-8.2007724136e-02,-7.0782886240e-02,-4.9227844730e-02,-0.9203380292,-0.3911239089,-0.3911239089,0.9203380292,-3.6987842875e-02,-3.8367571677e-02,5.6193104886e-02,-4.01852468e-01,1.08243249e-04,5.51446976e-05
28,8,-9.8142924003e-02,-8.9394389164e-02,-5.2058761203e-02,-2.4897047009e-02,-0.9920166626,-0.1261068635,-0.1261068635,0.9920166626,2.6694174720e-02,-2.3579986612e-02,1.2163483939e-01,-1.26443523e-01,1.53304375e-04,7.75722722e-05
29,8,-9.8503422384e-02,-9.0520373937e-02,-2.8206618871e-02,3.4362123029e-03,-0.9994853465,0.0320786858,0.0320786858,0.9994853465,1.2738344560e-01,-1.9785531938e-02,2.2243636159e-01,3.20841900e-02,2.04990986e-04,1.03334146e-04

DETAILED CIRCLE DATA:

Region 0 (9 circles):
Circle_Index,Center_X,Center_Y,Radius
0,-9.3863147350e-02,3.4394969268e-03,3.7131835624e-03
1,-9.3475976803e-02,7.1493020353e-03,3.7449618600e-03
2,-9.3037939411e-02,1.0883669106e-02,3.7731948537e-03
3,-9.2550207087e-02,1.4638544817e-02,3.7978428730e-03
4,-9.2013951747e-02,1.8409875847e-02,3.8188712403e-03
5,-9.1430345304e-02,2.2193608874e-02,3.8362497843e-03
6,-9.0800559672e-02,2.5985690575e-02,3.8499524319e-03
7,-9.0125766766e-02,2.9782067628e-02,3.8599568681e-03
8,-8.9407138501e-02,3.3578686713e-02,3.8662442565e-03

Region 1 (9 circles):
Circle_Index,Center_X,Center_Y,Radius
0,-8.8645846789e-02,3.7371494507e-02,3.8687990136e-03
1,-8.7843063547e-02,4.1156437688e-02,3.8676086320e-03
2,-8.6999960687e-02,4.4929462934e-02,3.8626635494e-03
3,-8.6117710124e-02,4.8686516924e-02,3.8539570597e-03
4,-8.5197483773e-02,5.2423546335e-02,3.8414852660e-03
5,-8.4240453547e-02,5.6136497846e-02,3.8252470741e-03
6,-8.3247791361e-02,5.9821318135e-02,3.8052442280e-03
7,-8.2220669130e-02,6.3473953879e-02,3.7814813878e-03
8,-8.1160258766e-02,6.7090351757e-02,3.7539662549e-03

Region 2 (9 circles):
Circle_Index,Center_X,Center_Y,Radius
0,-8.0067732186e-02,7.0666458447e-02,3.7227097465e-03
1,-7.8944261302e-02,7.4198220628e-02,3.6877262272e-03
2,-7.7791018030e-02,7.7681584976e-02,3.6490338039e-03
3,-7.6609174283e-02,8.1112498171e-02,3.6066546945e-03
4,-7.5399901975e-02,8.4486906891e-02,3.5606156826e-03
5,-7.4164373022e-02,8.7800757813e-02,3.5109486743e-03
6,-7.2903759337e-02,9.1049997616e-02,3.4576913759e-03
7,-7.1619232834e-02,9.4230572977e-02,3.4008881196e-03
8,-7.0311965428e-02,9.7338430576e-02,3.3405908658e-03

Region 3 (9 circles):
Circle_Index,Center_X,Center_Y,Radius
0,-6.8983129033e-02,1.0036951709e-01,3.2768604248e-03
1,-6.7633895563e-02,1.0331977920e-01,3.2097679459e-03
2,-6.6265436933e-02,1.0618516357e-01,3.1393967395e-03
3,-6.4878925056e-02,1.0896161690e-01,3.0658445132e-03
4,-6.3475531848e-02,1.1164508586e-01,2.9892261254e-03
5,-6.2056429222e-02,1.1423151712e-01,2.9096769901e-03
6,-6.0622789092e-02,1.1671685736e-01,2.8273573020e-03
7,-5.9175783373e-02,1.1909705327e-01,2.7424573001e-03
8,-5.7716583979e-02,1.2136805151e-01,2.6552038445e-03

Region 4 (9 circles):
Circle_Index,Center_X,Center_Y,Radius
0,-5.6246362824e-02,1.2352579878e-01,2.5658686559e-03
1,-5.4766291823e-02,1.2556624174e-01,2.4747786526e-03
2,-5.3277542890e-02,1.2748532707e-01,2.3823289129e-03
3,-5.1781287939e-02,1.2927900146e-01,2.2889988825e-03
4,-5.0278698884e-02,1.3094321157e-01,2.0141948847e-03
5,-4.8985289245e-02,1.3217513625e-01,1.8243663587e-03
6,-4.7515211457e-02,1.3331875393e-01,1.9061650079e-03
7,-4.5876484449e-02,1.3437531586e-01,1.9971630999e-03
8,-4.4077127148e-02,1.3534607329e-01,2.0941198229e-03

Region 5 (9 circles):
Circle_Index,Center_X,Center_Y,Radius
0,-4.2125158483e-02,1.3623227747e-01,2.1943822336e-03
1,-4.0028597380e-02,1.3703517966e-01,2.2958202054e-03
2,-3.7795462769e-02,1.3775603111e-01,2.3967405539e-03
3,-3.5433773578e-02,1.3839608306e-01,2.4958025685e-03
4,-3.2951548733e-02,1.3895658677e-01,2.5919444068e-03
5,-3.0356807163e-02,1.3943879350e-01,2.6843228000e-03
6,-2.7657567797e-02,1.3984395449e-01,2.7722652987e-03
7,-2.4861849562e-02,1.4017332099e-01,2.8552331333e-03
8,-2.1977671385e-02,1.4042814426e-01,2.9327925930e-03

Region 6 (9 circles):
Circle_Index,Center_X,Center_Y,Radius
0,-1.9013052196e-02,1.4060967555e-01,3.0045930495e-03
1,-1.5976010922e-02,1.4071916610e-01,3.0703500904e-03
2,-1.2874566490e-02,1.4075786718e-01,3.1298325550e-03
3,-9.7167378295e-03,1.4072703003e-01,3.1828525513e-03
4,-6.5105438678e-03,1.4062790591e-01,3.2292577561e-03
5,-3.2640035328e-03,1.4046174606e-01,3.2689254742e-03
6,1.4864247420e-05,1.4022980174e-01,3.3017580683e-03
7,3.3180405449e-03,1.3993332420e-01,3.3276794675e-03
8,6.6375064317e-03,1.3957356469e-01,3.3466325426e-03

Region 7 (9 circles):
Circle_Index,Center_X,Center_Y,Radius
0,9.9652429798e-03,1.3915177446e-01,3.3585771903e-03
1,1.3293231261e-02,1.3866920477e-01,3.3634890180e-03
2,1.6613452348e-02,1.3812710686e-01,3.3613585535e-03
3,1.9917887313e-02,1.3752673199e-01,3.3521909359e-03
4,2.3198517227e-02,1.3686933141e-01,3.3360060712e-03
5,2.6447323162e-02,1.3615615637e-01,3.3128392604e-03
6,2.9656286191e-02,1.3538845813e-01,3.2827423337e-03
7,3.2817387385e-02,1.3456748793e-01,3.2457853550e-03
8,3.5922607818e-02,1.3369449702e-01,3.2020589926e-03

Region 8 (9 circles):
Circle_Index,Center_X,Center_Y,Radius
0,3.8963928560e-02,1.3277073666e-01,3.1516776943e-03
1,4.1933330683e-02,1.3179745810e-01,3.0947838577e-03
2,4.4822795261e-02,1.3077591259e-01,3.0315532558e-03
3,4.7624303364e-02,1.2970735138e-01,2.9622020666e-03
4,5.0329836065e-02,1.2859302573e-01,2.8869959755e-03
5,5.2931374435e-02,1.2743418688e-01,2.8062619752e-03
6,5.5420899548e-02,1.2623208609e-01,2.7204036908e-03
7,5.7790392475e-02,1.2498797461e-01,2.6299213143e-03
8,6.0031834287e-02,1.2370310368e-01,2.5354375400e-03

Region 9 (9 circles):
Circle_Index,Center_X,Center_Y,Radius
0,6.2137206058e-02,1.2237872457e-01,2.4377312236e-03
1,6.4098488859e-02,1.2101608853e-01,2.3377807541e-03
2,6.5907663761e-02,1.1961644680e-01,2.2368191201e-03
3,6.7556711838e-02,1.1818105063e-01,2.1364019209e-03
4,6.9037614161e-02,1.1671115128e-01,2.0384872440e-03
5,7.0342351802e-02,1.1520800001e-01,1.9455209618e-03
6,7.1462905834e-02,1.1367284805e-01,1.8605106781e-03
7,7.2391257327e-02,1.1210694667e-01,1.8911885030e-03
8,7.3224531509e-02,1.1033072081e-01,1.9761722259e-03

Region 10 (9 circles):
Circle_Index,Center_X,Center_Y,Radius
0,7.3912614780e-02,1.0846306613e-01,2.0107583547e-03
1,7.4460526883e-02,1.0650722130e-01,2.0566305286e-03
2,7.4873287565e-02,1.0446642499e-01,2.1116814566e-03
3,7.5155916568e-02,1.0234391589e-01,2.1739280441e-03
4,7.5313433638e-02,1.0014293267e-01,2.2415694144e-03
5,7.5350858519e-02,9.7866713993e-02,2.3130125894e-03
6,7.5273210955e-02,9.5518498550e-02,2.3868748869e-03
7,7.5085510693e-02,9.3101525012e-02,2.4619718482e-03
8,7.4792777475e-02,9.0619032053e-02,2.5372976504e-03

Region 11 (9 circles):
Circle_Index,Center_X,Center_Y,Radius
0,7.4400031046e-02,8.8074258350e-02,2.6120027644e-03
1,7.3912291151e-02,8.5470442577e-02,2.6853717681e-03
2,7.3334577535e-02,8.2810823412e-02,2.7568028682e-03
3,7.2671909942e-02,8.0098639528e-02,2.8257898098e-03
4,7.1929308116e-02,7.7337129601e-02,2.8919063344e-03
5,7.1111791802e-02,7.4529532308e-02,2.9547930638e-03
6,7.0224380745e-02,7.1679086322e-02,3.0141465620e-03
7,6.9272094690e-02,6.8789030321e-02,3.0697102812e-03
8,6.8259953380e-02,6.5862602980e-02,3.1212671049e-03

Region 12 (9 circles):
Circle_Index,Center_X,Center_Y,Radius
0,6.7192976560e-02,6.2903042973e-02,3.1686332246e-03
1,6.6076183975e-02,5.9913588977e-02,3.2116531223e-03
2,6.4914595369e-02,5.6897479667e-02,3.2501954669e-03
3,6.3713230488e-02,5.3857953718e-02,3.2841497649e-03
4,6.2477109075e-02,5.0798249807e-02,3.3134236362e-03
5,6.1211250874e-02,4.7721606608e-02,3.3379406082e-03
6,5.9920675632e-02,4.4631262797e-02,3.3576383472e-03
7,5.8610403091e-02,4.1530457049e-02,3.3724672574e-03
8,5.7285452997e-02,3.8422428041e-02,3.3823893994e-03

Region 13 (9 circles):
Circle_Index,Center_X,Center_Y,Radius
0,5.5950845094e-02,3.5310414447e-02,3.3873776867e-03
1,5.4611599127e-02,3.2197654944e-02,3.3874153325e-03
2,5.3272734841e-02,2.9087388206e-02,3.3824955286e-03
3,5.1939271979e-02,2.5982852909e-02,3.3726213445e-03
4,5.0616230286e-02,2.2887287729e-02,3.3578058454e-03
5,4.9308629507e-02,1.9803931341e-02,3.3380724344e-03
6,4.8021489387e-02,1.6736022420e-02,3.3134554322e-03
7,4.6759829669e-02,1.3686799643e-02,3.2840009187e-03
8,4.5528670100e-02,1.0659501684e-02,3.2497678689e-03

Region 14 (9 circles):
Circle_Index,Center_X,Center_Y,Radius
0,4.4333030422e-02,7.6573672196e-03,3.2108296293e-03
1,4.3177930381e-02,4.6836349248e-03,3.1672757949e-03
2,4.2068389721e-02,1.7415434752e-03,3.1192145642e-03
3,4.1009428186e-02,-1.1656684537e-03,3.0667756723e-03
4,4.0006065522e-02,-4.0347621863e-03,3.0101140278e-03
5,3.9063321473e-02,-6.8624990473e-03,2.9494142109e-03
6,3.8186215783e-02,-9.6456403610e-03,2.8848960314e-03
7,3.7379768197e-02,-1.2380947452e-02,2.8168213878e-03
8,3.6648998459e-02,-1.5065181645e-02,2.7455027238e-03

Region 15 (9 circles):
Circle_Index,Center_X,Center_Y,Radius
0,3.5998926315e-02,-1.7695104264e-02,2.6713134293e-03
1,3.5434571507e-02,-2.0267476633e-02,2.5947005846e-03
2,3.4960953782e-02,-2.2779060078e-02,2.5162004667e-03
3,3.4583092884e-02,-2.5226615923e-02,2.4364572114e-03
4,3.4306008556e-02,-2.7606905492e-02,2.3562448769e-03
5,3.4134720544e-02,-2.9916690109e-02,2.2043840100e-03
6,3.4104885330e-02,-3.2009118374e-02,2.1529490593e-03
7,3.4218644847e-02,-3.4219450029e-02,2.2740437020e-03
8,3.4468054616e-02,-3.6540920908e-02,2.3949069375e-03

Region 16 (9 circles):
Circle_Index,Center_X,Center_Y,Radius
0,3.4845170154e-02,-3.8966766842e-02,2.5134468026e-03
1,3.5342046980e-02,-4.1490223665e-02,2.6280700126e-03
2,3.5950740614e-02,-4.4104527210e-02,2.7375574093e-03
3,3.6663306575e-02,-4.6802913309e-02,2.8409697645e-03
4,3.7471800380e-02,-4.9578617795e-02,2.9375779780e-03
5,3.8368277550e-02,-5.2424876502e-02,3.0268117668e-03
6,3.9344793603e-02,-5.5334925262e-02,3.1082219918e-03
7,4.0393404058e-02,-5.8301999908e-02,3.1814529238e-03
8,4.1506164433e-02,-6.1319336273e-02,3.2462217357e-03

Region 17 (9 circles):
Circle_Index,Center_X,Center_Y,Radius
0,4.2675130248e-02,-6.4380170189e-02,3.3023032658e-03
1,4.3892357022e-02,-6.7477737490e-02,3.3495186543e-03
2,4.5149900273e-02,-7.0605274008e-02,3.3877268575e-03
3,4.6439815521e-02,-7.3756015577e-02,3.4168183302e-03
4,4.7754158283e-02,-7.6923198028e-02,3.4367103742e-03
5,4.9084984080e-02,-8.0100057196e-02,3.4473437999e-03
6,5.0424348430e-02,-8.3279828912e-02,3.4486806582e-03
7,5.1764306852e-02,-8.6455749010e-02,3.4407028859e-03
8,5.3096914864e-02,-8.9621053323e-02,3.4234117741e-03

Region 18 (9 circles):
Circle_Index,Center_X,Center_Y,Radius
0,5.4414227987e-02,-9.2768977682e-02,3.3968282331e-03
1,5.5708301737e-02,-9.5892757922e-02,3.3609938789e-03
2,5.6971191636e-02,-9.8985629876e-02,3.3159730342e-03
3,5.8194953200e-02,-1.0204082937e-01,3.2618558042e-03
4,5.9371641950e-02,-1.0505159225e-01,3.1987624811e-03
5,6.0493313404e-02,-1.0801115434e-01,3.1268496542e-03
6,6.1552023080e-02,-1.1091275148e-01,3.0463185715e-03
7,6.2539826499e-02,-1.1374961949e-01,2.9574265419e-03
8,6.3448779179e-02,-1.1651499421e-01,2.8605025151e-03

Region 19 (9 circles):
Circle_Index,Center_X,Center_Y,Radius
0,6.4270936638e-02,-1.1920211147e-01,2.7559684848e-03
1,6.4998354395e-02,-1.2180420712e-01,2.6443691006e-03
2,6.5623087970e-02,-1.2431451697e-01,2.5264129422e-03
3,6.6137192882e-02,-1.2672627686e-01,2.4030304141e-03
4,6.6532724648e-02,-1.2903272262e-01,2.2754552217e-03
5,6.6801738789e-02,-1.3122709010e-01,2.1453387069e-03
6,6.6936290822e-02,-1.3330261511e-01,2.0149080065e-03
7,6.6928436268e-02,-1.3525253350e-01,1.8871770940e-03
8,6.6770230644e-02,-1.3707008109e-01,1.7662067640e-03

Region 20 (9 circles):
Circle_Index,Center_X,Center_Y,Radius
0,6.6453729469e-02,-1.3874849372e-01,1.6573703955e-03
1,6.5970988264e-02,-1.4028100722e-01,1.5674969753e-03
2,6.5314062545e-02,-1.4166085743e-01,1.5046374457e-03
3,6.4475007833e-02,-1.4288128017e-01,1.4771463057e-03
4,6.3445879647e-02,-1.4393551129e-01,1.4920350595e-03
5,6.2218733504e-02,-1.4481678661e-01,1.5532092323e-03
6,6.0785624924e-02,-1.4551834196e-01,1.6606444956e-03
7,5.9138609426e-02,-1.4603341318e-01,1.9563004990e-03
8,5.6996575692e-02,-1.4647424361e-01,2.2225526802e-03

Region 21 (9 circles):
Circle_Index,Center_X,Center_Y,Radius
0,5.4761725952e-02,-1.4679801233e-01,2.2955414904e-03
1,5.2438228760e-02,-1.4700728345e-01,2.3714225129e-03
2,5.0030252671e-02,-1.4710462111e-01,2.4491290743e-03
3,4.7541966238e-02,-1.4709258942e-01,2.5277478749e-03
4,4.4977538015e-02,-1.4697375251e-01,2.6065013409e-03
5,4.2341136555e-02,-1.4675067450e-01,2.6847295574e-03
6,3.9636930413e-02,-1.4642591951e-01,2.7618732211e-03
7,3.6869088143e-02,-1.4600205166e-01,2.8374583115e-03
8,3.4041778297e-02,-1.4548163508e-01,2.9110827194e-03

Region 22 (9 circles):
Circle_Index,Center_X,Center_Y,Radius
0,3.1159169431e-02,-1.4486723389e-01,2.9824048134e-03
1,2.8225430098e-02,-1.4416141221e-01,3.0511337874e-03
2,2.5244728851e-02,-1.4336673417e-01,3.1170215805e-03
3,2.2221234245e-02,-1.4248576388e-01,3.1798561487e-03
4,1.9159114834e-02,-1.4152106547e-01,3.2394558785e-03
5,1.6062539171e-02,-1.4047520306e-01,3.2956649559e-03
6,1.2935675810e-02,-1.3935074078e-01,3.3483495299e-03
7,9.7826933047e-03,-1.3815024274e-01,3.3973945332e-03
8,6.6077602095e-03,-1.3687627308e-01,3.4427010467e-03

Region 23 (9 circles):
Circle_Index,Center_X,Center_Y,Radius
0,3.4150450780e-03,-1.3553139590e-01,3.4841841150e-03
1,2.0871646392e-04,-1.3411817534e-01,3.5217709349e-03
2,-3.0070570788e-03,-1.3263917552e-01,3.5553993549e-03
3,-6.2281069963e-03,-1.3109696055e-01,3.5850166357e-03
4,-9.4502647349e-03,-1.2949409457e-01,3.6105784279e-03
5,-1.2669361741e-02,-1.2783314169e-01,3.6320479375e-03
6,-1.5881229459e-02,-1.2611666603e-01,3.6493952499e-03
7,-1.9081699338e-02,-1.2434723173e-01,3.6625967916e-03
8,-2.2266602822e-02,-1.2252740290e-01,3.6716349155e-03

Region 24 (8 circles):
Circle_Index,Center_X,Center_Y,Radius
0,-2.5431771358e-02,-1.2065974366e-01,3.6764975938e-03
1,-2.8573036392e-02,-1.1874681814e-01,3.6771782131e-03
2,-3.1686229369e-02,-1.1679119045e-01,3.6736754631e-03
3,-3.4767181738e-02,-1.1479542473e-01,3.6659933162e-03
4,-3.7811724942e-02,-1.1276208509e-01,3.6541410989e-03
5,-4.0815690429e-02,-1.1069373566e-01,3.6381336555e-03
6,-4.3774909645e-02,-1.0859294056e-01,3.6179916092e-03
7,-4.6685214036e-02,-1.0646226391e-01,3.5937417294e-03

Region 25 (8 circles):
Circle_Index,Center_X,Center_Y,Radius
0,-4.9542435048e-02,-1.0430426983e-01,3.5654174148e-03
1,-5.2342404127e-02,-1.0212152245e-01,3.5330593092e-03
2,-5.5080952719e-02,-9.9916585890e-02,3.4967160658e-03
3,-5.7753912271e-02,-9.7692024270e-02,3.4564452884e-03
4,-6.0357114229e-02,-9.5450401714e-02,3.4123146764e-03
5,-6.2886390038e-02,-9.3194282344e-02,3.3644034141e-03
6,-6.5337571145e-02,-9.0926230283e-02,3.3128038499e-03
7,-6.7706488997e-02,-8.8648809654e-02,3.2576235246e-03

Region 26 (8 circles):
Circle_Index,Center_X,Center_Y,Radius
0,-6.9988975039e-02,-8.6364584578e-02,3.1989876198e-03
1,-7.2180860718e-02,-8.4076119179e-02,3.1370419145e-03
2,-7.4277977479e-02,-8.1785977578e-02,3.0719563566e-03
3,-7.6276156769e-02,-7.9496723899e-02,3.0039293790e-03
4,-7.8171230034e-02,-7.7210922264e-02,2.9331931136e-03
5,-7.9959028720e-02,-7.4931136795e-02,2.8600196866e-03
6,-8.1635384273e-02,-7.2659931615e-02,2.7847287991e-03
7,-8.3196128140e-02,-7.0399870846e-02,2.7076968219e-03

Region 27 (8 circles):
Circle_Index,Center_X,Center_Y,Radius
0,-8.4637091766e-02,-6.8153518610e-02,2.6293676302e-03
1,-8.5954106598e-02,-6.5923439031e-02,2.5502653769e-03
2,-8.7143004082e-02,-6.3712196231e-02,2.4710093035e-03
3,-8.8199615665e-02,-6.1522354332e-02,2.3923304887e-03
4,-8.9119772791e-02,-5.9356477457e-02,2.4387858048e-03
5,-8.9996041147e-02,-5.6989109190e-02,2.5620587857e-03
6,-9.0798004372e-02,-5.4516112524e-02,2.6377627864e-03
7,-9.1526834381e-02,-5.1941540780e-02,2.7136960500e-03

Region 28 (8 circles):
Circle_Index,Center_X,Center_Y,Radius
0,-9.2183703088e-02,-4.9269447279e-02,2.7893139244e-03
1,-9.2769782407e-02,-4.6503885344e-02,2.8641478508e-03
2,-9.3286244252e-02,-4.3648908296e-02,2.9377947733e-03
3,-9.3734260539e-02,-4.0708569458e-02,3.0099077298e-03
4,-9.4115003180e-02,-3.7686922151e-02,3.0801876476e-03
5,-9.4429644090e-02,-3.4588019697e-02,3.1483762826e-03
6,-9.4679355184e-02,-3.1415915418e-02,3.2142501933e-03
7,-9.4865308376e-02,-2.8174662636e-02,3.2776156273e-03

Region 29 (8 circles):
Circle_Index,Center_X,Center_Y,Radius
0,-9.4988675579e-02,-2.4868314673e-02,3.3383041975e-03
1,-9.5050628709e-02,-2.1500924851e-02,3.3961692336e-03
2,-9.5052339679e-02,-1.8076546491e-02,3.4510827045e-03
3,-9.4994980405e-02,-1.4599232916e-02,3.5029326246e-03
4,-9.4879722799e-02,-1.1073037447e-02,3.5516208644e-03
5,-9.4707738776e-02,-7.5020134064e-03,3.5970613030e-03
6,-9.4480200251e-02,-3.8902141160e-03,3.6391782653e-03
7,-9.4198279138e-02,-2.4169289765e-04,3.6779052005e-03
