Region Metadata for: shape_37.txt
================================================================================

REGION DEFINITION: Circle union (one circle per point)
  Each point gets a circle with radius = average distance to neighbors

Total vertices: 244
Number of regions: 30
Points per region:
  Region 0: 9 points
  Region 1: 9 points
  Region 2: 9 points
  Region 3: 9 points
  Region 4: 8 points
  Region 5: 8 points
  Region 6: 8 points
  Region 7: 8 points
  Region 8: 8 points
  Region 9: 8 points
  Region 10: 8 points
  Region 11: 8 points
  Region 12: 8 points
  Region 13: 8 points
  Region 14: 8 points
  Region 15: 8 points
  Region 16: 8 points
  Region 17: 8 points
  Region 18: 8 points
  Region 19: 8 points
  Region 20: 8 points
  Region 21: 8 points
  Region 22: 8 points
  Region 23: 8 points
  Region 24: 8 points
  Region 25: 8 points
  Region 26: 8 points
  Region 27: 8 points
  Region 28: 8 points
  Region 29: 8 points

REGION SUMMARY:
Region_Index,Num_Points,BBox_Min_X,BBox_Max_X,BBox_Min_Y,BBox_Max_Y,Normal_X,Normal_Y,Tangent_X,Tangent_Y,Fitted_Circle_X,Fitted_Circle_Y,Fitted_Circle_Radius,Local_AoA_Rad,Union_Area,Collection_Area
0,9,-7.9665493623e-02,-6.9344408744e-02,-9.7840010780e-05,4.8047744770e-02,-0.9998821410,0.0153526575,0.0153526575,0.9998821410,8.2414223008e-01,1.0208068958e-02,8.9905673821e-01,1.53532607e-02,4.28149628e-04,2.14587630e-04
1,9,-7.9073983116e-02,-6.6053153152e-02,4.3075161627e-02,9.2169242933e-02,-0.9966293975,0.0820356269,0.0820356269,0.9966293975,4.2413370059e-01,2.7077572499e-02,4.9866366265e-01,8.21279212e-02,4.47339016e-04,2.24830378e-04
2,9,-7.4987619421e-02,-5.8754293641e-02,8.7345427243e-02,1.3122678496e-01,-0.9786703844,0.2054367996,0.2054367996,0.9786703844,1.6282944547e-01,6.1762163734e-02,2.3500423919e-01,2.06910006e-01,3.69300046e-04,1.86336845e-04
3,9,-6.5676347485e-02,-4.5532925145e-02,1.2695541749e-01,1.5981266395e-01,-0.8929685583,0.4501190441,0.4501190441,0.8929685583,2.0183448739e-02,1.0617028665e-01,8.5459958199e-02,4.66898647e-01,2.41583243e-04,1.23243141e-04
4,8,-4.9798886637e-02,-2.6703523993e-02,1.5592380109e-01,1.7261670190e-01,-0.5301489170,0.8479045499,0.8479045499,0.5301489170,-2.1070042967e-02,1.3721600227e-01,3.3621650736e-02,1.01202014e+00,1.43114384e-04,7.45026305e-05
5,8,-2.9704773418e-02,-7.4380312131e-05,1.6394743801e-01,1.7390060861e-01,0.1174257917,0.9930816600,0.9930816600,-0.1174257917,-2.1351853539e-02,1.1811850482e-01,5.2457472016e-02,1.68849367e+00,1.84424175e-04,9.51235016e-05
6,8,-3.9171343165e-03,2.7999306220e-02,1.4834696993e-01,1.6996645639e-01,0.4957851248,0.8684452257,0.8684452257,-0.4957851248,-3.9978281227e-02,6.9209357722e-02,1.0492978600e-01,2.08953498e+00,2.59888023e-04,1.32240388e-04
7,8,2.2818678288e-02,5.5365683278e-02,1.2312997652e-01,1.5432933912e-01,0.6858269403,0.7277646652,0.7277646652,-0.6858269403,-9.6701217596e-02,-4.6416095584e-03,1.9813469758e-01,2.32653569e+00,3.49215876e-04,1.76557594e-04
8,8,4.8900562666e-02,8.0390884218e-02,9.1467124706e-02,1.2921441531e-01,0.7905856248,0.6123515085,0.6123515085,-0.7905856248,-1.7247535377e-01,-7.2993215061e-02,3.0022176438e-01,2.48256109e+00,4.15712692e-04,2.09472943e-04
9,8,7.3016206550e-02,1.0155335986e-01,5.6416763968e-02,9.7470797509e-02,0.8596871289,0.5108209476,0.5108209476,-0.8596871289,-2.1478193434e-01,-1.0257571008e-01,3.5185209068e-01,2.60545320e+00,4.33947768e-04,2.18492233e-04
10,8,9.3754242088e-02,1.1737817802e-01,2.0990626785e-02,6.2046653870e-02,0.9142144169,0.4052307982,0.4052307982,-0.9142144169,-1.7841577193e-01,-8.4704821062e-02,3.1133167953e-01,2.72436138e+00,3.95860887e-04,1.99474532e-04
11,8,1.0966004017e-01,1.2642950565e-01,-1.1838653501e-02,2.5933413794e-02,0.9630731028,0.2692400391,0.2692400391,-0.9630731028,-7.5532732859e-02,-4.7642073660e-02,2.0194102352e-01,2.86898881e+00,3.10009667e-04,1.56631449e-04
12,8,1.1923766435e-01,1.2804073786e-01,-3.9055807849e-02,-7.8361859722e-03,0.9989046281,0.0467925631,0.0467925631,-0.9989046281,3.1420154042e-02,-2.8441140798e-02,9.3192397432e-02,3.09478300e+00,2.01592294e-04,1.02675975e-04
13,8,1.1189321433e-01,1.2664723191e-01,-6.0787912954e-02,-3.6051282674e-02,0.9061843314,-0.4228829123,-0.4228829123,-0.9061843314,7.8390255948e-02,-2.8853374310e-02,4.6587998731e-02,-2.70496831e+00,1.47498285e-04,7.59827263e-05
14,8,9.0735757723e-02,1.1643942147e-01,-8.1376804210e-02,-5.6821007473e-02,0.6840737101,-0.7294128866,-0.7294128866,-0.6840737101,3.1489395682e-02,8.6562002756e-03,1.0677703413e-01,-2.32412936e+00,2.17871146e-04,1.10632169e-04
15,8,6.1863575595e-02,9.5455598741e-02,-9.9443949574e-02,-7.5811801447e-02,0.5175696626,-0.8556410721,-0.8556410721,-0.5175696626,-2.8491701340e-02,9.0319986592e-02,2.0817204496e-01,-2.11480446e+00,2.93178947e-04,1.48012056e-04
16,8,2.8826832688e-02,6.6752263099e-02,-1.1408886624e-01,-9.2616847159e-02,0.3964370120,-0.9180619236,-0.9180619236,-0.3964370120,-7.3143572336e-02,1.7704272629e-01,3.0574263950e-01,-1.97842892e+00,3.35297783e-04,1.68873652e-04
17,8,-4.9148825339e-03,3.3633493206e-02,-1.2450164768e-01,-1.0658174789e-01,0.2924683266,-0.9562752104,-0.9562752104,-0.2924683266,-8.1409951574e-02,1.9701140767e-01,3.2734015849e-01,-1.86760334e+00,3.25563279e-04,1.63853735e-04
18,8,-3.5940577709e-02,-5.1767260571e-04,-1.2991098348e-01,-1.1697314724e-01,0.1789888098,-0.9838511097,-0.9838511097,-0.1789888098,-6.1939729695e-02,1.1429838621e-01,2.4235217865e-01,-1.75075489e+00,2.63707038e-04,1.32964428e-04
19,8,-5.9036555210e-02,-3.2281283739e-02,-1.3051021756e-01,-1.2302077656e-01,0.0098916450,-0.9999510765,-0.9999510765,-0.0098916450,-4.8043290943e-02,-2.2631803060e-02,1.0465933218e-01,-1.58068813e+00,1.54287749e-04,7.85721975e-05
20,8,-1.0129993650e-01,1.4067976108e-02,-1.6307525577e-01,-1.2581642955e-02,-0.9179983938,0.3965841008,0.3965841008,0.9179983938,3.6295695107e-01,-2.8007160191e-01,4.5081661523e-01,4.07792812e-01,1.01667101e-02,5.64949950e-03
21,8,-1.3489551339e-01,3.4471614038e-02,-1.9492779007e-01,1.2995118139e-02,0.8641080405,-0.5033063624,-0.5033063624,-0.8641080405,1.3201263154e+01,-6.8726791369e+00,-1.4882738429e+01,-2.61417179e+00,2.41537556e-02,1.45239190e-02
22,8,-1.2279097292e-01,4.2560452591e-02,-1.7800102803e-01,2.2963461012e-02,0.8753850700,-0.4834262914,-0.4834262914,-0.8753850700,6.9404733960e+01,-3.6694290554e+01,-7.8507709332e+01,-2.63702811e+00,2.22309784e-02,1.08839442e-02
23,8,-8.3682647632e-02,-2.0842928724e-02,-1.3596033426e-01,-6.2668903635e-02,0.8675824927,-0.4972932921,-0.4972932921,-0.8675824927,1.0206494917e-01,-1.8537264219e-01,-1.7777023888e-01,-2.62111651e+00,3.27927007e-03,1.98925632e-03
24,8,-9.2191033116e-02,1.6382980710e-02,-1.3907793960e-01,-1.2475011491e-03,-0.9130886994,0.4077609926,0.4077609926,0.9130886994,-1.1304866636e-01,-2.9050749273e-02,-9.3093389590e-02,4.20000591e-01,8.71717787e-03,3.81614472e-03
25,8,-3.6563871417e-02,-2.0138823238e-02,-2.9910979233e-02,-2.1924611955e-02,0.2395599100,-0.9708815837,-0.9708815837,-0.2395599100,-2.3429872869e-02,-4.0273262846e-02,-1.6572828412e-02,-1.81270886e+00,6.62682525e-05,3.14340792e-05
26,8,-5.7912256625e-02,-3.3396327371e-02,-4.3595633477e-02,-2.5677569196e-02,0.5414102130,-0.8407585749,-0.8407585749,-0.5414102130,2.2640717151e-01,-4.5479115007e-01,-5.0069772544e-01,-2.14290984e+00,1.60677348e-04,8.00891643e-05
27,8,-7.2550811421e-02,-5.4410383868e-02,-5.0149778901e-02,-3.9181937933e-02,0.4316835993,-0.9020250940,-0.9020250940,-0.4316835993,-8.2862374854e-02,-8.1055394479e-03,4.2448872572e-02,-2.01715474e+00,8.59767592e-05,4.40707292e-05
28,8,-7.7887846659e-02,-7.0689387616e-02,-4.9736597582e-02,-2.9273149731e-02,-0.9930057777,-0.1180657677,-0.1180657677,0.9930057777,-3.0797335645e-02,-3.7858119475e-02,4.3603090881e-02,-1.18341800e-01,1.13370866e-04,5.77578155e-05
29,8,-7.9392146576e-02,-7.0353121462e-02,-3.2942632554e-02,4.4598413743e-03,-0.9998543634,-0.0170661054,-0.0170661054,0.9998543634,1.7957887122e+00,1.7607235267e-02,1.8707470735e+00,-1.70669340e-02,2.86953099e-04,1.43692922e-04

DETAILED CIRCLE DATA:

Region 0 (9 circles):
Circle_Index,Center_X,Center_Y,Radius
0,-7.4900970644e-02,4.5017005229e-03,4.5995405337e-03
1,-7.4911836287e-02,9.1393091389e-03,4.6718470442e-03
2,-7.4902967354e-02,1.3845373525e-02,4.7364558498e-03
3,-7.4872100250e-02,1.8612112542e-02,4.7933933730e-03
4,-7.4816971380e-02,2.3431745050e-02,4.8426889391e-03
5,-7.4735317148e-02,2.8296489907e-02,4.8843750673e-03
6,-7.4624873960e-02,3.3198565975e-02,4.9184878148e-03
7,-7.4483378219e-02,3.8130192114e-02,4.9450671822e-03
8,-7.4308566331e-02,4.3083587183e-02,4.9641575866e-03

Region 1 (9 circles):
Circle_Index,Center_X,Center_Y,Radius
0,-7.4098174701e-02,4.8050970043e-02,4.9758084152e-03
1,-7.3849939733e-02,5.3024559553e-02,4.9800746708e-03
2,-7.3561597832e-02,5.7996574573e-02,4.9770177262e-03
3,-7.3230885404e-02,6.2959233964e-02,4.9667062063e-03
4,-7.2855538852e-02,6.7904756585e-02,4.9492170225e-03
5,-7.2433294582e-02,7.2825361297e-02,4.9246365879e-03
6,-7.1961888998e-02,7.7713266959e-02,4.8930622483e-03
7,-7.1439058506e-02,8.2560692432e-02,4.8546039730e-03
8,-7.0862539510e-02,8.7359856575e-02,4.8093863581e-03

Region 2 (9 circles):
Circle_Index,Center_X,Center_Y,Radius
0,-7.0230068415e-02,9.2102978249e-02,4.7575510058e-03
1,-6.9539381625e-02,9.6782276313e-02,4.6992593606e-03
2,-6.8788215546e-02,1.0138996963e-01,4.6346960985e-03
3,-6.7974306583e-02,1.0591827705e-01,4.5640731872e-03
4,-6.7095391139e-02,1.1035941745e-01,4.4876347639e-03
5,-6.6149205621e-02,1.1470560967e-01,4.4056630038e-03
6,-6.5133486432e-02,1.1894907259e-01,4.3184851927e-03
7,-6.4045969977e-02,1.2308202506e-01,4.2264822537e-03
8,-6.2884392663e-02,1.2709668593e-01,4.1300990214e-03

Region 3 (9 circles):
Circle_Index,Center_X,Center_Y,Radius
0,-6.1646490892e-02,1.3098527408e-01,4.0298565935e-03
1,-6.0330001070e-02,1.3474000836e-01,3.9263671160e-03
2,-5.8932659602e-02,1.3835310763e-01,3.8203513475e-03
3,-5.7452202893e-02,1.4181679075e-01,3.7126592797e-03
4,-5.5886367347e-02,1.4512327658e-01,3.6042939027e-03
5,-5.4232889369e-02,1.4826478398e-01,3.4964378281e-03
6,-5.2489505365e-02,1.5123353181e-01,3.3904818073e-03
7,-5.0653951738e-02,1.5402173893e-01,3.2880530704e-03
8,-4.8723964894e-02,1.5662162420e-01,3.1910397494e-03

Region 4 (8 circles):
Circle_Index,Center_X,Center_Y,Radius
0,-4.6697281237e-02,1.5902540649e-01,3.1016053991e-03
1,-4.4571637173e-02,1.6122530464e-01,3.0221850399e-03
2,-4.2344769106e-02,1.6321353752e-01,2.9554519781e-03
3,-4.0014413441e-02,1.6498232400e-01,2.9042444055e-03
4,-3.7578306582e-02,1.6652388292e-01,2.8714445223e-03
5,-3.5034184935e-02,1.6783043316e-01,2.8598124171e-03
6,-3.2379784904e-02,1.6889419356e-01,2.8717916500e-03
7,-2.9612842894e-02,1.6970738300e-01,2.9093189014e-03

Region 5 (8 circles):
Circle_Index,Center_X,Center_Y,Radius
0,-2.6731095310e-02,1.7026222032e-01,2.9736781074e-03
1,-2.3732278557e-02,1.7055092440e-01,3.1492616793e-03
2,-2.0446783698e-02,1.7059865190e-01,3.3019567044e-03
3,-1.7133612896e-02,1.7041837323e-01,3.3401163885e-03
4,-1.3795622714e-02,1.7001594649e-01,3.3893027883e-03
5,-1.0435669720e-02,1.6939722984e-01,3.4478723545e-03
6,-7.0566104792e-03,1.6856808138e-01,3.5142417935e-03
7,-3.6613015565e-03,1.6753435926e-01,3.5869212444e-03

Region 6 (8 circles):
Circle_Index,Center_X,Center_Y,Radius
0,-2.5259951776e-04,1.6630192159e-01,3.6645347988e-03
1,3.1666390714e-03,1.6487662652e-01,3.7458304411e-03
2,6.5935576455e-03,1.6326433217e-01,3.8296819146e-03
3,1.0025299639e-02,1.6147089666e-01,3.9150849341e-03
4,1.3459008486e-02,1.5950217812e-01,4.0011498063e-03
5,1.6891827621e-02,1.5736403469e-01,4.0870920607e-03
6,2.0320900479e-02,1.5506232450e-01,4.1722222535e-03
7,2.3743370494e-02,1.5260290566e-01,4.2559357260e-03

Region 7 (8 circles):
Circle_Index,Center_X,Center_Y,Radius
0,2.7156381101e-02,1.4999163631e-01,4.3377028127e-03
1,3.0557075733e-02,1.4723437458e-01,4.4170597762e-03
2,3.3942597826e-02,1.4433697860e-01,4.4936006024e-03
3,3.7310090813e-02,1.4130530649e-01,4.5669696905e-03
4,4.0656698130e-02,1.3814521639e-01,4.6368554161e-03
5,4.3979563210e-02,1.3486256642e-01,4.7029845094e-03
6,4.7275829488e-02,1.3146321471e-01,4.7651171758e-03
7,5.0542640399e-02,1.2795301940e-01,4.8230428790e-03

Region 8 (8 circles):
Circle_Index,Center_X,Center_Y,Radius
0,5.3777139377e-02,1.2433783860e-01,4.8765767107e-03
1,5.6976469856e-02,1.2062353045e-01,4.9255562714e-03
2,6.0137775270e-02,1.1681595307e-01,4.9698389980e-03
3,6.3258199055e-02,1.1292096460e-01,5.0092998779e-03
4,6.6334884645e-02,1.0894442316e-01,5.0438294998e-03
5,6.9364975473e-02,1.0489218689e-01,5.0733323947e-03
6,7.2345614975e-02,1.0077011390e-01,5.0977256310e-03
7,7.5273946585e-02,9.6584062338e-02,5.1169376322e-03

Region 9 (8 circles):
Circle_Index,Center_X,Center_Y,Radius
0,7.8147113738e-02,9.2339890321e-02,5.1309071877e-03
1,8.0962259867e-02,8.8043455980e-02,5.1395826392e-03
2,8.3716528407e-02,8.3700617445e-02,5.1429212208e-03
3,8.6407062793e-02,7.9317232843e-02,5.1408885421e-03
4,8.9031006459e-02,7.4899160304e-02,5.1334582017e-03
5,9.1585502840e-02,7.0452257956e-02,5.1206115258e-03
6,9.4067695369e-02,6.5982383928e-02,5.1023374266e-03
7,9.6474727482e-02,6.1495396348e-02,5.0786323799e-03

Region 10 (8 circles):
Circle_Index,Center_X,Center_Y,Radius
0,9.8803742613e-02,5.6997153346e-02,5.0495005244e-03
1,1.0105188420e-01,5.2493513049e-02,5.0149538880e-03
2,1.0321629567e-01,4.7990333586e-02,4.9750127506e-03
3,1.0529412046e-01,4.3493473087e-02,4.9297061559e-03
4,1.0728250200e-01,3.9008789679e-02,4.8790725918e-03
5,1.0917858374e-01,3.4542141492e-02,4.8231608611e-03
6,1.1097950910e-01,3.0099386653e-02,4.7620311751e-03
7,1.1268242152e-01,2.5686383292e-02,4.6957565074e-03

Region 11 (8 circles):
Circle_Index,Center_X,Center_Y,Radius
0,1.1428446443e-01,2.1308989538e-02,4.6244242565e-03
1,1.1578278127e-01,1.6973063518e-02,4.5481382794e-03
2,1.1717451547e-01,1.2684463361e-02,4.4670213725e-03
3,1.1845681047e-01,8.4490471973e-03,4.3812182935e-03
4,1.1962680970e-01,4.2726731540e-03,4.2908994461e-03
5,1.2068165659e-01,1.6119936008e-04,4.1962653729e-03
6,1.2161849459e-01,-3.8795160557e-03,4.0975522396e-03
7,1.2243446712e-01,-7.8436149647e-03,3.9950385360e-03

Region 12 (8 circles):
Circle_Index,Center_X,Center_Y,Radius
0,1.2312671762e-01,-1.1725239238e-02,3.8890532661e-03
1,1.2369238952e-01,-1.5518530748e-02,3.7799859536e-03
2,1.2412862625e-01,-1.9217631365e-02,3.6682988451e-03
3,1.2443257127e-01,-2.2816682961e-02,3.5545417379e-03
4,1.2460136798e-01,-2.6309827406e-02,3.4393698766e-03
5,1.2463215984e-01,-2.9691206573e-02,3.3235653173e-03
6,1.2452209027e-01,-3.2954962333e-02,3.2080619894e-03
7,1.2426830271e-01,-3.6095236557e-02,2.9605712919e-03

Region 13 (8 circles):
Circle_Index,Center_X,Center_Y,Radius
0,1.2386252386e-01,-3.8835990728e-02,2.7847080538e-03
1,1.2323288474e-01,-4.1563032891e-02,2.8198794618e-03
2,1.2238606168e-01,-4.4274861893e-02,2.8680352544e-03
3,1.2132873099e-01,-4.6969976580e-02,2.9271028159e-03
4,1.2006756897e-01,-4.9646875800e-02,2.9950825188e-03
5,1.1860925196e-01,-5.2304058400e-02,3.0701055523e-03
6,1.1696045625e-01,-5.4940023226e-02,3.1504677486e-03
7,1.1512785816e-01,-5.7553269124e-02,3.2346438303e-03

Region 14 (8 circles):
Circle_Index,Center_X,Center_Y,Radius
0,1.1311813400e-01,-6.0142294943e-02,3.3212874697e-03
1,1.1093796009e-01,-6.2705599528e-02,3.4092221790e-03
2,1.0859401274e-01,-6.5241681727e-02,3.4974270481e-03
3,1.0609296827e-01,-6.7749040386e-02,3.5850202249e-03
4,1.0344150298e-01,-7.0226174352e-02,3.6712420436e-03
5,1.0064629319e-01,-7.2671582472e-02,3.7554389385e-03
6,9.7714015220e-02,-7.5083763593e-02,3.8370487470e-03
7,9.4651345372e-02,-7.7461216561e-02,3.9155876488e-03

Region 15 (8 circles):
Circle_Index,Center_X,Center_Y,Radius
0,9.1464959964e-02,-7.9802440224e-02,3.9906387771e-03
1,8.8161535309e-02,-8.2105933428e-02,4.0618424130e-03
2,8.4747747720e-02,-8.4370195021e-02,4.1288876176e-03
3,8.1230273510e-02,-8.6593723848e-02,4.1915051318e-03
4,7.7615788992e-02,-8.8775018756e-02,4.2494613765e-03
5,7.3910970481e-02,-9.0912578594e-02,4.3025533931e-03
6,7.0122494288e-02,-9.3004902206e-02,4.3506045845e-03
7,6.6257036728e-02,-9.5050488441e-02,4.3934611325e-03

Region 16 (8 circles):
Circle_Index,Center_X,Center_Y,Radius
0,6.2321274113e-02,-9.7047836145e-02,4.4309889859e-03
1,5.8321882756e-02,-9.8995444165e-02,4.4630713311e-03
2,5.4265538972e-02,-1.0089181135e-01,4.4896064689e-03
3,5.0158919073e-02,-1.0273543654e-01,4.5105060372e-03
4,4.6008699371e-02,-1.0452481859e-01,4.5256935276e-03
5,4.1821556182e-02,-1.0625845634e-01,4.5351030540e-03
6,3.7604165817e-02,-1.0793484864e-01,4.5386783408e-03
7,3.3363204590e-02,-1.0955249434e-01,4.5363719020e-03

Region 17 (8 circles):
Circle_Index,Center_X,Center_Y,Radius
0,2.9105348814e-02,-1.1110989228e-01,4.5281443918e-03
1,2.4837274802e-02,-1.1260554131e-01,4.5139641111e-03
2,2.0565658868e-02,-1.1403794028e-01,4.4938066583e-03
3,1.6297177325e-02,-1.1540558803e-01,4.4676547195e-03
4,1.2038506486e-02,-1.1670698342e-01,4.4354979959e-03
5,7.7963226642e-03,-1.1794062528e-01,4.3973332726e-03
6,3.5773021727e-03,-1.1910501247e-01,4.3531646367e-03
7,-6.1187867507e-04,-1.2019864382e-01,4.3030038588e-03

Region 18 (8 circles):
Circle_Index,Center_X,Center_Y,Radius
0,-4.7645435660e-03,-1.2122001820e-01,4.2468709603e-03
1,-8.8740161869e-03,-1.2216763444e-01,4.1847949960e-03
2,-1.2933620224e-02,-1.2303999139e-01,4.1168150926e-03
3,-1.6936679365e-02,-1.2383558790e-01,4.0429817982e-03
4,-2.0876517297e-02,-1.2455292282e-01,3.9633588158e-03
5,-2.4746457705e-02,-1.2519049499e-01,3.8780252165e-03
6,-2.8539824277e-02,-1.2574680326e-01,3.7870782620e-03
7,-3.2249940700e-02,-1.2622034647e-01,3.6906370086e-03

Region 19 (8 circles):
Circle_Index,Center_X,Center_Y,Radius
0,-3.5870130660e-02,-1.2660962348e-01,3.5888469212e-03
1,-3.9393717844e-02,-1.2691313312e-01,3.4818858088e-03
2,-4.2814025940e-02,-1.2712937426e-01,3.3699715016e-03
3,-4.6124378633e-02,-1.2725684572e-01,3.2533718391e-03
4,-4.9318099610e-02,-1.2729404637e-01,3.1324177472e-03
5,-5.2388512559e-02,-1.2723947504e-01,3.0075204648e-03
6,-5.5328941166e-02,-1.2709163059e-01,2.4392821725e-03
7,-5.7244346408e-02,-1.2682105998e-01,1.7922088016e-03

Region 20 (8 circles):
Circle_Index,Center_X,Center_Y,Radius
0,-5.8810188032e-02,-1.2630084092e-01,1.5488162948e-03
1,-6.0042733664e-02,-1.2554157678e-01,1.3971929767e-03
2,-6.0958250927e-02,-1.2455387093e-01,1.3499955647e-03
3,-6.1573007449e-02,-1.2334832672e-01,3.9726929048e-02
4,-2.6777482323e-02,-5.3427101386e-02,4.0845458431e-02
5,-2.8394766235e-02,-5.6632510618e-02,5.3323477300e-03
6,-2.5282395919e-02,-5.0279541300e-02,8.9142528720e-03
7,-3.0117980030e-02,-5.9885165633e-02,7.2549528203e-03

Region 21 (8 circles):
Circle_Index,Center_X,Center_Y,Radius
0,-3.1930856083e-02,-6.3174463065e-02,1.0811694947e-02
1,-2.3925774647e-02,-4.7200433728e-02,5.0849270214e-02
2,-6.1903270852e-02,-1.2193554753e-01,7.2992242536e-02
3,-3.3817126769e-02,-6.6489799549e-02,3.3004905963e-02
4,-3.5760524462e-02,-6.9820571719e-02,1.6301271436e-02
5,-2.2723886134e-02,-4.4200382033e-02,5.7195500172e-02
6,-6.1965308764e-02,-1.2032613673e-01,6.9334810731e-02
7,-3.7744781539e-02,-7.3156176210e-02,2.8456877807e-02

Region 22 (8 circles):
Circle_Index,Center_X,Center_Y,Radius
0,-3.9753630373e-02,-7.6486009657e-02,2.5675812328e-02
1,-6.1775388807e-02,-1.1853069766e-01,4.5527546984e-02
2,-4.1770803340e-02,-7.9799468694e-02,4.3510783060e-02
3,-2.1692998003e-02,-4.1289989582e-02,6.4253450594e-02
4,-6.1349778608e-02,-1.1655983371e-01,6.1441194314e-02
5,-4.3780032814e-02,-8.3085949957e-02,2.0806017701e-02
6,-4.5765051172e-02,-8.6334850080e-02,1.7811227761e-02
7,-6.0704745792e-02,-1.1442414824e-01,2.9946049320e-02

Region 23 (8 circles):
Circle_Index,Center_X,Center_Y,Radius
0,-4.7709590787e-02,-8.9535565697e-02,2.6866662062e-02
1,-5.9856557983e-02,-1.1213424461e-01,2.3826089649e-02
2,-4.9597384035e-02,-9.2677493444e-02,2.0678744202e-02
3,-5.8821482807e-02,-1.0970072619e-01,1.7578937505e-02
4,-5.1412163290e-02,-9.5750029954e-02,1.4380464686e-02
5,-5.7615787889e-02,-1.0713419633e-01,1.1238228917e-02
6,-5.3137660928e-02,-9.8742571864e-02,8.0055972609e-03
7,-5.6255740853e-02,-1.0444525842e-01,4.8378573896e-03

Region 24 (8 circles):
Circle_Index,Center_X,Center_Y,Radius
0,-5.4757609324e-02,-1.0164451581e-01,3.7433423792e-02
1,-2.0849377881e-02,-3.8479859740e-02,3.7232358590e-02
2,-2.0209293391e-02,-3.5780595871e-02,2.6929747407e-03
3,-1.9789012160e-02,-3.3202801342e-02,2.5322401397e-03
4,-1.9604801811e-02,-3.0757079517e-02,2.3783512663e-03
5,-1.9672929971e-02,-2.8454033761e-02,2.2400161749e-03
6,-2.0009664263e-02,-2.6304267441e-02,1.7933033084e-03
7,-2.0526531443e-02,-2.4991743842e-02,1.3115532896e-03

Region 25 (8 circles):
Circle_Index,Center_X,Center_Y,Radius
0,-2.1353938313e-02,-2.4105457520e-02,1.2151150745e-03
1,-2.2468052327e-02,-2.3613860555e-02,1.3003591576e-03
2,-2.3845040940e-02,-2.3485405027e-02,1.5058576517e-03
3,-2.5461071608e-02,-2.3688543015e-02,1.7639310602e-03
4,-2.7292311786e-02,-2.4191726601e-02,2.0319700958e-03
5,-2.9314928927e-02,-2.4963407863e-02,2.2880398814e-03
6,-3.1505090488e-02,-2.5972038883e-02,2.5210013929e-03
7,-3.3838963922e-02,-2.7186071738e-02,2.7249074943e-03

Region 26 (8 circles):
Circle_Index,Center_X,Center_Y,Radius
0,-3.6292716686e-02,-2.8573958511e-02,2.8963893147e-03
1,-3.8842516233e-02,-3.0104151280e-02,3.0334393906e-03
2,-4.1464530019e-02,-3.1745102126e-02,3.1348183381e-03
3,-4.4134925498e-02,-3.3465263128e-02,3.1997505784e-03
4,-4.6829870126e-02,-3.5233086366e-02,3.2277626488e-03
5,-4.9525531356e-02,-3.7017023921e-02,3.2185975948e-03
6,-5.2198076646e-02,-3.8785527872e-02,3.1721748663e-03
7,-5.4823673448e-02,-4.0507050300e-02,3.0885831777e-03

Region 27 (8 circles):
Circle_Index,Center_X,Center_Y,Radius
0,-5.7378489218e-02,-4.2150043283e-02,2.9681053498e-03
1,-5.9838691411e-02,-4.3682958903e-02,2.8112857488e-03
2,-6.2180447481e-02,-4.5074249239e-02,2.6190695830e-03
3,-6.4379924885e-02,-4.6292366371e-02,2.3930828733e-03
4,-6.6413291075e-02,-4.7305762379e-02,2.1362187301e-03
5,-6.8256713509e-02,-4.8082889343e-02,1.8539560576e-03
6,-6.9886359639e-02,-4.8592199342e-02,1.5575795590e-03
7,-7.1278396922e-02,-4.8802144458e-02,1.2724144992e-03

Region 28 (8 circles):
Circle_Index,Center_X,Center_Y,Radius
0,-7.2408992811e-02,-4.8681176769e-02,1.0554208127e-03
1,-7.3254314763e-02,-4.8197748356e-02,1.0010516836e-03
2,-7.3790530231e-02,-4.7320311299e-02,1.1735326300e-03
3,-7.3993806672e-02,-4.6017317677e-02,2.1794875505e-03
4,-7.4055234641e-02,-4.2977717817e-02,3.1251094566e-03
5,-7.4126354772e-02,-3.9768507366e-02,3.2909766600e-03
6,-7.4204903469e-02,-3.6397467464e-02,3.4490184982e-03
7,-7.4288617138e-02,-3.2872379252e-02,3.5992295213e-03

Region 29 (8 circles):
Circle_Index,Center_X,Center_Y,Radius
0,-7.4375232182e-02,-2.9201023870e-02,3.7416086841e-03
1,-7.4462485007e-02,-2.5391182457e-02,3.8761584656e-03
2,-7.4548112017e-02,-2.1450636154e-02,4.0028842873e-03
3,-7.4629849618e-02,-1.7387166101e-02,4.1217941336e-03
4,-7.4705434213e-02,-1.3208553437e-02,4.2328983141e-03
5,-7.4772602209e-02,-8.9225793026e-03,4.3362093297e-03
6,-7.4829090009e-02,-4.5370248379e-03,4.4317418172e-03
7,-7.4872634019e-02,-5.9671182684e-05,4.5195125570e-03
