Region Metadata for: shape_10.txt
================================================================================

REGION DEFINITION: Circle union (one circle per point)
  Each point gets a circle with radius = average distance to neighbors

Total vertices: 237
Number of regions: 30
Points per region:
  Region 0: 8 points
  Region 1: 8 points
  Region 2: 8 points
  Region 3: 8 points
  Region 4: 8 points
  Region 5: 8 points
  Region 6: 8 points
  Region 7: 8 points
  Region 8: 8 points
  Region 9: 8 points
  Region 10: 8 points
  Region 11: 8 points
  Region 12: 8 points
  Region 13: 8 points
  Region 14: 8 points
  Region 15: 8 points
  Region 16: 8 points
  Region 17: 8 points
  Region 18: 8 points
  Region 19: 8 points
  Region 20: 8 points
  Region 21: 8 points
  Region 22: 8 points
  Region 23: 8 points
  Region 24: 8 points
  Region 25: 8 points
  Region 26: 8 points
  Region 27: 7 points
  Region 28: 7 points
  Region 29: 7 points

REGION SUMMARY:
Region_Index,Num_Points,BBox_Min_X,BBox_Max_X,BBox_Min_Y,BBox_Max_Y,Normal_X,Normal_Y,Tangent_X,Tangent_Y,Fitted_Circle_X,Fitted_Circle_Y,Fitted_Circle_Radius,Local_AoA_Rad,Union_Area,Collection_Area
0,8,-1.3959842953e-01,-1.1655308504e-01,-2.2013927918e-03,1.8285416506e-02,-0.6467891744,0.7626688429,0.7626688429,0.6467891744,1.1543666614e-02,-1.5704780106e-01,2.1648568809e-01,8.67429432e-01,1.63612286e-04,8.24217949e-05
1,8,-1.2037795679e-01,-9.7875756760e-02,1.3867700023e-02,3.1640681787e-02,-0.5828777232,0.8125598808,0.8125598808,0.5828777232,1.4174647441e-01,-3.2648770569e-01,4.3019491305e-01,9.48530564e-01,1.42548274e-04,7.15140958e-05
2,8,-1.0085883404e-01,-8.0392858217e-02,2.7985993122e-02,4.3832261429e-02,-0.5656315775,0.8246580616,0.8246580616,0.5656315775,-3.1769109501e-01,3.6757386183e-01,-4.0214705673e-01,9.69597408e-01,1.16995245e-04,5.82667140e-05
3,8,-8.4405007672e-02,-5.5678937225e-02,3.9133740737e-02,6.3508733306e-02,-0.6216868089,0.7832659265,0.7832659265,0.6216868089,-5.1587764419e-01,6.1136717784e-01,-7.1602650448e-01,8.99901901e-01,2.45080417e-04,1.22204114e-04
4,8,-6.0895093933e-02,-2.7388108024e-02,5.7694269820e-02,8.6691721458e-02,-0.6322807319,0.7747393601,0.7747393601,0.6322807319,2.0059169207e+00,-2.4385123687e+00,3.2413658583e+00,8.86302769e-01,3.37469860e-04,1.68781568e-04
5,8,-3.3115501447e-02,2.6303447429e-03,8.0232683542e-02,1.0976072384e-01,-0.6070457020,0.7946669212,0.7946669212,0.6070457020,4.1154263278e-01,-4.6325781910e-01,7.0290118018e-01,9.18458694e-01,3.69679997e-04,1.85329753e-04
6,8,-2.9266313535e-03,3.2560885642e-02,1.0311736336e-01,1.2912898763e-01,-0.5406990842,0.8412160842,0.8412160842,0.5406990842,1.8697359001e-01,-1.5082222407e-01,3.1809183881e-01,9.99528399e-01,3.35236008e-04,1.68681401e-04
7,8,2.7775596363e-02,6.0665433395e-02,1.2268117191e-01,1.4128721415e-01,-0.3956340507,0.9184082414,0.9184082414,0.3956340507,9.8345194451e-02,7.9716936770e-03,1.3616261158e-01,1.16403820e+00,2.53278636e-04,1.28333195e-04
8,8,5.7005659314e-02,8.5469535821e-02,1.3516736938e-01,1.4375927028e-01,-0.0633679854,0.9979902296,0.9979902296,0.0633679854,7.4953209377e-02,8.7931851867e-02,5.2704593979e-02,1.50738586e+00,1.68459932e-04,8.66951186e-05
9,8,8.2473169665e-02,1.0626674353e-01,1.2501609065e-01,1.4232900651e-01,0.5347390665,0.8450172370,0.8450172370,-0.5347390665,7.5607121185e-02,1.0465755655e-01,3.6140688843e-02,2.13499525e+00,1.52864559e-04,7.94081063e-05
10,8,1.0185967538e-01,1.2050142794e-01,9.9996513607e-02,1.2906696353e-01,0.8856129655,0.4644240253,0.4644240253,-0.8856129655,4.7543894735e-02,8.1786039213e-02,7.2513758428e-02,2.65860852e+00,2.09971757e-04,1.07439711e-04
11,8,1.1390403213e-01,1.2787726866e-01,6.6581596512e-02,1.0407861616e-01,0.9823430703,0.1870884611,0.1870884611,-0.9823430703,-3.3034070189e-02,5.6540228769e-02,1.5706922128e-01,2.95339522e+00,2.96533224e-04,1.50177999e-04
12,8,1.1922875817e-01,1.2945609117e-01,2.8459316811e-02,7.1132458668e-02,0.9998157272,0.0191966566,0.0191966566,-0.9998157272,-1.6166888711e-01,4.4615360238e-02,2.8631491808e-01,3.12239482e+00,3.72468895e-04,1.87728792e-04
13,8,1.1612329482e-01,1.2913824517e-01,-1.0875740219e-02,3.3362221516e-02,0.9957318727,-0.0922932154,-0.0922932154,-0.9957318727,-2.8823736964e-01,4.9401209732e-02,4.1299854176e-01,-3.04916791e+00,4.02438840e-04,2.02444626e-04
14,8,1.0987406531e-01,1.2524849613e-01,-4.7993064449e-02,-5.9295209866e-03,0.9837940837,-0.1793019822,-0.1793019822,-0.9837940837,-3.2857620344e-01,5.4121977042e-02,4.5360811533e-01,-2.96131576e+00,3.70876432e-04,1.86395337e-04
15,8,1.0202965251e-01,1.1787875269e-01,-7.9488687354e-02,-4.3383973590e-02,0.9644926559,-0.2641096678,-0.2641096678,-0.9644926559,-2.2460109935e-01,2.9587262377e-02,3.4676901328e-01,-2.87431196e+00,2.82661938e-04,1.42095465e-04
16,8,9.4774447425e-02,1.0824164587e-01,-1.0049152614e-01,-7.5617533486e-02,0.9244995881,-0.3811830420,-0.3811830420,-0.9244995881,-2.4731503311e-02,-3.7897632069e-02,1.3577087024e-01,-2.75051704e+00,1.50935298e-04,7.65851523e-05
17,8,7.9604936619e-02,9.7322372344e-02,-1.0851911327e-01,-9.8236502593e-02,0.4053347928,-0.9141683137,-0.9141683137,-0.4053347928,8.0242582774e-02,-8.3244938169e-02,2.2778983876e-02,-1.98814135e+00,7.65162274e-05,3.99021195e-05
18,8,5.5354117646e-02,8.2194940488e-02,-1.0961593878e-01,-1.0246896285e-01,-0.0271488326,-0.9996314025,-0.9996314025,0.0271488326,7.2040145370e-02,-6.8460706130e-03,9.9798564898e-02,-1.54364416e+00,1.48544498e-04,7.53603126e-05
19,8,2.7945305138e-02,5.8705047474e-02,-1.0870528853e-01,-9.7373296297e-02,-0.1839286647,-0.9829395944,-0.9829395944,0.1839286647,9.4549173130e-02,1.6925566036e-01,2.7739562565e-01,-1.38581451e+00,1.98623074e-04,9.99194415e-05
20,8,2.7211708587e-03,3.1524054022e-02,-1.0356422786e-01,-9.1283401463e-02,-0.2511782926,-0.9679408377,-0.9679408377,0.2511782926,1.6921271199e-01,4.8909956648e-01,6.0586339873e-01,-1.31689894e+00,1.78689646e-04,8.95570567e-05
21,8,-1.6274963476e-02,5.7821682382e-03,-9.6399596605e-02,-8.6340988441e-02,-0.2696138367,-0.9629685244,-0.9629685244,0.2696138367,-5.3346088518e-01,-1.9726140762e+00,-1.9541528236e+00,-1.29780433e+00,1.06079412e-04,5.30272817e-05
22,8,-3.9906431638e-02,-1.3629303874e-02,-9.0786978629e-02,-7.9274092511e-02,-0.2635855121,-0.9646360339,-0.9646360339,0.2635855121,6.3119613238e-01,2.3231141614e+00,2.4966863865e+00,-1.30405904e+00,1.50159176e-04,7.51279923e-05
23,8,-6.7882847209e-02,-3.6404659385e-02,-8.5115880499e-02,-7.0723572911e-02,-0.2844172111,-0.9587006050,-0.9587006050,0.2844172111,1.9625974289e-01,7.5907099964e-01,8.7328492918e-01,-1.28239785e+00,2.16235975e-04,1.08346322e-04
24,8,-9.6776594517e-02,-6.3925566671e-02,-7.7144509346e-02,-6.0788685406e-02,-0.3278667861,-0.9447239653,-0.9447239653,0.3278667861,8.6462411493e-02,4.1210285233e-01,5.0934588853e-01,-1.23675167e+00,2.40730115e-04,1.20820693e-04
25,8,-1.2317507581e-01,-9.2743816673e-02,-6.6992714320e-02,-4.9553667843e-02,-0.4031888012,-0.9151168180,-0.9151168180,0.4031888012,7.0552683893e-04,1.8931714006e-01,2.7059966675e-01,-1.15579756e+00,2.17176207e-04,1.09305599e-04
26,8,-1.4371473520e-01,-1.1939412751e-01,-5.4797417396e-02,-3.7053716185e-02,-0.5379879999,-0.8429524969,-0.8429524969,0.5379879999,-7.0288471021e-02,5.1193772661e-02,1.1524362219e-01,-1.00274789e+00,1.57790859e-04,7.99829042e-05
27,7,-1.5351319172e-01,-1.4035307708e-01,-4.0753680757e-02,-2.5912126793e-02,-0.7655161805,-0.6434166437,-0.6434166437,0.7655161805,-1.1891985132e-01,-8.5288668021e-03,3.8108575086e-02,-6.98953130e-01,7.79859927e-05,4.03164613e-05
28,7,-1.5424830965e-01,-1.4784633507e-01,-2.7614136968e-02,-1.3248663071e-02,-0.9764157435,0.2158988093,0.2158988093,0.9764157435,-1.3661703667e-01,-2.4085223937e-02,1.5918672630e-02,2.17612255e-01,5.10132125e-05,2.68706667e-05
29,7,-1.5120556718e-01,-1.3576946210e-01,-1.5806034132e-02,1.6789908596e-03,-0.7685716982,0.6397636632,0.6397636632,0.7685716982,-8.7745547721e-02,-5.4260567314e-02,7.3510954587e-02,6.94190725e-01,1.03456171e-04,5.27277974e-05

DETAILED CIRCLE DATA:

Region 0 (8 circles):
Circle_Index,Center_X,Center_Y,Radius
0,-1.3657960433e-01,8.1743241083e-04,3.0188252026e-03
1,-1.3435051944e-01,2.9021207006e-03,3.0793883512e-03
2,-1.3204164331e-01,4.9808489282e-03,3.1281918331e-03
3,-1.2966554911e-01,7.0482730284e-03,3.1649463166e-03
4,-1.2723480999e-01,9.0990489362e-03,3.1894172062e-03
5,-1.2476199911e-01,1.1127832587e-02,3.2014125470e-03
6,-1.2225968962e-01,1.3129279915e-02,3.2007739407e-03
7,-1.1974045469e-01,1.5098046855e-02,3.1873696510e-03

Region 1 (8 circles):
Circle_Index,Center_X,Center_Y,Radius
0,-1.1721686747e-01,1.7028789343e-02,3.1610893199e-03
1,-1.1470150111e-01,1.8916163313e-02,3.1218398802e-03
2,-1.1220692877e-01,2.0754824700e-02,3.0695423659e-03
3,-1.0974572362e-01,2.2539429440e-02,3.0041294054e-03
4,-1.0733045880e-01,2.4264633467e-02,2.9255432380e-03
5,-1.0497370747e-01,2.5925092716e-02,2.8337341384e-03
6,-1.0268804280e-01,2.7515463122e-02,2.7286591642e-03
7,-1.0048603793e-01,2.9030400621e-02,2.6102811663e-03

Region 2 (8 circles):
Circle_Index,Center_X,Center_Y,Radius
0,-9.8380266020e-02,3.0464561146e-02,2.4785680240e-03
1,-9.6383300234e-02,3.1812600633e-02,2.3334920858e-03
2,-9.4507713726e-02,3.3069175017e-02,2.1750298268e-03
3,-9.2766079651e-02,3.4228940233e-02,2.0031617782e-03
4,-9.1170971167e-02,3.5286552216e-02,2.4066734692e-03
5,-8.8769590851e-02,3.6911456874e-02,2.9780366816e-03
6,-8.6268922327e-02,3.8669143956e-02,3.1320562612e-03
7,-8.3672584440e-02,4.0552535207e-02,3.2797262224e-03

Region 3 (8 circles):
Circle_Index,Center_X,Center_Y,Radius
0,-8.0984196034e-02,4.2554552374e-02,3.4208116373e-03
1,-7.8207375956e-02,4.4668117204e-02,3.5551327275e-03
2,-7.5345743050e-02,4.6886151441e-02,3.6825509823e-03
3,-7.2402916160e-02,4.9201576833e-02,3.8029593426e-03
4,-6.9382514131e-02,5.1607315126e-02,3.9162751542e-03
5,-6.6288155809e-02,5.4096288066e-02,4.0224350471e-03
6,-6.3123460037e-02,5.6661417398e-02,4.1213911756e-03
7,-5.9892045662e-02,5.9295624869e-02,4.2131084365e-03

Region 4 (8 circles):
Circle_Index,Center_X,Center_Y,Radius
0,-5.6597531527e-02,6.1991832226e-02,4.2975624059e-03
1,-5.3243536478e-02,6.4742961214e-02,4.3747378091e-03
2,-4.9833679359e-02,6.7541933580e-02,4.4446273983e-03
3,-4.6371579016e-02,7.0381671070e-02,4.5072311452e-03
4,-4.2860854292e-02,7.3255095430e-02,4.5625556858e-03
5,-3.9305124034e-02,7.6155128405e-02,4.6106139712e-03
6,-3.5708007085e-02,7.9074691744e-02,4.6514250940e-03
7,-3.2073122291e-02,8.2006707190e-02,4.6850142678e-03

Region 5 (8 circles):
Circle_Index,Center_X,Center_Y,Radius
0,-2.8404088497e-02,8.4944096492e-02,4.7114129496e-03
1,-2.4704524547e-02,8.7879781394e-02,4.7306590967e-03
2,-2.0978049286e-02,9.0806683643e-02,4.7427975605e-03
3,-1.7228281559e-02,9.3717724986e-02,4.7478806199e-03
4,-1.3458840211e-02,9.6605827168e-02,4.7459686678e-03
5,-9.6733440869e-03,9.9463911936e-02,4.7371310632e-03
6,-5.8754120312e-03,1.0228490103e-01,4.7214471735e-03
7,-2.0686628889e-03,1.0506171621e-01,4.6990076319e-03

Region 6 (8 circles):
Circle_Index,Center_X,Center_Y,Radius
0,1.7432844951e-03,1.0778727921e-01,4.6699158486e-03
1,5.5568112760e-03,1.1045451178e-01,4.6342898171e-03
2,9.3682986090e-03,1.1305633567e-01,4.5922642720e-03
3,1.3174127649e-02,1.1558567262e-01,4.5439932641e-03
4,1.6970679552e-02,1.1803544438e-01,4.4896532359e-03
5,2.0754335472e-02,1.2039857270e-01,4.4294466952e-03
6,2.4521476565e-02,1.2266797931e-01,4.3636066083e-03
7,2.8268483985e-02,1.2483658598e-01,4.2924016565e-03

Region 7 (8 circles):
Circle_Index,Center_X,Center_Y,Radius
0,3.1991738889e-02,1.2689731443e-01,4.2161425256e-03
1,3.5687622431e-02,1.2884308643e-01,4.1351894303e-03
2,3.9352515766e-02,1.3066682371e-01,4.0499610987e-03
3,4.2982800049e-02,1.3236144802e-01,3.9609454692e-03
4,4.6574856436e-02,1.3391988112e-01,3.8687123590e-03
5,5.0125066082e-02,1.3533504473e-01,3.7739283435e-03
6,5.3629810142e-02,1.3659986062e-01,3.6773740149e-03
7,5.7085469771e-02,1.3770725052e-01,3.5799636246e-03

Region 8 (8 circles):
Circle_Index,Center_X,Center_Y,Radius
0,6.0488426124e-02,1.3865013619e-01,3.4827668099e-03
1,6.3835060356e-02,1.3942143937e-01,3.3870315823e-03
2,6.7121753623e-02,1.4001408180e-01,3.2942069326e-03
3,7.0344887080e-02,1.4042098523e-01,3.2059622117e-03
4,7.3500841881e-02,1.4063507141e-01,3.1241988700e-03
5,7.6585999183e-02,1.4064926209e-01,3.0510483511e-03
6,7.9596740140e-02,1.4045647900e-01,2.9888484238e-03
7,8.2529445907e-02,1.4004964390e-01,2.9400899140e-03

Region 9 (8 circles):
Circle_Index,Center_X,Center_Y,Radius
0,8.5380497639e-02,1.3942167853e-01,2.9073279747e-03
1,8.8146276493e-02,1.3856550464e-01,2.8930578738e-03
2,9.0823163621e-02,1.3747404398e-01,2.8995648255e-03
3,9.3407540181e-02,1.3614021828e-01,2.9287683554e-03
4,9.5895787327e-02,1.3455694931e-01,3.0502137233e-03
5,9.8404645824e-02,1.3265024883e-01,3.1627692002e-03
6,1.0078193482e-01,1.3054665514e-01,3.1930928159e-03
7,1.0303004004e-01,1.2825279414e-01,3.2367034940e-03

Region 10 (8 circles):
Circle_Index,Center_X,Center_Y,Radius
0,1.0515134719e-01,1.2577529173e-01,3.2916718085e-03
1,1.0714824199e-01,1.2312077379e-01,3.3561084110e-03
2,1.0902311014e-01,1.2029586622e-01,3.4282182780e-03
3,1.1077833737e-01,1.1730719491e-01,3.5063362774e-03
4,1.1241630940e-01,1.1416138577e-01,3.5889463482e-03
5,1.1393941192e-01,1.1086506467e-01,3.6746878257e-03
6,1.1535003066e-01,1.0742485752e-01,3.7623526309e-03
7,1.1665055134e-01,1.0384739021e-01,3.8508765993e-03

Region 11 (8 circles):
Circle_Index,Center_X,Center_Y,Radius
0,1.1784335966e-01,1.0013928862e-01,3.9393275314e-03
1,1.1893084135e-01,9.6307178669e-02,4.0268918282e-03
2,1.1991538211e-01,9.2357686233e-02,4.1128609584e-03
3,1.2079936766e-01,8.8297437210e-02,4.1966185234e-03
4,1.2158518372e-01,8.4133057493e-02,4.2776283411e-03
5,1.2227521599e-01,7.9871172977e-02,4.3554237399e-03
6,1.2287185020e-01,7.5518409554e-02,4.4295981013e-03
7,1.2337747205e-01,7.1081393120e-02,4.4997966081e-03

Region 12 (8 circles):
Circle_Index,Center_X,Center_Y,Radius
0,1.2379446727e-01,6.6566749566e-02,4.5657091019e-03
1,1.2412522156e-01,6.1981104787e-02,4.6270639385e-03
2,1.2437212065e-01,5.7331084677e-02,4.6836227204e-03
3,1.2453755023e-01,5.2623315129e-02,4.7351757926e-03
4,1.2462389604e-01,4.7864422036e-02,4.7815383964e-03
5,1.2463354378e-01,4.3061031294e-02,4.8225473869e-03
6,1.2456887917e-01,3.8219768794e-02,4.8580584317e-03
7,1.2443228793e-01,3.3347260431e-02,4.8879436194e-03

Region 13 (8 circles):
Circle_Index,Center_X,Center_Y,Radius
0,1.2422615576e-01,2.8450132098e-02,4.9120894174e-03
1,1.2395286838e-01,2.3535009690e-02,4.9303949275e-03
2,1.2361481150e-01,1.8608519099e-02,4.9427703941e-03
3,1.2321437085e-01,1.3677286220e-02,4.9491359310e-03
4,1.2275393213e-01,8.7479369454e-03,4.9494204331e-03
5,1.2223588106e-01,3.8270971698e-03,4.9435606506e-03
6,1.2166260335e-01,-1.0786072135e-03,4.9315004016e-03
7,1.2103648472e-01,-5.9625503109e-03,4.9131899084e-03

Region 14 (8 circles):
Circle_Index,Center_X,Center_Y,Radius
0,1.2035991089e-01,-1.0818106229e-02,4.8885852420e-03
1,1.1963526755e-01,-1.5638649073e-02,4.8576478651e-03
2,1.1886494044e-01,-2.0417552951e-02,4.8203442648e-03
3,1.1805131527e-01,-2.5148191968e-02,4.7766456696e-03
4,1.1719677774e-01,-2.9823940230e-02,4.7265278480e-03
5,1.1630371358e-01,-3.4438171845e-02,4.6699709890e-03
6,1.1537450849e-01,-3.8984260918e-02,4.6069596664e-03
7,1.1441154820e-01,-4.3455581556e-02,4.5374828928e-03

Region 15 (8 circles):
Circle_Index,Center_X,Center_Y,Radius
0,1.1341721841e-01,-4.7845507866e-02,4.4615342754e-03
1,1.1239390485e-01,-5.2147413952e-02,4.3791122867e-03
2,1.1134399322e-01,-5.6354673923e-02,4.2902206738e-03
3,1.1026986924e-01,-6.0460661884e-02,4.1948690360e-03
4,1.0917391862e-01,-6.4458751941e-02,4.0930736152e-03
5,1.0805852709e-01,-6.8342318202e-02,3.9848583568e-03
6,1.0692608034e-01,-7.2104734771e-02,3.8702563263e-03
7,1.0577896411e-01,-7.5739375757e-02,3.7493115973e-03

Region 16 (8 circles):
Circle_Index,Center_X,Center_Y,Radius
0,1.0461956409e-01,-7.9239615264e-02,3.6220817781e-03
1,1.0345026601e-01,-8.2598827399e-02,3.4886414147e-03
2,1.0227345558e-01,-8.5810386269e-02,3.3490866203e-03
3,1.0109151852e-01,-8.8867665980e-02,3.2035414479e-03
4,9.9906840536e-02,-9.1764040639e-02,3.0521667846e-03
5,9.8721807345e-02,-9.4492884351e-02,2.8951729660e-03
6,9.7538804662e-02,-9.7047571223e-02,2.3317198618e-03
7,9.6616722009e-02,-9.8649251560e-02,1.8422745843e-03

Region 17 (8 circles):
Circle_Index,Center_X,Center_Y,Radius
0,9.5472919203e-02,-1.0008595573e-01,1.8494531406e-03
1,9.4117603463e-02,-1.0136345703e-01,1.8912748854e-03
2,9.2560982006e-02,-1.0248752873e-01,1.9610155433e-03
3,9.0813262051e-02,-1.0346394412e-01,2.0517008453e-03
4,8.8884650815e-02,-1.0429847649e-01,2.1569260167e-03
5,8.6785355516e-02,-1.0499689912e-01,2.2712557534e-03
6,8.4525583374e-02,-1.0556498529e-01,2.3902985646e-03
7,8.2115541605e-02,-1.0600850829e-01,2.5106049863e-03

Region 18 (8 circles):
Circle_Index,Center_X,Center_Y,Radius
0,7.9565437428e-02,-1.0633324140e-01,2.6295030600e-03
1,7.6885478061e-02,-1.0654495791e-01,2.7449325645e-03
2,7.4085870723e-02,-1.0664943111e-01,2.8553028106e-03
3,7.1176822630e-02,-1.0665243427e-01,2.9593795035e-03
4,6.8168541001e-02,-1.0655974068e-01,3.0561980919e-03
5,6.5071233055e-02,-1.0637712364e-01,3.1449986238e-03
6,6.1895106010e-02,-1.0611035641e-01,3.2251771394e-03
7,5.8650367082e-02,-1.0576521228e-01,3.2962494367e-03

Region 19 (8 circles):
Circle_Index,Center_X,Center_Y,Radius
0,5.5347223492e-02,-1.0534746455e-01,3.3578239819e-03
1,5.1995882456e-02,-1.0486288649e-01,3.4095815471e-03
2,4.8606551192e-02,-1.0431725140e-01,3.4512598041e-03
3,4.5189436920e-02,-1.0371633254e-01,3.4826415803e-03
4,4.1754746856e-02,-1.0306590322e-01,3.5035458386e-03
5,3.8312688220e-02,-1.0237173671e-01,3.5138206961e-03
6,3.4873468228e-02,-1.0163960629e-01,3.5133379812e-03
7,3.1447294100e-02,-1.0087528526e-01,3.5019889615e-03

Region 20 (8 circles):
Circle_Index,Center_X,Center_Y,Radius
0,2.8044373052e-02,-1.0008454689e-01,3.4796809697e-03
1,2.4674912305e-02,-9.9273164481e-02,3.4463347274e-03
2,2.1349119074e-02,-9.8446911303e-02,3.4018822152e-03
3,1.8077200579e-02,-9.7611560647e-02,3.3462649788e-03
4,1.4869364038e-02,-9.6772885796e-02,3.2794327886e-03
5,1.1735816668e-02,-9.5936660035e-02,3.2013425970e-03
6,8.6867656881e-03,-9.5108656648e-02,3.1119577525e-03
7,5.7324183160e-03,-9.4294648921e-02,3.0112474573e-03

Region 21 (8 circles):
Circle_Index,Center_X,Center_Y,Radius
0,2.8829817698e-03,-9.3500410137e-02,2.8991864685e-03
1,1.4866326754e-04,-9.2731713581e-02,2.7757550777e-03
2,-2.4603299726e-03,-9.1994332539e-02,2.6409394442e-03
3,-4.9337907326e-03,-9.1294040293e-02,2.4947324276e-03
4,-7.2615117943e-03,-9.0636610130e-02,2.3371351959e-03
5,-9.4332859397e-03,-9.0027815334e-02,2.1681601352e-03
6,-1.1438905951e-02,-8.9473429189e-02,2.2543296901e-03
7,-1.3781217265e-02,-8.8834734652e-02,2.4937462107e-03

Region 22 (8 circles):
Circle_Index,Center_X,Center_Y,Radius
0,-1.6251618592e-02,-8.8164663911e-02,2.6223147183e-03
1,-1.8843396444e-02,-8.7463429748e-02,2.7443492758e-03
2,-2.1549837336e-02,-8.6731244947e-02,2.8598482065e-03
3,-2.4364227780e-02,-8.5968322291e-02,2.9688125412e-03
4,-2.7279854291e-02,-8.5174874564e-02,3.0712455272e-03
5,-3.0290003383e-02,-8.4351114549e-02,3.1671523125e-03
6,-3.3387961568e-02,-8.3497255029e-02,3.2565397484e-03
7,-3.6567015360e-02,-8.2613508789e-02,3.3394162779e-03

Region 23 (8 circles):
Circle_Index,Center_X,Center_Y,Radius
0,-3.9820451273e-02,-8.1700088611e-02,3.4157918884e-03
1,-4.3141555821e-02,-8.0757207279e-02,3.4856781135e-03
2,-4.6523615518e-02,-7.9785077576e-02,3.5490880785e-03
3,-4.9959916876e-02,-7.8783912285e-02,3.6060365811e-03
4,-5.3443746410e-02,-7.7753924191e-02,3.6565402089e-03
5,-5.6968390633e-02,-7.6695326077e-02,3.7006174910e-03
6,-6.0527136058e-02,-7.5608330725e-02,3.7382890857e-03
7,-6.4113269201e-02,-7.4493150920e-02,3.7695780083e-03

Region 24 (8 circles):
Circle_Index,Center_X,Center_Y,Radius
0,-6.7720076573e-02,-7.3349999444e-02,3.7945099019e-03
1,-7.1340844689e-02,-7.2179089082e-02,3.8131133587e-03
2,-7.4968860062e-02,-7.0980632616e-02,3.8254202986e-03
3,-7.8597409206e-02,-6.9754842831e-02,3.8314664142e-03
4,-8.2219778635e-02,-6.8501932509e-02,3.8312916967e-03
5,-8.5829254862e-02,-6.7222114434e-02,3.8249410550e-03
6,-8.9419124401e-02,-6.5915601389e-02,3.8124650479e-03
7,-9.2982673765e-02,-6.4582606158e-02,3.7939207521e-03

Region 25 (8 circles):
Circle_Index,Center_X,Center_Y,Radius
0,-9.6513189469e-02,-6.3223341524e-02,3.7693727954e-03
1,-1.0000395802e-01,-6.1838020271e-02,3.7388945883e-03
2,-1.0344826595e-01,-6.0426855182e-02,3.7025698009e-03
3,-1.0683939975e-01,-5.8990059040e-02,3.6604941379e-03
4,-1.1017064595e-01,-5.7527844630e-02,3.6127774830e-03
5,-1.1343529105e-01,-5.6040424733e-02,3.5595464981e-03
6,-1.1662662157e-01,-5.4528012135e-02,3.5009477890e-03
7,-1.1973792403e-01,-5.2990819617e-02,3.4371517739e-03

Region 26 (8 circles):
Circle_Index,Center_X,Center_Y,Radius
0,-1.2276248494e-01,-5.1429059964e-02,3.3683574322e-03
1,-1.2569359081e-01,-4.9842945959e-02,3.2947981514e-03
2,-1.2852452815e-01,-4.8232690386e-02,3.2167489512e-03
3,-1.3124858348e-01,-4.6598506027e-02,3.1345354275e-03
4,-1.3385904332e-01,-4.4940605667e-02,3.0485448408e-03
5,-1.3634919417e-01,-4.3259202089e-02,2.9592398588e-03
6,-1.3871232255e-01,-4.1554508075e-02,2.8671755434e-03
7,-1.4094171498e-01,-3.9826736411e-02,2.7730202254e-03

Region 27 (7 circles):
Circle_Index,Center_X,Center_Y,Radius
0,-1.4303065796e-01,-3.8076099878e-02,2.6775808789e-03
1,-1.4497243801e-01,-3.6302811260e-02,2.5818334088e-03
2,-1.4676034165e-01,-3.4507083342e-02,2.4869577297e-03
3,-1.4838765539e-01,-3.2689128906e-02,2.3943764064e-03
4,-1.4984766573e-01,-3.0849160735e-02,2.3057935980e-03
5,-1.5113365921e-01,-2.8987391614e-02,1.9507868977e-03
6,-1.5189118334e-01,-2.7534135174e-02,1.6220083812e-03

Region 28 (7 circles):
Circle_Index,Center_X,Center_Y,Radius
0,-1.5236774574e-01,-2.6001333757e-02,1.6128032118e-03
1,-1.5257591955e-01,-2.4394331425e-02,1.6484830266e-03
2,-1.5252827793e-01,-2.2718472246e-02,1.7200317232e-03
3,-1.5223739405e-01,-2.0979100283e-02,1.8176014749e-03
4,-1.5171584105e-01,-1.9181559601e-02,1.9321977952e-03
5,-1.5097619209e-01,-1.7331194266e-02,2.0564505867e-03
6,-1.5003102034e-01,-1.5433348343e-02,2.1846852723e-03

Region 29 (7 circles):
Circle_Index,Center_X,Center_Y,Radius
0,-1.4889289894e-01,-1.3493365897e-02,2.3126682350e-03
1,-1.4757440106e-01,-1.1516590993e-02,2.4372785762e-03
2,-1.4608809984e-01,-9.5083676956e-03,2.5562162600e-03
3,-1.4444656846e-01,-7.4740400702e-03,2.6677752859e-03
4,-1.4266238006e-01,-5.4189521818e-03,2.7706775852e-03
5,-1.4074810780e-01,-3.3484480954e-03,2.8639544715e-03
6,-1.3871632484e-01,-1.2678718762e-03,2.9468627359e-03
