Region Metadata for: shape_8.txt
================================================================================

REGION DEFINITION: Circle union (one circle per point)
  Each point gets a circle with radius = average distance to neighbors

Total vertices: 259
Number of regions: 30
Points per region:
  Region 0: 9 points
  Region 1: 9 points
  Region 2: 9 points
  Region 3: 9 points
  Region 4: 9 points
  Region 5: 9 points
  Region 6: 9 points
  Region 7: 9 points
  Region 8: 9 points
  Region 9: 9 points
  Region 10: 9 points
  Region 11: 9 points
  Region 12: 9 points
  Region 13: 9 points
  Region 14: 9 points
  Region 15: 9 points
  Region 16: 9 points
  Region 17: 9 points
  Region 18: 9 points
  Region 19: 8 points
  Region 20: 8 points
  Region 21: 8 points
  Region 22: 8 points
  Region 23: 8 points
  Region 24: 8 points
  Region 25: 8 points
  Region 26: 8 points
  Region 27: 8 points
  Region 28: 8 points
  Region 29: 8 points

REGION SUMMARY:
Region_Index,Num_Points,BBox_Min_X,BBox_Max_X,BBox_Min_Y,BBox_Max_Y,Normal_X,Normal_Y,Tangent_X,Tangent_Y,Fitted_Circle_X,Fitted_Circle_Y,Fitted_Circle_Radius,Local_AoA_Rad,Union_Area,Collection_Area
0,9,-1.5595152406e-01,-1.4010765637e-01,-3.3782358955e-03,2.8485321980e-02,-0.9394846100,-0.3425911084,-0.3425911084,0.9394846100,7.9775131186e-03,6.9846187807e-02,1.6684488587e-01,-3.49673526e-01,2.07582951e-04,1.04837508e-04
1,9,-1.5849681141e-01,-1.5050362307e-01,2.5285657362e-02,5.2335946059e-02,-0.9947042296,-0.1027788675,-0.1027788675,0.9947042296,-8.4983559356e-02,4.6621076370e-02,7.0945395306e-02,-1.02960684e-01,1.38168525e-04,7.03971383e-05
2,9,-1.5780853553e-01,-1.4642431578e-01,5.0009739806e-02,6.7911392957e-02,-0.8851092011,0.4653833926,0.4653833926,0.8851092011,-1.3549915023e-01,5.0685889672e-02,2.0046060646e-02,4.84067720e-01,7.48535854e-05,3.91549858e-05
3,9,-1.4899851801e-01,-1.2253378843e-01,6.4777379690e-02,7.8462351018e-02,-0.3671051110,0.9301794652,0.9301794652,0.3671051110,-1.0334185697e-01,-1.2371380421e-02,9.0523008758e-02,1.19490141e+00,1.46403223e-04,7.44329863e-05
4,9,-1.2573013733e-01,-9.2616344705e-02,7.3030794443e-02,8.3891516539e-02,-0.1561162352,0.9877386907,0.9877386907,0.1561162352,-8.1358049658e-02,-1.0016331404e-01,1.8109493911e-01,1.41403888e+00,2.07025874e-04,1.04439369e-04
5,9,-9.6206413122e-02,-5.8559401109e-02,7.7027100981e-02,8.5292527799e-02,-0.0240502419,0.9997107511,0.9997107511,0.0240502419,-6.9934738990e-02,-2.4136300585e-01,3.2279658736e-01,1.54674377e+00,2.61994023e-04,1.31741327e-04
6,9,-6.2488938833e-02,-2.2231121841e-02,7.5131904405e-02,8.5202828076e-02,0.0627645793,0.9980283601,0.9980283601,-0.0627645793,-7.4336107871e-02,-4.2500306554e-01,5.0651229797e-01,1.63360219e+00,3.00085587e-04,1.50678513e-04
7,9,-2.6355413968e-02,1.4526497223e-02,7.0668103061e-02,8.2948505822e-02,0.1237375112,0.9923149844,0.9923149844,-0.1237375112,-9.3346571661e-02,-6.2371071125e-01,7.0613967099e-01,1.69485179e+00,3.12280853e-04,1.56630424e-04
8,9,1.0392907467e-02,4.9882097463e-02,6.4848916796e-02,7.8238543951e-02,0.1695049323,0.9855293390,0.9855293390,-0.1695049323,-1.1813565257e-01,-7.9093191968e-01,8.7519408604e-01,1.74112364e+00,2.94633930e-04,1.47727271e-04
9,9,4.5945080205e-02,8.2009159997e-02,5.8469733714e-02,7.1852756947e-02,0.2064750579,0.9784518641,0.9784518641,-0.2064750579,-1.3083842448e-01,-8.5914928522e-01,9.4458442317e-01,1.77876734e+00,2.48813881e-04,1.24615444e-04
10,9,7.8485692852e-02,1.0834610972e-01,5.2970247427e-02,6.4575425424e-02,0.2395522838,0.9708834654,0.9708834654,-0.2395522838,-1.0527510862e-01,-7.5004308450e-01,8.3252267151e-01,1.81270101e+00,1.74542977e-04,8.76097070e-05
11,9,1.0619225141e-01,1.1557369311e-01,4.4248060713e-02,5.6030290374e-02,0.8085218949,0.5884660954,0.5884660954,-0.8085218949,1.0115521798e-01,4.3581705861e-02,1.2899194472e-02,2.51243230e+00,3.76895437e-05,1.97741442e-05
12,9,1.1261015413e-01,1.1781658520e-01,2.6505816448e-02,4.5997458493e-02,0.9962965722,0.0859833721,0.0859833721,-0.9962965722,4.4142170745e-02,3.0575222474e-02,7.1551617432e-02,3.05550298e+00,7.11103904e-05,3.60350016e-05
13,9,1.1297656667e-01,1.1781085780e-01,7.8362311894e-03,2.8636451596e-02,0.9989958082,-0.0448037401,-0.0448037401,-0.9989958082,-3.3384044474e-01,3.8861224648e-02,4.4969166383e-01,-3.09677391e+00,8.00959411e-05,4.01461116e-05
14,9,1.1293496185e-01,1.1670246328e-01,-6.6057086506e-03,9.7482296959e-03,0.9999258847,0.0121747744,0.0121747744,-0.9999258847,1.8774003098e-01,2.0858850877e-03,-7.3121428177e-02,3.12941758e+00,4.97905975e-05,2.46818696e-05
15,9,1.1341036309e-01,1.2031972735e-01,-2.5657670386e-02,-4.8682389204e-03,0.9863251257,0.1648112447,0.1648112447,-0.9863251257,5.6855111766e-01,6.1264246520e-02,-4.5843228972e-01,2.97602602e+00,8.22711024e-05,4.10493661e-05
16,9,1.1601003697e-01,1.2332914434e-01,-4.6748727912e-02,-2.3266847296e-02,0.9901529907,0.1399894818,0.1399894818,-0.9901529907,-1.1756308708e-01,-6.8902536953e-02,2.3986779352e-01,3.00114186e+00,1.03469076e-04,5.19916500e-05
17,9,1.1880335111e-01,1.2354736878e-01,-6.3887455608e-02,-4.4482772324e-02,0.9986693070,-0.0515714575,-0.0515714575,-0.9986693070,7.0461866693e-02,-5.2164430801e-02,5.1018649628e-02,-3.08999831e+00,7.09509969e-05,3.61346206e-05
18,9,1.0890883123e-01,1.2149495252e-01,-7.3448548606e-02,-6.2242099850e-02,0.6428287962,-0.7660098817,-0.7660098817,-0.6428287962,1.1047112217e-01,-6.1167637828e-02,9.8192825885e-03,-2.26898179e+00,4.93434358e-05,2.57289967e-05
19,8,8.6694552831e-02,1.1149753244e-01,-7.8415247123e-02,-6.9036103861e-02,0.1938895266,-0.9810233695,-0.9810233695,-0.1938895266,5.2132108719e-02,1.6590715927e-01,2.4420069050e-01,-1.76592170e+00,1.29856317e-04,6.52594248e-05
20,8,6.0572232061e-02,8.9787135796e-02,-8.1969839712e-02,-7.2767888743e-02,0.1176797893,-0.9930515934,-0.9930515934,-0.1176797893,2.9191410715e-02,3.1289988040e-01,3.9298711081e-01,-1.68874944e+00,1.76402492e-04,8.85819152e-05
21,8,3.1943552362e-02,6.4028577017e-02,-8.3917744033e-02,-7.5378575100e-02,0.0566559697,-0.9983937605,-0.9983937605,-0.0566559697,2.0157864991e-02,4.1304979869e-01,4.9354926548e-01,-1.62748265e+00,2.10854581e-04,1.05795519e-04
22,8,2.2045223448e-03,3.5612628906e-02,-8.4235196343e-02,-7.6608486829e-02,-0.0008608494,-0.9999996295,-0.9999996295,0.0008608494,1.9358620570e-02,4.2739981007e-01,5.0791687842e-01,-1.56993548e+00,2.27944760e-04,1.14371897e-04
23,8,-2.7252573167e-02,5.9352284098e-03,-8.3953572170e-02,-7.4956077860e-02,-0.0628717718,-0.9980216131,-0.9980216131,0.0628717718,1.6984610969e-02,3.6087987377e-01,4.4135110133e-01,-1.50788306e+00,2.25627491e-04,1.13260462e-04
24,8,-5.5040394849e-02,-2.3603958174e-02,-8.1864696637e-02,-7.1444783822e-02,-0.1377609372,-0.9904655088,-0.9904655088,0.1377609372,5.7824132317e-03,2.4911525103e-01,3.2901596758e-01,-1.43259589e+00,2.04982271e-04,1.03049306e-04
25,8,-7.9781503070e-02,-5.1599957916e-02,-7.7592804772e-02,-6.5867690144e-02,-0.2376219426,-0.9713577160,-0.9713577160,0.2376219426,-1.5873591619e-02,1.3319885815e-01,2.1107364859e-01,-1.33087939e+00,1.69952995e-04,8.56056396e-05
26,8,-9.9918681718e-02,-7.6636819651e-02,-7.0969493537e-02,-5.8197658734e-02,-0.3826025458,-0.9239130327,-0.9239130327,0.3826025458,-4.4402781125e-02,4.2717298713e-02,1.1616463244e-01,-1.17818479e+00,1.25715709e-04,6.36095604e-05
27,8,-1.1586790818e-01,-9.7219033691e-02,-6.1696055659e-02,-4.4971291668e-02,-0.6511996140,-0.7589064914,-0.7589064914,0.6511996140,-6.2694221124e-02,-3.3017967448e-03,6.7162213051e-02,-8.61632246e-01,1.09129376e-04,5.55677521e-05
28,8,-1.3190578644e-01,-1.1194716768e-01,-4.8676145794e-02,-2.4157368271e-02,-0.8007150680,-0.5990453905,-0.5990453905,0.8007150680,5.0802405273e-03,5.8080636164e-02,1.5866482785e-01,-6.42308380e-01,1.72623048e-04,8.70984163e-05
29,8,-1.4566265689e-01,-1.2687395432e-01,-2.8135300933e-02,4.6147427425e-04,-0.8776191169,-0.4793586190,-0.4793586190,0.8776191169,5.0340933858e-02,8.8029794253e-02,2.1294591171e-01,-4.99923747e-01,2.04258563e-04,1.03057729e-04

DETAILED CIRCLE DATA:

Region 0 (9 circles):
Circle_Index,Center_X,Center_Y,Radius
0,-1.4361518890e-01,1.2929663580e-04,3.5075325313e-03
1,-1.4502858987e-01,3.3282430645e-03,3.4837591869e-03
2,-1.4637425793e-01,6.5269519679e-03,3.4534908492e-03
3,-1.4764833458e-01,9.7188051360e-03,3.4168116774e-03
4,-1.4884696133e-01,1.2897184359e-02,3.3738248501e-03
5,-1.4996627971e-01,1.6055471426e-02,3.3246555927e-03
6,-1.5100243122e-01,1.9187048127e-02,3.2694550247e-03
7,-1.5195155737e-01,2.2285296252e-02,3.2084050264e-03
8,-1.5280979967e-01,2.5343597592e-02,3.1417243874e-03

Region 1 (9 circles):
Circle_Index,Center_X,Center_Y,Radius
0,-1.5357329964e-01,2.8355333936e-02,3.0696765744e-03
1,-1.5423819879e-01,3.1313887074e-02,2.9925795547e-03
2,-1.5480063863e-01,3.4212638795e-02,2.9108182299e-03
3,-1.5525676067e-01,3.7044970891e-02,2.8248601745e-03
4,-1.5560270642e-01,3.9804265150e-02,2.7352755297e-03
5,-1.5583461740e-01,4.2483903363e-02,2.6427620414e-03
6,-1.5594863511e-01,4.5077267319e-02,2.5481763007e-03
7,-1.5594090107e-01,4.7577738809e-02,2.4525721210e-03
8,-1.5580755679e-01,4.9978699622e-02,2.3572464367e-03

Region 2 (9 circles):
Circle_Index,Center_X,Center_Y,Radius
0,-1.5554474379e-01,5.2273531548e-02,2.2637917418e-03
1,-1.5514860356e-01,5.4455616378e-02,2.1741512960e-03
2,-1.5461527763e-01,5.6518335900e-02,2.0906683756e-03
3,-1.5394090751e-01,5.8455071906e-02,2.0161132784e-03
4,-1.5312163471e-01,6.0259206184e-02,1.9536625441e-03
5,-1.5215360074e-01,6.1924120525e-02,1.9067981055e-03
6,-1.5103294710e-01,6.3443196719e-02,1.8790987224e-03
7,-1.4975581533e-01,6.4809816555e-02,1.8739227219e-03
8,-1.4831834691e-01,6.6017361824e-02,1.8940311322e-03

Region 3 (9 circles):
Circle_Index,Center_X,Center_Y,Radius
0,-1.4671668338e-01,6.7059214316e-02,2.2818346259e-03
1,-1.4438435101e-01,6.8323516572e-02,2.6789503783e-03
2,-1.4195941399e-01,6.9521993304e-02,2.7318507665e-03
3,-1.3944436995e-01,7.0655727716e-02,2.7864079142e-03
4,-1.3684171655e-01,7.1725803011e-02,2.8422187591e-03
5,-1.3415395144e-01,7.2733302394e-02,2.8989168717e-03
6,-1.3138357227e-01,7.3679309068e-02,2.9561703616e-03
7,-1.2853307669e-01,7.4564906239e-02,3.0136794524e-03
8,-1.2560496234e-01,7.5391177110e-02,3.0711739084e-03

Region 4 (9 circles):
Circle_Index,Center_X,Center_Y,Radius
0,-1.2260172688e-01,7.6159204885e-02,3.1284104422e-03
1,-1.1952586796e-01,7.6870072768e-02,3.1851701930e-03
2,-1.1637988323e-01,7.7524863964e-02,3.2412563329e-03
3,-1.1316627033e-01,7.8124661677e-02,3.2964918355e-03
4,-1.0988752691e-01,7.8670549110e-02,3.3507174220e-03
5,-1.0654615064e-01,7.9163609469e-02,3.4037896907e-03
6,-1.0314463914e-01,7.9604925956e-02,3.4555794262e-03
7,-9.9685490084e-02,7.9995581776e-02,3.5059700788e-03
8,-9.6171201110e-02,8.0336660134e-02,3.5548564048e-03

Region 5 (9 circles):
Circle_Index,Center_X,Center_Y,Radius
0,-9.2604269870e-02,8.0629244234e-02,3.6021432525e-03
1,-8.8987194013e-02,8.0874417279e-02,3.6477444819e-03
2,-8.5322471190e-02,8.1073262473e-02,3.6915820055e-03
3,-8.1612599050e-02,8.1226863022e-02,3.7335849358e-03
4,-7.7860075243e-02,8.1336302128e-02,3.7736888294e-03
5,-7.4067397418e-02,8.1402662997e-02,3.8118350168e-03
6,-7.0237063225e-02,8.1427028832e-02,3.8479700075e-03
7,-6.6371570313e-02,8.1410482837e-02,3.8820449620e-03
8,-6.2473416333e-02,8.1354108217e-02,3.9140152234e-03

Region 6 (9 circles):
Circle_Index,Center_X,Center_Y,Radius
0,-5.8545098933e-02,8.1258988175e-02,3.9438399005e-03
1,-5.4589115764e-02,8.1126205916e-02,3.9714814977e-03
2,-5.0607964475e-02,8.0956844644e-02,3.9969055850e-03
3,-4.6604142716e-02,8.0751987564e-02,4.0200805042e-03
4,-4.2580148136e-02,8.0512717878e-02,4.0409771066e-03
5,-3.8538478386e-02,8.0240118792e-02,4.0595685191e-03
6,-3.4481631114e-02,7.9935273509e-02,4.0758299341e-03
7,-3.0412103971e-02,7.9599265233e-02,4.0897384222e-03
8,-2.6332394606e-02,7.9233177170e-02,4.1012727643e-03

Region 7 (9 circles):
Circle_Index,Center_X,Center_Y,Radius
0,-2.2245000668e-02,7.8838092522e-02,4.1104133001e-03
1,-1.8152419808e-02,7.8415094494e-02,4.1171417926e-03
2,-1.4057149675e-02,7.7965266291e-02,4.1214413060e-03
3,-9.9616879181e-03,7.7489691115e-02,4.1232960954e-03
4,-5.8685321879e-03,7.6989452172e-02,4.1226915078e-03
5,-1.7801801337e-03,7.6465632666e-02,4.1196138922e-03
6,2.3008705949e-03,7.5919315800e-02,4.1140505184e-03
7,6.3721223483e-03,7.5351584779e-02,4.1059895035e-03
8,1.0431077477e-02,7.4763522807e-02,4.0954197458e-03

Region 8 (9 circles):
Circle_Index,Center_X,Center_Y,Radius
0,1.4475238331e-02,7.4156213087e-02,4.0823308637e-03
1,1.8502107260e-02,7.3530738825e-02,4.0667131415e-03
2,2.2509186616e-02,7.2888183225e-02,4.0485574791e-03
3,2.6493978748e-02,7.2229629490e-02,4.0278553470e-03
4,3.0453986008e-02,7.1556160824e-02,4.0045987449e-03
5,3.4386710744e-02,7.0868860432e-02,3.9787801641e-03
6,3.8289655308e-02,7.0168811518e-02,3.9503925537e-03
7,4.2160322050e-02,6.9457097286e-02,3.9194292890e-03
8,4.5996213320e-02,6.8734800940e-02,3.8858841435e-03

Region 9 (9 circles):
Circle_Index,Center_X,Center_Y,Radius
0,4.9794831468e-02,6.8003005684e-02,3.8497512632e-03
1,5.3553678846e-02,6.7262794723e-02,3.8110251432e-03
2,5.7270257803e-02,6.6515251260e-02,3.7697006065e-03
3,6.0942070689e-02,6.5761458499e-02,3.7257727853e-03
4,6.4566619856e-02,6.5002499646e-02,3.6792371035e-03
5,6.8141407653e-02,6.4239457903e-02,3.6300892619e-03
6,7.1663936430e-02,6.3473416476e-02,3.5783252246e-03
7,7.5131708539e-02,6.2705458568e-02,3.5239412074e-03
8,7.8542226329e-02,6.1936667382e-02,3.4669336681e-03

Region 10 (9 circles):
Circle_Index,Center_X,Center_Y,Radius
0,8.1892992151e-02,6.1168126125e-02,3.4072992988e-03
1,8.5181508354e-02,6.0400917999e-02,3.3450350194e-03
2,8.8405277291e-02,5.9636126208e-02,3.2801379740e-03
3,9.1561801310e-02,5.8874833958e-02,3.2126055290e-03
4,9.4648582762e-02,5.8118124451e-02,3.1424352745e-03
5,9.7663123998e-02,5.7367080893e-02,3.0696250275e-03
6,1.0060292737e-01,5.6622786487e-02,2.9941728398e-03
7,1.0346549522e-01,5.5886324437e-02,2.9160770096e-03
8,1.0624832991e-01,5.5158777947e-02,2.0977798093e-03

Region 11 (9 circles):
Circle_Index,Center_X,Center_Y,Radius
0,1.0749503445e-01,5.4727507332e-02,1.3027830416e-03
1,1.0863232890e-01,5.4126407870e-02,1.2848187454e-03
2,1.0966479941e-01,5.3364326061e-02,1.2944813774e-03
3,1.1059703212e-01,5.2450108405e-02,1.3270510394e-03
4,1.1143361318e-01,5.1392601402e-02,1.3771481745e-03
5,1.1217912874e-01,5.0200651551e-02,1.4395365512e-03
6,1.1283816495e-01,4.8883105353e-02,1.5096191823e-03
7,1.1341530796e-01,4.7448809307e-02,1.5836181367e-03
8,1.1391514391e-01,4.5906609914e-02,1.6585492008e-03

Region 12 (9 circles):
Circle_Index,Center_X,Center_Y,Radius
0,1.1434225895e-01,4.4265353672e-02,1.7321048218e-03
1,1.1470123924e-01,4.2533887082e-02,1.8025168896e-03
2,1.1499667091e-01,4.0721056643e-02,1.8684324863e-03
3,1.1523314013e-01,3.8835708856e-02,1.9288129511e-03
4,1.1541523303e-01,3.6886690221e-02,1.9828561435e-03
5,1.1554753576e-01,3.4882847236e-02,2.0299381481e-03
6,1.1563463448e-01,3.2833026403e-02,2.0695700910e-03
7,1.1568111533e-01,3.0746074220e-02,2.1013662864e-03
8,1.1569156446e-01,2.8630837188e-02,2.1250207396e-03

Region 13 (9 circles):
Circle_Index,Center_X,Center_Y,Radius
0,1.1567056801e-01,2.6496161807e-02,2.1402897895e-03
1,1.1562271214e-01,2.4350894576e-02,2.1469792756e-03
2,1.1555258300e-01,2.2203881995e-02,2.1449350782e-03
3,1.1546476672e-01,2.0063970564e-02,2.1340362242e-03
4,1.1536384947e-01,1.7940006783e-02,2.1141900037e-03
5,1.1525441739e-01,1.5840837152e-02,2.0853287458e-03
6,1.1514105662e-01,1.3775308170e-02,2.0474080636e-03
7,1.1502835332e-01,1.1752266338e-02,2.0004065361e-03
8,1.1492089363e-01,9.7805581549e-03,1.9443269655e-03

Region 14 (9 circles):
Circle_Index,Center_X,Center_Y,Radius
0,1.1482326371e-01,7.8690301210e-03,1.8791995749e-03
1,1.1474004969e-01,6.0265287361e-03,1.8050878423e-03
2,1.1467583773e-01,4.2619004999e-03,1.7220982097e-03
3,1.1463521398e-01,2.5839919123e-03,1.6303958488e-03
4,1.1462276459e-01,1.0016494732e-03,1.5302303819e-03
5,1.1464307569e-01,-4.7628031764e-04,1.4219787401e-03
6,1.1470073345e-01,-1.8409509603e-03,1.4289202759e-03
7,1.1481372965e-01,-3.3286182253e-03,1.5530855310e-03
8,1.1497915338e-01,-4.9343382519e-03,1.6713703987e-03

Region 15 (9 circles):
Circle_Index,Center_X,Center_Y,Radius
0,1.1519184856e-01,-6.6497243930e-03,1.7814854725e-03
1,1.1544665912e-01,-8.4663900012e-03,1.8830845068e-03
2,1.1573842897e-01,-1.0375948429e-02,1.9759335222e-03
3,1.1606200203e-01,-1.2370013030e-02,2.0598729743e-03
4,1.1641222224e-01,-1.4440197157e-02,2.1347947719e-03
5,1.1678393352e-01,-1.6578114162e-02,2.2006279445e-03
6,1.1717197977e-01,-1.8775377398e-02,2.2573295656e-03
7,1.1757120494e-01,-2.1023600217e-02,2.3048790076e-03
8,1.1797645294e-01,-2.3314395974e-02,2.3432744125e-03

Region 16 (9 circles):
Circle_Index,Center_X,Center_Y,Radius
0,1.1838256769e-01,-2.5639378020e-02,2.3725307233e-03
1,1.1878439312e-01,-2.7990159708e-02,2.3926788986e-03
2,1.1917677315e-01,-3.0358354390e-02,2.4037661095e-03
3,1.1955455170e-01,-3.2735575421e-02,2.4058568429e-03
4,1.1991257270e-01,-3.5113436152e-02,2.3990349331e-03
5,1.2024568006e-01,-3.7483549937e-02,2.3834066357e-03
6,1.2054871771e-01,-3.9837530127e-02,2.3591049555e-03
7,1.2081652957e-01,-4.2166990077e-02,2.3262955609e-03
8,1.2104395956e-01,-4.4463543138e-02,2.2851847736e-03

Region 17 (9 circles):
Circle_Index,Center_X,Center_Y,Radius
0,1.2122585162e-01,-4.6718802663e-02,2.2360303392e-03
1,1.2135704965e-01,-4.8924382006e-02,2.1791559846e-03
2,1.2143239758e-01,-5.1071894519e-02,2.1149711968e-03
3,1.2144673934e-01,-5.3152953554e-02,2.0439982562e-03
4,1.2139491885e-01,-5.5159172465e-02,1.9669093814e-03
5,1.2127178003e-01,-5.7082164604e-02,1.8845779209e-03
6,1.2107216679e-01,-5.8913543324e-02,1.7981487815e-03
7,1.2079092308e-01,-6.0644921978e-02,1.7091343326e-03
8,1.2042289280e-01,-6.2267913919e-02,1.6195416892e-03

Region 18 (9 circles):
Circle_Index,Center_X,Center_Y,Radius
0,1.1996291988e-01,-6.3774132499e-02,1.5320326485e-03
1,1.1940584824e-01,-6.5155191071e-02,1.4501026031e-03
2,1.1874652181e-01,-6.6402702988e-02,1.3782300628e-03
3,1.1797978450e-01,-6.7508281603e-02,1.3218881440e-03
4,1.1710048025e-01,-6.8463540268e-02,1.2872465611e-03
5,1.1610345296e-01,-6.9260092337e-02,1.2804161287e-03
6,1.1498354658e-01,-6.9889551161e-02,1.3063168934e-03
7,1.1373560501e-01,-7.0343530095e-02,1.8816306001e-03
8,1.1138333323e-01,-7.0974046612e-02,2.4745019932e-03

Region 19 (8 circles):
Circle_Index,Center_X,Center_Y,Radius
0,1.0894574221e-01,-7.1587894089e-02,2.5517902281e-03
1,1.0642555800e-01,-7.2184704113e-02,2.6268568100e-03
2,1.0382550662e-01,-7.2764108273e-02,2.6996479470e-03
3,1.0114831409e-01,-7.3325738158e-02,2.7701181932e-03
4,9.8396706464e-02,-7.3869225357e-02,2.8382290075e-03
5,9.5573409756e-02,-7.4394201459e-02,2.9039476036e-03
6,9.2681150001e-02,-7.4900298052e-02,2.9672460251e-03
7,8.9722653230e-02,-7.5387146725e-02,3.0281003983e-03

Region 20 (8 circles):
Circle_Index,Center_X,Center_Y,Radius
0,8.6700645472e-02,-7.5854379067e-02,3.0864903241e-03
1,8.3617852759e-02,-7.6301626666e-02,3.1423983816e-03
2,8.0477001121e-02,-7.6728521112e-02,3.1958097207e-03
3,7.7280816589e-02,-7.7134693993e-02,3.2467117262e-03
4,7.4032025193e-02,-7.7519776898e-02,3.2950937403e-03
5,7.0733352964e-02,-7.7883401416e-02,3.3409468335e-03
6,6.7387525933e-02,-7.8225199135e-02,3.3842636136e-03
7,6.3997270129e-02,-7.8544801644e-02,3.4250380679e-03

Region 21 (8 circles):
Circle_Index,Center_X,Center_Y,Radius
0,6.0565311584e-02,-7.8841840533e-02,3.4632654333e-03
1,5.7094376328e-02,-7.9115947389e-02,3.4989420881e-03
2,5.3587190391e-02,-7.9366753802e-02,3.5320654639e-03
3,5.0046479805e-02,-7.9593891360e-02,3.5626339751e-03
4,4.6474970600e-02,-7.9796991652e-02,3.5906469615e-03
5,4.2875388806e-02,-7.9975686267e-02,3.6161046446e-03
6,3.9250460454e-02,-8.0129606794e-02,3.6390080953e-03
7,3.5602911575e-02,-8.0258384821e-02,3.6593592121e-03

Region 22 (8 circles):
Circle_Index,Center_X,Center_Y,Radius
0,3.1935468198e-02,-8.0361651937e-02,3.6771607076e-03
1,2.8250856356e-02,-8.0439039731e-02,3.6924161057e-03
2,2.4551802077e-02,-8.0490179792e-02,3.7051297458e-03
3,2.0841031394e-02,-8.0514703708e-02,3.7153067960e-03
4,1.7121270336e-02,-8.0512243069e-02,3.7229532742e-03
5,1.3395244933e-02,-8.0482429462e-02,3.7280760770e-03
6,9.6656812177e-03,-8.0424894478e-02,3.7306830181e-03
7,5.9353052191e-03,-8.0339269704e-02,3.7307828744e-03

Region 23 (8 circles):
Circle_Index,Center_X,Center_Y,Radius
0,2.2068429682e-03,-8.0225186729e-02,3.7283854416e-03
1,-1.5169795044e-03,-8.0082277142e-02,3.7235016004e-03
2,-5.2334361682e-03,-7.9910172532e-02,3.7161433927e-03
3,-8.9398009926e-03,-7.9708504488e-02,3.7063241099e-03
4,-1.2633347947e-02,-7.9476904598e-02,3.6940583943e-03
5,-1.6311351001e-02,-7.9215004451e-02,3.6793623549e-03
6,-1.9971084124e-02,-7.8922435636e-02,3.6622536989e-03
7,-2.3609821285e-02,-7.8598829742e-02,3.6427518823e-03

Region 24 (8 circles):
Circle_Index,Center_X,Center_Y,Radius
0,-2.7224836454e-02,-7.8243818357e-02,3.6208782798e-03
1,-3.0813403600e-02,-7.7857033071e-02,3.5966563791e-03
2,-3.4372796693e-02,-7.7438105471e-02,3.5701120008e-03
3,-3.7900289702e-02,-7.6986667147e-02,3.5412735483e-03
4,-4.1393156596e-02,-7.6502349688e-02,3.5101722929e-03
5,-4.4848671345e-02,-7.5984784682e-02,3.4768426973e-03
6,-4.8264107919e-02,-7.5433603718e-02,3.4413227855e-03
7,-5.1636740286e-02,-7.4848438385e-02,3.4036545633e-03

Region 25 (8 circles):
Circle_Index,Center_X,Center_Y,Radius
0,-5.4963842416e-02,-7.4228920272e-02,3.3638845003e-03
1,-5.8242688279e-02,-7.3574680967e-02,3.3220640803e-03
2,-6.1470551844e-02,-7.2885352059e-02,3.2782504313e-03
3,-6.4644707081e-02,-7.2160565137e-02,3.2325070482e-03
4,-6.7762427958e-02,-7.1399951789e-02,3.1849046220e-03
5,-7.0820988446e-02,-7.0603143605e-02,3.1355219918e-03
6,-7.3817662514e-02,-6.9769772174e-02,3.0844472379e-03
7,-7.6749724131e-02,-6.8899469083e-02,3.0317789390e-03

Region 26 (8 circles):
Circle_Index,Center_X,Center_Y,Radius
0,-7.9614447266e-02,-6.7991865922e-02,2.9776276154e-03
1,-8.2409105890e-02,-6.7046594279e-02,2.9221173855e-03
2,-8.5130973971e-02,-6.6063285744e-02,2.8653878644e-03
3,-8.7777325478e-02,-6.5041571905e-02,2.8075963331e-03
4,-9.0345434383e-02,-6.3981084351e-02,2.7489202098e-03
5,-9.2832574653e-02,-6.2881454670e-02,2.6895598478e-03
6,-9.5236020258e-02,-6.1742314452e-02,2.6297416816e-03
7,-9.7553045168e-02,-6.0563295284e-02,2.3656365500e-03

Region 27 (8 circles):
Circle_Index,Center_X,Center_Y,Radius
0,-9.9405760347e-02,-5.9509329003e-02,2.1867266562e-03
1,-1.0128720482e-01,-5.8290144995e-02,2.2970089861e-03
2,-1.0319352009e-01,-5.6912361470e-02,2.4063671097e-03
3,-1.0512084768e-01,-5.5382596638e-02,2.5135858914e-03
4,-1.0706532909e-01,-5.3707468709e-02,2.6177133054e-03
5,-1.0902310584e-01,-5.1893595894e-02,2.7179998239e-03
6,-1.1099031945e-01,-4.9947596402e-02,2.8138519215e-03
7,-1.1296311141e-01,-4.7876088443e-02,2.9047967755e-03

Region 28 (8 circles):
Circle_Index,Center_X,Center_Y,Radius
0,-1.1493762324e-01,-4.5685690229e-02,2.9904555649e-03
1,-1.1690999646e-01,-4.3383019968e-02,3.0705232622e-03
2,-1.1887637258e-01,-4.0974695871e-02,3.1447532989e-03
3,-1.2083289311e-01,-3.8467336147e-02,3.2129458833e-03
4,-1.2277569955e-01,-3.5867559008e-02,3.2749390644e-03
5,-1.2470093343e-01,-3.3181982663e-02,3.3306018711e-03
6,-1.2660473625e-01,-3.0417225322e-02,3.3798290341e-03
7,-1.2848324952e-01,-2.7579905196e-02,3.4225369242e-03

Region 29 (8 circles):
Circle_Index,Center_X,Center_Y,Radius
0,-1.3033261476e-01,-2.4676640493e-02,3.4586604399e-03
1,-1.3214897348e-01,-2.1714049426e-02,3.4881506452e-03
2,-1.3392846719e-01,-1.8698750202e-02,3.5109730130e-03
3,-1.3566723740e-01,-1.5637361034e-02,3.5271061690e-03
4,-1.3736142563e-01,-1.2536500130e-02,3.5365410614e-03
5,-1.3900717338e-01,-9.4027857012e-03,3.5392805077e-03
6,-1.4060062217e-01,-6.2428359571e-03,3.5353390893e-03
7,-1.4213791351e-01,-3.0632691081e-03,3.5247433824e-03
