Region Metadata for: shape_33.txt
================================================================================

REGION DEFINITION: Circle union (one circle per point)
  Each point gets a circle with radius = average distance to neighbors

Total vertices: 250
Number of regions: 30
Points per region:
  Region 0: 9 points
  Region 1: 9 points
  Region 2: 9 points
  Region 3: 9 points
  Region 4: 9 points
  Region 5: 9 points
  Region 6: 9 points
  Region 7: 9 points
  Region 8: 9 points
  Region 9: 9 points
  Region 10: 8 points
  Region 11: 8 points
  Region 12: 8 points
  Region 13: 8 points
  Region 14: 8 points
  Region 15: 8 points
  Region 16: 8 points
  Region 17: 8 points
  Region 18: 8 points
  Region 19: 8 points
  Region 20: 8 points
  Region 21: 8 points
  Region 22: 8 points
  Region 23: 8 points
  Region 24: 8 points
  Region 25: 8 points
  Region 26: 8 points
  Region 27: 8 points
  Region 28: 8 points
  Region 29: 8 points

REGION SUMMARY:
Region_Index,Num_Points,BBox_Min_X,BBox_Max_X,BBox_Min_Y,BBox_Max_Y,Normal_X,Normal_Y,Tangent_X,Tangent_Y,Fitted_Circle_X,Fitted_Circle_Y,Fitted_Circle_Radius,Local_AoA_Rad,Union_Area,Collection_Area
0,9,-6.4471602896e-02,-4.4427198331e-02,-1.4575744074e-03,2.4153629498e-02,-0.8128912412,0.5824155131,0.5824155131,0.8128912412,-9.7854742648e-01,6.7174359740e-01,-1.1357768489e+00,6.21697047e-01,1.69253178e-04,8.45115960e-05
1,9,-4.9384424577e-02,-2.4052439405e-02,2.0031281496e-02,5.2342407250e-02,-0.8122812654,0.5832659306,0.5832659306,0.8122812654,1.2577811228e+00,-8.9323538404e-01,1.5937281159e+00,6.22743603e-01,2.67461228e-04,1.33855027e-04
2,9,-2.9741263489e-02,-1.1294623968e-03,4.7503775950e-02,8.1927409028e-02,-0.7892428773,0.6140811677,0.6140811677,0.7892428773,5.0762420879e-01,-3.4208111743e-01,6.6284413943e-01,6.61221244e-01,3.16640650e-04,1.58674897e-04
3,9,-6.7976105930e-03,2.3126180274e-02,7.6802311927e-02,1.0879097635e-01,-0.7382354394,0.6745431313,0.6745431313,0.7382354394,2.6103026368e-01,-1.3769923072e-01,3.4252991757e-01,7.40345661e-01,3.02727234e-04,1.52221288e-04
4,9,1.8167638356e-02,4.7554608062e-02,1.0374588760e-01,1.2887112259e-01,-0.6287174365,0.7776338374,0.7776338374,0.6287174365,1.3078463212e-01,-3.7952780025e-03,1.5566472854e-01,8.90893533e-01,2.37005894e-04,1.19802451e-04
5,9,4.3811948982e-02,7.1196780708e-02,1.2408986254e-01,1.3830670144e-01,-0.3621262993,0.9321290379,0.9321290379,0.3621262993,7.9125052002e-02,7.7183553356e-02,5.9475951023e-02,1.20024832e+00,1.56851555e-04,8.02322487e-05
6,9,6.8561018564e-02,9.3339093995e-02,1.2848321435e-01,1.3861198801e-01,0.2422206064,0.9702212005,0.9702212005,-0.2422206064,7.3831746398e-02,1.0488518350e-01,3.1174043065e-02,1.81545029e+00,1.22237184e-04,6.35138640e-05
7,9,9.0315972996e-02,1.0631976031e-01,1.1021431467e-01,1.3210410100e-01,0.8394993920,0.5433606269,0.5433606269,-0.8394993920,7.2771181380e-02,1.0487820152e-01,3.1856190754e-02,2.56715757e+00,1.19237542e-04,6.18411980e-05
8,9,1.0156962991e-01,1.0897076369e-01,8.2445095613e-02,1.1302164750e-01,0.9992416484,0.0389374892,0.0389374892,-0.9992416484,2.9000365453e-02,9.5343874101e-02,7.6827582078e-02,3.10264532e+00,1.74813113e-04,8.91155828e-05
9,9,9.4501724286e-02,1.0835441935e-01,4.9267277841e-02,8.5898591259e-02,0.9766989363,-0.2146140440,-0.2146140440,-0.9766989363,-8.4237157597e-02,1.0891893237e-01,1.9098648964e-01,-2.92529600e+00,2.58024319e-04,1.30270617e-04
10,8,8.3413245971e-02,1.0132385001e-01,1.8136010269e-02,5.3426313166e-02,0.9412541303,-0.3376990704,-0.3376990704,-0.9412541303,-2.4402506156e-01,1.5671558751e-01,3.5781108395e-01,-2.79712137e+00,2.79334771e-04,1.40420814e-04
11,8,7.0157670365e-02,9.0190993469e-02,-1.2030281990e-02,2.2620506876e-02,0.9129896962,-0.4079826157,-0.4079826157,-0.9129896962,-4.0049650820e-01,2.2007552541e-01,5.2663965209e-01,-2.72134933e+00,2.82077550e-04,1.41566345e-04
12,8,5.6715601904e-02,7.6456304398e-02,-3.8854750989e-02,-7.6055288993e-03,0.8893380795,-0.4572502381,-0.4572502381,-0.8893380795,-4.9181268354e-01,2.6354284679e-01,6.2777690025e-01,-2.66669184e+00,2.39132917e-04,1.19971133e-04
13,8,4.5056722441e-02,6.2061653245e-02,-5.9971471370e-02,-3.4913680205e-02,0.8674282872,-0.4975622238,-0.4975622238,-0.8674282872,-4.2059392041e-01,2.2384271184e-01,5.4624148674e-01,-2.62080650e+00,1.60686279e-04,8.05510792e-05
14,8,3.7047052871e-02,4.8392583959e-02,-6.3455965742e-02,-5.7522159585e-02,0.2462423784,-0.9692082805,-0.9692082805,-0.2462423784,4.1550200114e-02,-5.6516896265e-02,5.7405916258e-03,-1.81959766e+00,3.34445830e-05,1.79863328e-05
15,8,2.2801379549e-02,3.8778815171e-02,-6.2535716928e-02,-4.9797340646e-02,-0.5881021588,-0.8087866534,-0.8087866534,0.5881021588,6.9115174261e-02,-4.9400541339e-03,6.4480662473e-02,-9.42086022e-01,7.35789317e-05,3.73544557e-05
16,8,7.4456057468e-03,2.5874018422e-02,-5.3110100655e-02,-3.6371757074e-02,-0.6582284072,-0.7528182808,-0.7528182808,0.6582284072,-3.3245514394e-01,-4.4258845574e-01,-5.2938146746e-01,-8.52333275e-01,1.06609093e-04,5.31836295e-05
17,8,-6.2533164680e-03,1.0432223316e-02,-3.9735481752e-02,-2.8206804937e-02,-0.5077317355,-0.8615152261,-0.8615152261,0.5077317355,-1.9533094999e-02,-6.9151738936e-02,-4.2056359803e-02,-1.03824646e+00,7.31068677e-05,3.56624122e-05
18,8,-2.0053225967e-02,-4.5502449306e-03,-3.6028267302e-02,-2.7862421017e-02,0.3419480137,-0.9397188707,-0.9397188707,-0.3419480137,-6.6789011666e-03,-4.5334806588e-02,-1.5937583876e-02,-1.91978542e+00,5.79075730e-05,2.75835227e-05
19,8,-3.5123010579e-02,-1.7252933477e-02,-5.1858998090e-02,-3.2856071519e-02,0.7368790676,-0.6760245852,-0.6760245852,-0.7368790676,3.9793293119e-02,-1.0199511814e-01,-8.9407193777e-02,-2.39923840e+00,1.17653549e-04,5.79846067e-05
20,8,-4.9658227349e-02,-3.0985581321e-02,-7.2396861807e-02,-4.8293463823e-02,0.8203465617,-0.5718666967,-0.5718666967,-0.8203465617,3.4674056404e-01,-3.2942008244e-01,-4.7150456501e-01,-2.53281310e+00,1.60579280e-04,8.00772050e-05
21,8,-6.3525650689e-02,-4.5084493733e-02,-9.2231637459e-02,-6.8679197038e-02,0.8162025426,-0.5777658777,-0.5777658777,-0.8162025426,-3.4409815050e-01,1.2393574722e-01,3.5474842086e-01,-2.52560384e+00,1.54470108e-04,7.75686225e-05
22,8,-7.6799982029e-02,-5.9590990028e-02,-1.0616103107e-01,-8.8777595077e-02,0.7120902058,-0.7020879850,-0.7020879850,-0.7120902058,-1.1756221141e-01,-4.9794146638e-02,6.9177660960e-02,-2.36326719e+00,1.03793574e-04,5.27846682e-05
23,8,-9.0228114152e-02,-7.4330903357e-02,-1.0994473013e-01,-1.0313749569e-01,0.2179617517,-0.9759573120,-0.9759573120,-0.2179617517,-8.5672504995e-02,-9.2534747090e-02,1.5650806410e-02,-1.79052185e+00,5.60403261e-05,2.95092158e-05
24,8,-1.0073396319e-01,-8.8333271865e-02,-1.0919120833e-01,-9.6552238307e-02,-0.7166184964,-0.6974653616,-0.6974653616,0.7166184964,-8.4594906770e-02,-9.3268133083e-02,1.5151810278e-02,-7.71854438e-01,5.57414102e-05,2.94455479e-05
25,8,-1.0283328771e-01,-9.7486260590e-02,-9.8570915508e-02,-7.8571109591e-02,-0.9993555025,-0.0358967918,-0.0358967918,0.9993555025,-6.1506178967e-02,-8.7669660358e-02,3.9035547571e-02,-3.59045056e-02,8.33306841e-05,4.28185777e-05
26,8,-1.0224292822e-01,-9.1339707354e-02,-8.1172227835e-02,-5.6339395137e-02,-0.9644167810,0.2643865966,0.2643865966,0.9644167810,1.5217988246e-02,-9.9893303109e-02,1.1682734588e-01,2.67567831e-01,1.33819365e-04,6.77371183e-05
27,8,-9.6381441835e-02,-8.1492648278e-02,-5.9571429455e-02,-3.3447240174e-02,-0.9162811949,0.4005356063,0.4005356063,0.9162811949,1.2065538219e-01,-1.3825233176e-01,2.2906050729e-01,4.12101315e-01,1.59547321e-04,8.03182012e-05
28,8,-8.6287961122e-02,-7.0698967637e-02,-3.6856779666e-02,-1.3273149696e-02,-0.8756061956,0.4830256621,0.4830256621,0.8756061956,1.6959046404e-01,-1.6159717230e-01,2.8327787401e-01,5.04106938e-01,1.39663944e-04,7.01819702e-05
29,8,-7.4598185838e-02,-6.1268567373e-02,-1.6288598944e-02,1.2483536418e-03,-0.8302598471,0.5573765211,0.5573765211,0.8302598471,7.3488662725e-02,-1.0190509232e-01,1.7014021214e-01,5.91222607e-01,8.44306922e-05,4.24771583e-05

DETAILED CIRCLE DATA:

Region 0 (9 circles):
Circle_Index,Center_X,Center_Y,Radius
0,-6.1935259001e-02,1.0787694875e-03,2.5363438949e-03
1,-6.0389943620e-02,3.1746461931e-03,2.6688692323e-03
2,-5.8780323533e-02,5.3843005135e-03,2.7958869728e-03
3,-5.7108107168e-02,7.7020430789e-03,2.9173558088e-03
4,-5.5375002955e-02,1.0122184519e-02,3.0332457012e-03
5,-5.3582719323e-02,1.2639035465e-02,3.1435351561e-03
6,-5.1732964699e-02,1.5246906546e-02,3.2482093208e-03
7,-4.9827447514e-02,1.7940108393e-02,3.3472586347e-03
8,-4.7867876194e-02,2.0712951635e-02,3.4406778636e-03

Region 1 (9 circles):
Circle_Index,Center_X,Center_Y,Radius
0,-4.5855959171e-02,2.3559746903e-02,3.5284654064e-03
1,-4.3793404871e-02,2.6474804826e-02,3.6106227978e-03
2,-4.1681921725e-02,2.9452436036e-02,3.6871543572e-03
3,-3.9523218160e-02,3.2486951162e-02,3.7580669477e-03
4,-3.7319002605e-02,3.5572660834e-02,3.8233698224e-03
5,-3.5070983490e-02,3.8703875683e-02,3.8830745386e-03
6,-3.2780869243e-02,4.1874906338e-02,3.9371949315e-03
7,-3.0450368292e-02,4.5080063429e-02,3.9857471374e-03
8,-2.8081189067e-02,4.8313657588e-02,4.0287496621e-03

Region 2 (9 circles):
Circle_Index,Center_X,Center_Y,Radius
0,-2.5675039996e-02,5.1569999443e-02,4.0662234927e-03
1,-2.3233629508e-02,5.4843399625e-02,4.0981922511e-03
2,-2.0758666032e-02,5.8128168765e-02,4.1246823902e-03
3,-1.8251857997e-02,6.1418617492e-02,4.1457234355e-03
4,-1.5714913831e-02,6.4709056436e-02,4.1613482752e-03
5,-1.3149541963e-02,6.7993796228e-02,4.1715935038e-03
6,-1.0557450822e-02,7.1267147497e-02,4.1764998264e-03
7,-7.9403488363e-03,7.4523420874e-02,4.1761125308e-03
8,-5.2999444352e-03,7.7756926989e-02,4.1704820384e-03

Region 3 (9 circles):
Circle_Index,Center_X,Center_Y,Radius
0,-2.6379460473e-03,8.0961976472e-02,4.1596645457e-03
1,4.3937898741e-05,8.4132879954e-02,4.1437227715e-03
2,2.7439989741e-03,8.7263948063e-02,4.1227268274e-03
3,5.4605287500e-03,9.0349491431e-02,4.0967552333e-03
4,8.1918187976e-03,9.3383820688e-02,4.0658961040e-03
5,1.0936160688e-02,9.6361246463e-02,4.0302485373e-03
6,1.3691845993e-02,9.9276079388e-02,3.9899242412e-03
7,1.6457166284e-02,1.0212263009e-01,3.9450494444e-03
8,1.9230413131e-02,1.0489520920e-01,3.8957671437e-03

Region 4 (9 circles):
Circle_Index,Center_X,Center_Y,Radius
0,2.2009878106e-02,1.0758812735e-01,3.8422397498e-03
1,2.4793852780e-02,1.1019569518e-01,3.7846522085e-03
2,2.7580628725e-02,1.1271222330e-01,3.7232156810e-03
3,3.0368497511e-02,1.1513202235e-01,3.6581718878e-03
4,3.3155750710e-02,1.1744940295e-01,3.5897982279e-03
5,3.5940679894e-02,1.1965867575e-01,3.5184138017e-03
6,3.8721576633e-02,1.2175415137e-01,3.4443864710e-03
7,4.1496732498e-02,1.2373014044e-01,3.3681410871e-03
8,4.4264439061e-02,1.2558095359e-01,3.2901690005e-03

Region 5 (9 circles):
Circle_Index,Center_X,Center_Y,Radius
0,4.7022987893e-02,1.2730090145e-01,3.2110389111e-03
1,4.9770670566e-02,1.2888429465e-01,3.1314090245e-03
2,5.2505778650e-02,1.3032544382e-01,3.0520403045e-03
3,5.5226603717e-02,1.3161865960e-01,2.9738103363e-03
4,5.7931437338e-02,1.3275825260e-01,2.8977268981e-03
5,6.0618571084e-02,1.3373853346e-01,2.8249397459e-03
6,6.3286296526e-02,1.3455381282e-01,2.7567483615e-03
7,6.5932905236e-02,1.3519840129e-01,2.6946025414e-03
8,6.8556688786e-02,1.3566660952e-01,2.6400919220e-03

Region 6 (9 circles):
Circle_Index,Center_X,Center_Y,Radius
0,7.1155938745e-02,1.3595274813e-01,2.5949201813e-03
1,7.3728946686e-02,1.3605112775e-01,2.5608602623e-03
2,7.6274004179e-02,1.3595605901e-01,2.5396890855e-03
3,7.8789402797e-02,1.3566185255e-01,2.5331041316e-03
4,8.1273434109e-02,1.3516281899e-01,2.5426295191e-03
5,8.3724389688e-02,1.3445326895e-01,2.5695242678e-03
6,8.6140561104e-02,1.3352751309e-01,2.6147080876e-03
7,8.8520239929e-02,1.3237986201e-01,2.6237364904e-03
8,9.0765081368e-02,1.3105722697e-01,2.5740126265e-03

Region 7 (9 circles):
Circle_Index,Center_X,Center_Y,Radius
0,9.2836776596e-02,1.2958329740e-01,2.5208036004e-03
1,9.4739154250e-02,1.2796267584e-01,2.4868744388e-03
2,9.6476042968e-02,1.2619996485e-01,2.4714376638e-03
3,9.8051271388e-02,1.2429976698e-01,2.4733056407e-03
4,9.9468668148e-02,1.2226668477e-01,2.4909615578e-03
5,1.0073206189e-01,1.2010532078e-01,2.5226579265e-03
6,1.0184528124e-01,1.1782027757e-01,2.5665242053e-03
7,1.0281215484e-01,1.1541615767e-01,2.6206666362e-03
8,1.0363651134e-01,1.1289756364e-01,2.6832489710e-03

Region 8 (9 circles):
Circle_Index,Center_X,Center_Y,Radius
0,1.0432217937e-01,1.1026909804e-01,2.7525494533e-03
1,1.0487298756e-01,1.0753536341e-01,2.8269948560e-03
2,1.0529276456e-01,1.0470096231e-01,2.9051755578e-03
3,1.0558533900e-01,1.0177049728e-01,2.9858467570e-03
4,1.0575453951e-01,9.8748570880e-02,3.0679206520e-03
5,1.0580419475e-01,9.5639785655e-02,3.1504534949e-03
6,1.0573813335e-01,9.2448744159e-02,3.2326303458e-03
7,1.0556018393e-01,8.9180048941e-02,3.3137493901e-03
8,1.0527417515e-01,8.5838302553e-02,3.3932069403e-03

Region 9 (9 circles):
Circle_Index,Center_X,Center_Y,Radius
0,1.0488393564e-01,8.2428107547e-02,3.4704837123e-03
1,1.0439329403e-01,7.8954066472e-02,3.5451326268e-03
2,1.0380607897e-01,7.5420781880e-02,3.6167681718e-03
3,1.0312611909e-01,7.1832856321e-02,3.6850572469e-03
4,1.0235724303e-01,6.8194892347e-02,3.7497113526e-03
5,1.0150327943e-01,6.4511492509e-02,3.8104799623e-03
6,1.0056805693e-01,6.0787259357e-02,3.8671449201e-03
7,9.9555404159e-02,5.7026795442e-02,3.9195157112e-03
8,9.8469149761e-02,5.3234703316e-02,3.9674254747e-03

Region 10 (8 circles):
Circle_Index,Center_X,Center_Y,Radius
0,9.7313122372e-02,4.9415585528e-02,4.0107276380e-03
1,9.6091150630e-02,4.5574044631e-02,4.0492930759e-03
2,9.4807063174e-02,4.1714683175e-02,4.0830077071e-03
3,9.3464688641e-02,3.7842103710e-02,4.1117704578e-03
4,9.2067855668e-02,3.3960908789e-02,4.1354915334e-03
5,9.0620392894e-02,3.0075700961e-02,4.1540909462e-03
6,8.9126128956e-02,2.6191082777e-02,4.1674972610e-03
7,8.7588892492e-02,2.2311656790e-02,4.1756465212e-03

Region 11 (8 circles):
Circle_Index,Center_X,Center_Y,Radius
0,8.6012512141e-02,1.8442025548e-02,4.1784813281e-03
1,8.4400816539e-02,1.4586791605e-02,4.1759500501e-03
2,8.2757634325e-02,1.0750557509e-02,4.1680061410e-03
3,8.1086794136e-02,6.9379258125e-03,4.1546075508e-03
4,7.9392124611e-02,3.1534990662e-03,4.1357162165e-03
5,7.7677454386e-02,-5.9812017900e-04,4.1112976193e-03
6,7.5946612101e-02,-4.3123293723e-03,4.0813204005e-03
7,7.4203426392e-02,-7.9845259627e-03,4.0457560271e-03

Region 12 (8 circles):
Circle_Index,Center_X,Center_Y,Radius
0,7.2451725898e-02,-1.1610107399e-02,4.0045785000e-03
1,7.0695339256e-02,-1.5184471131e-02,3.9577640997e-03
2,6.8938095104e-02,-1.8703014608e-02,3.9052911646e-03
3,6.7183822080e-02,-2.2161135277e-02,3.8471398981e-03
4,6.5436348822e-02,-2.5554230590e-02,3.7832922012e-03
5,6.3699503968e-02,-2.8877697994e-02,3.7137315282e-03
6,6.1977116155e-02,-3.2126934938e-02,3.6384427630e-03
7,6.0273014021e-02,-3.5297338873e-02,3.5574121164e-03

Region 13 (8 circles):
Circle_Index,Center_X,Center_Y,Radius
0,5.8591026204e-02,-3.8384307246e-02,3.4706270415e-03
1,5.6934981342e-02,-4.1383237508e-02,3.3780761696e-03
2,5.5308708072e-02,-4.4289527106e-02,3.2797492665e-03
3,5.3716035033e-02,-4.7098573491e-02,3.1756372118e-03
4,5.2160790863e-02,-4.9805774111e-02,3.0657320059e-03
5,5.0646804198e-02,-5.2406526415e-02,2.9500268114e-03
6,4.9177903678e-02,-5.4896227853e-02,2.8285160392e-03
7,4.7757917939e-02,-5.7270275873e-02,2.7011954973e-03

Region 14 (8 circles):
Circle_Index,Center_X,Center_Y,Radius
0,4.6390675619e-02,-5.9524067924e-02,2.0019083397e-03
1,4.5571051345e-02,-6.0619016889e-02,1.2953571572e-03
2,4.4643165802e-02,-6.1415702819e-02,1.1875887678e-03
3,4.3612539437e-02,-6.1930842106e-02,1.1537433189e-03
4,4.2484692698e-02,-6.2181151146e-02,1.1874188664e-03
5,4.1265146031e-02,-6.2183346330e-02,1.2726194119e-03
6,3.9959419883e-02,-6.1954144053e-02,1.3907008965e-03
7,3.8573034701e-02,-6.1510260709e-02,1.5259818310e-03

Region 15 (8 circles):
Circle_Index,Center_X,Center_Y,Radius
0,3.7111510932e-02,-6.0868412690e-02,1.6673042385e-03
1,3.5580369022e-02,-6.0045316390e-02,1.8072878589e-03
2,3.3985129419e-02,-5.9057688203e-02,1.9411478460e-03
3,3.2331312569e-02,-5.7922244522e-02,2.0657644439e-03
4,3.0624438918e-02,-5.6655701741e-02,2.1790718062e-03
5,2.8870028915e-02,-5.5274776254e-02,2.2796791094e-03
6,2.7073603005e-02,-5.3796184453e-02,2.3666384875e-03
7,2.5240681636e-02,-5.2236642733e-02,2.4393020863e-03

Region 16 (8 circles):
Circle_Index,Center_X,Center_Y,Radius
0,2.3376785254e-02,-5.0612867486e-02,2.4972331681e-03
1,2.1487434306e-02,-4.8941575107e-02,2.5401506455e-03
2,1.9578149239e-02,-4.7239481989e-02,2.5678950265e-03
3,1.7654450500e-02,-4.5523304526e-02,2.5804088370e-03
4,1.5721858536e-02,-4.3809759110e-02,2.5777276668e-03
5,1.3785893793e-02,-4.2115562136e-02,2.5599799892e-03
6,1.1852076718e-02,-4.0457429997e-02,2.5273953723e-03
7,9.9259277585e-03,-3.8852079086e-02,2.4803220117e-03

Region 17 (8 circles):
Circle_Index,Center_X,Center_Y,Radius
0,8.0129673610e-03,-3.7316225798e-02,2.4192559545e-03
1,6.1187159722e-03,-3.5866586525e-02,2.3448862513e-03
2,4.2486940391e-03,-3.4519877661e-02,2.2581629209e-03
3,2.4084220083e-03,-3.3292815600e-02,2.1603984487e-03
4,6.0342032691e-04,-3.2202116735e-02,2.0534189081e-03
5,-1.1607905584e-03,-3.1264497459e-02,1.9397873049e-03
6,-2.8786902008e-03,-3.0496674167e-02,1.8231262649e-03
7,-4.5447581534e-03,-2.9915363252e-02,1.7085583145e-03

Region 18 (8 circles):
Circle_Index,Center_X,Center_Y,Radius
0,-6.1534739695e-03,-2.9537281106e-02,1.6032290388e-03
1,-7.6993172021e-03,-2.9379144125e-02,1.5167231081e-03
2,-9.1767674044e-03,-2.9457668701e-02,1.4608909264e-03
3,-1.0580304130e-02,-2.9789571227e-02,1.6924959487e-03
4,-1.2386627431e-02,-3.0504732935e-02,1.9822089140e-03
5,-1.4192115094e-02,-3.1414333528e-02,2.0659033881e-03
6,-1.5996706219e-02,-3.2508005474e-02,2.1572622935e-03
7,-1.7800339907e-02,-3.3775381241e-02,2.2528860602e-03

Region 19 (8 circles):
Circle_Index,Center_X,Center_Y,Radius
0,-1.9602955258e-02,-3.5206093300e-02,2.3500217809e-03
1,-2.1404491372e-02,-3.6789774117e-02,2.4464750580e-03
2,-2.3204887349e-02,-3.8516056163e-02,2.5405103495e-03
3,-2.5004082291e-02,-4.0374571905e-02,2.6307586485e-03
4,-2.6802015297e-02,-4.2354953813e-02,2.7161394976e-03
5,-2.8598625468e-02,-4.4446834356e-02,2.7957982657e-03
6,-3.0393851904e-02,-4.6639846001e-02,2.8690570586e-03
7,-3.2187633706e-02,-4.8923621218e-02,2.9353768724e-03

Region 20 (8 circles):
Circle_Index,Center_X,Center_Y,Radius
0,-3.3979909974e-02,-5.1287792475e-02,2.9943286523e-03
1,-3.5770619808e-02,-5.3721992242e-02,3.0455712586e-03
2,-3.7559702308e-02,-5.6215852986e-02,3.0888347503e-03
3,-3.9347096576e-02,-5.8759007178e-02,3.1239077574e-03
4,-4.1132741711e-02,-6.1341087284e-02,3.1506280250e-03
5,-4.2916576814e-02,-6.3951725775e-02,3.1688754494e-03
6,-4.4698540986e-02,-6.6580555119e-02,3.1785671195e-03
7,-4.6478573326e-02,-6.9217207784e-02,3.1796540235e-03

Region 21 (8 circles):
Circle_Index,Center_X,Center_Y,Radius
0,-4.8256612934e-02,-7.1851316239e-02,3.1721192012e-03
1,-5.0032598913e-02,-7.4472512954e-02,3.1559772264e-03
2,-5.1806470361e-02,-7.7070430396e-02,3.1312749888e-03
3,-5.3578166379e-02,-7.9634701035e-02,3.0980938410e-03
4,-5.5347626067e-02,-8.2154957339e-02,3.0565532674e-03
5,-5.7114788527e-02,-8.4620831777e-02,3.0068163470e-03
6,-5.8879592857e-02,-8.7021956818e-02,2.9490974174e-03
7,-6.0641978160e-02,-8.9347964930e-02,2.8836725289e-03

Region 22 (8 circles):
Circle_Index,Center_X,Center_Y,Radius
0,-6.2401883534e-02,-9.1588488582e-02,2.8108935058e-03
1,-6.4159248081e-02,-9.3733160244e-02,2.7312067427e-03
2,-6.5914010900e-02,-9.5771612382e-02,2.6451782555e-03
3,-6.7666111093e-02,-9.7693477468e-02,2.5535270029e-03
4,-6.9415487759e-02,-9.9488387968e-02,2.4571690503e-03
5,-7.1162079999e-02,-1.0114597635e-01,2.3572756612e-03
6,-7.2905826913e-02,-1.0265587509e-01,2.2553485341e-03
7,-7.4646667602e-02,-1.0400771665e-01,2.1533144271e-03

Region 23 (8 circles):
Circle_Index,Center_X,Center_Y,Radius
0,-7.6384541166e-02,-1.0519113350e-01,2.0536378091e-03
1,-7.8119386705e-02,-1.0619575810e-01,1.9594413244e-03
2,-7.9851143321e-02,-1.0701122294e-01,1.8746062516e-03
3,-8.1579750112e-02,-1.0762716047e-01,1.8037970334e-03
4,-8.3305146180e-02,-1.0803320316e-01,1.7523231105e-03
5,-8.5027270625e-02,-1.0821898349e-01,1.7257466419e-03
6,-8.6746062547e-02,-1.0817413392e-01,1.7292142910e-03
7,-8.8461461047e-02,-1.0788828693e-01,1.7666531055e-03

Region 24 (8 circles):
Circle_Index,Center_X,Center_Y,Radius
0,-9.0173405225e-02,-1.0735107497e-01,1.8401333599e-03
1,-9.1881834181e-02,-1.0655213052e-01,1.8762026366e-03
2,-9.3462812383e-02,-1.0556019740e-01,1.8398397585e-03
3,-9.4868963412e-02,-1.0441531892e-01,1.8006103698e-03
4,-9.6105541143e-02,-1.0312396892e-01,1.7881838947e-03
5,-9.7177799455e-02,-1.0169262123e-01,1.8001339154e-03
6,-9.8090992225e-02,-1.0012774970e-01,1.8331790550e-03
7,-9.8850373329e-02,-9.8435828163e-02,1.8835898562e-03

Region 25 (8 circles):
Circle_Index,Center_X,Center_Y,Radius
0,-9.9461196646e-02,-9.6623330464e-02,1.9475850444e-03
1,-9.9928716051e-02,-9.4696730439e-02,2.0216253809e-03
2,-1.0025818542e-01,-9.2662501928e-02,2.1025788626e-03
3,-1.0045485864e-01,-9.0527118771e-02,2.1877781282e-03
4,-1.0052398957e-01,-8.8297054807e-02,2.2750077583e-03
5,-1.0047083210e-01,-8.5978783875e-02,2.3624556096e-03
6,-1.0030064011e-01,-8.3578779815e-02,2.4486515654e-03
7,-1.0001866747e-01,-8.1103516467e-02,2.5324068760e-03

Region 26 (8 circles):
Circle_Index,Center_X,Center_Y,Radius
0,-9.9630168053e-02,-7.8559467670e-02,2.6127601653e-03
1,-9.9140395746e-02,-7.5953107262e-02,2.6889320382e-03
2,-9.8554604421e-02,-7.3290909085e-02,2.7602881386e-03
3,-9.7878047957e-02,-7.0579346977e-02,2.8263096414e-03
4,-9.7115980230e-02,-6.7824894777e-02,2.8865699164e-03
5,-9.6273655117e-02,-6.5034026326e-02,2.9407161600e-03
6,-9.5356326495e-02,-6.2213215462e-02,2.9884549524e-03
7,-9.4369248242e-02,-5.9368936025e-02,3.0295408880e-03

Region 27 (8 circles):
Circle_Index,Center_X,Center_Y,Radius
0,-9.3317674235e-02,-5.6507661854e-02,3.0637676000e-03
1,-9.2206858351e-02,-5.3635866790e-02,3.0909606491e-03
2,-9.1042054466e-02,-5.0760024671e-02,3.1109718664e-03
3,-8.9828516459e-02,-4.7886609337e-02,3.1236748321e-03
4,-8.8571498206e-02,-4.5022094627e-02,3.1289612477e-03
5,-8.7276253583e-02,-4.2172954381e-02,3.1267380132e-03
6,-8.5948036470e-02,-3.9345662438e-02,3.1169248651e-03
7,-8.4592100742e-02,-3.6546692638e-02,3.0994524638e-03

Region 28 (8 circles):
Circle_Index,Center_X,Center_Y,Radius
0,-8.3213700276e-02,-3.3782518820e-02,3.0742608458e-03
1,-8.1818088950e-02,-3.1059614823e-02,3.0412981746e-03
2,-8.0410520641e-02,-2.8384454488e-02,3.0005197424e-03
3,-7.8996249226e-02,-2.5763511653e-02,2.9518871860e-03
4,-7.7580528582e-02,-2.3203260158e-02,2.8953678952e-03
5,-7.6168612587e-02,-2.0710173842e-02,2.8309346002e-03
6,-7.4765755116e-02,-1.8290726545e-02,2.7585651378e-03
7,-7.3377210049e-02,-1.5951392107e-02,2.6782424114e-03

Region 29 (8 circles):
Circle_Index,Center_X,Center_Y,Radius
0,-7.2008231260e-02,-1.3698644366e-02,2.5899545775e-03
1,-7.0664072629e-02,-1.1538957163e-02,2.4936955176e-03
2,-6.9349988031e-02,-9.4788043361e-03,2.3894657006e-03
3,-6.8071231344e-02,-7.5246597255e-03,2.2772736040e-03
4,-6.6833056445e-02,-5.6829971704e-03,2.1571379851e-03
5,-6.5640717211e-02,-3.9602905104e-03,2.0290914974e-03
6,-6.4499467520e-02,-2.3630135849e-03,1.8931865404e-03
7,-6.3414561248e-02,-8.9764023336e-04,2.1459938752e-03
