Region Metadata for: shape_11.txt
================================================================================

REGION DEFINITION: Circle union (one circle per point)
  Each point gets a circle with radius = average distance to neighbors

Total vertices: 259
Number of regions: 30
Points per region:
  Region 0: 9 points
  Region 1: 9 points
  Region 2: 9 points
  Region 3: 9 points
  Region 4: 9 points
  Region 5: 9 points
  Region 6: 9 points
  Region 7: 9 points
  Region 8: 9 points
  Region 9: 9 points
  Region 10: 9 points
  Region 11: 9 points
  Region 12: 9 points
  Region 13: 9 points
  Region 14: 9 points
  Region 15: 9 points
  Region 16: 9 points
  Region 17: 9 points
  Region 18: 9 points
  Region 19: 8 points
  Region 20: 8 points
  Region 21: 8 points
  Region 22: 8 points
  Region 23: 8 points
  Region 24: 8 points
  Region 25: 8 points
  Region 26: 8 points
  Region 27: 8 points
  Region 28: 8 points
  Region 29: 8 points

REGION SUMMARY:
Region_Index,Num_Points,BBox_Min_X,BBox_Max_X,BBox_Min_Y,BBox_Max_Y,Normal_X,Normal_Y,Tangent_X,Tangent_Y,Fitted_Circle_X,Fitted_Circle_Y,Fitted_Circle_Radius,Local_AoA_Rad,Union_Area,Collection_Area
0,9,-1.0750641820e-01,-9.4842129551e-02,-1.3006717157e-04,2.6174613142e-02,-0.9449302580,0.3272717641,0.3272717641,0.9449302580,5.4581271512e-01,-2.1090669517e-01,6.8453559903e-01,3.33414891e-01,1.40655508e-04,7.04743314e-05
1,9,-9.8731719303e-02,-8.8478540709e-02,2.3693949053e-02,4.4088872923e-02,-0.9423508060,0.3346265956,0.3346265956,0.9423508060,-1.6499955256e+00,5.8539666154e-01,-1.6512048089e+00,3.41208954e-01,8.44280371e-05,4.22140185e-05
2,9,-9.2532821966e-02,-7.8899190797e-02,4.1510976956e-02,6.8433313004e-02,-0.9359497706,0.3521335357,0.3521335357,0.9359497706,5.4894081609e-01,-1.8412394762e-01,6.7848133329e-01,3.59849670e-01,1.49462434e-04,7.49367646e-05
3,9,-8.4030509861e-02,-6.6934782544e-02,6.5057670009e-02,9.5729947406e-02,-0.9160489120,0.4010665665,0.4010665665,0.9160489120,3.1035674741e-01,-8.8509089919e-02,4.2143904197e-01,4.12680861e-01,1.99661371e-04,1.00208228e-04
4,9,-7.2159672092e-02,-5.3115304014e-02,9.2053404446e-02,1.2106920573e-01,-0.8729502375,0.4878092689,0.4878092689,0.8729502375,1.3110561139e-01,-1.2731823392e-03,2.2205841295e-01,5.09578417e-01,1.93052004e-04,9.72642589e-05
5,9,-5.7524349320e-02,-3.7886658962e-02,1.1751455727e-01,1.3962560188e-01,-0.7613704446,0.6483170876,0.6483170876,0.7613704446,1.8158996372e-02,7.3343330451e-02,8.6614980787e-02,7.05371978e-01,1.39197256e-04,7.06754685e-05
6,9,-4.0828250039e-02,-2.1081267428e-02,1.3635783766e-01,1.4715483418e-01,-0.3840592530,0.9233084480,0.9233084480,0.3840592530,-2.0815916171e-02,1.1823460641e-01,2.6993162765e-02,1.17660761e+00,8.38811845e-05,4.34466943e-05
7,9,-2.3187308998e-02,8.3024796470e-04,1.3797926288e-01,1.4728163471e-01,0.2236750929,0.9746637640,0.9746637640,-0.2236750929,-2.3897409103e-02,8.9962710973e-02,5.5297172489e-02,1.79637980e+00,1.12725344e-04,5.75745035e-05
8,9,-2.1976764016e-03,2.5486464093e-02,1.2459545755e-01,1.4253334914e-01,0.4808162978,0.8768213546,0.8768213546,-0.4808162978,-5.8767030287e-02,6.0945047588e-03,1.4622289898e-01,2.07238178e+00,1.74817370e-04,8.84018753e-05
9,9,2.1675254776e-02,4.9243883176e-02,1.0666499370e-01,1.2932021748e-01,0.6081873981,0.7937934800,0.7937934800,-0.6081873981,-1.0568715493e-01,-6.6151691326e-02,2.3239340136e-01,2.22457145e+00,2.01442424e-04,1.01410741e-04
10,9,4.5181806776e-02,6.8630203992e-02,8.7813275966e-02,1.1104502092e-01,0.7026629443,0.7115228645,0.7115228645,-0.7026629443,-8.8272489498e-02,-4.8182646170e-02,2.0740010058e-01,2.34992954e+00,1.72218554e-04,8.66365921e-05
11,9,6.4927386175e-02,8.0547636333e-02,7.1291197999e-02,9.1255456305e-02,0.8146366673,0.5799716375,0.5799716375,-0.8146366673,3.4656177496e-03,3.1169029228e-02,8.6058554806e-02,2.52289878e+00,1.02859518e-04,5.20808952e-05
12,9,7.7007849587e-02,9.3193225891e-02,4.6194513604e-02,7.3796736482e-02,0.9038881975,0.4277687768,0.4277687768,-0.9038881975,-3.2138753433e-01,-1.3149435900e-01,4.4926173983e-01,2.69956980e+00,1.67128272e-04,8.38393357e-05
13,9,8.7604760676e-02,1.0676541128e-01,1.3836535360e-02,4.9987091844e-02,0.9270743937,0.3748774048,0.3748774048,-0.9270743937,-4.3952504511e-01,-1.8474638800e-01,5.7884719507e-01,2.75732812e+00,2.72855850e-04,1.36871233e-04
14,9,9.9984377899e-02,1.1879955971e-01,-2.2147990612e-02,1.8190055645e-02,0.9504402090,0.3109073962,0.3109073962,-0.9504402090,-3.4158799580e-01,-1.4955122975e-01,4.7477414221e-01,2.82544506e+00,3.25773213e-04,1.63669861e-04
15,9,1.1149005681e-01,1.2668981971e-01,-5.7983099484e-02,-1.7767614323e-02,0.9766987577,0.2146148565,0.2146148565,-0.9766987577,-1.6688333289e-01,-1.0108713758e-01,2.9344378553e-01,2.92529517e+00,3.10288320e-04,1.56200428e-04
16,9,1.1944160177e-01,1.2838691893e-01,-8.9957779254e-02,-5.4035609086e-02,0.9990121013,0.0444389633,0.0444389633,-0.9990121013,-1.4716092541e-02,-7.8704403261e-02,1.3956938122e-01,3.09713905e+00,2.39916576e-04,1.21521263e-04
17,9,1.1480746195e-01,1.2751211002e-01,-1.1460481054e-01,-8.6688814034e-02,0.9551504817,-0.2961208491,-0.2961208491,-0.9551504817,7.0825830657e-02,-8.5637011137e-02,5.3597128954e-02,-2.84096387e+00,1.57243348e-04,8.06985802e-05
18,9,9.5782369406e-02,1.1862125204e-01,-1.3012463334e-01,-1.1152091488e-01,0.6024979675,-0.7981204165,-0.7981204165,-0.6024979675,8.3106570580e-02,-8.8156921749e-02,4.1982404384e-02,-2.21742356e+00,1.39458486e-04,7.19454594e-05
19,8,7.0652265009e-02,9.8978422298e-02,-1.3688351954e-01,-1.2532579142e-01,0.2275456948,-0.9737674038,-0.9737674038,-0.2275456948,6.5150534878e-02,-4.5155904735e-02,8.8715831185e-02,-1.80035284e+00,1.71854091e-04,8.73675441e-05
20,8,4.0688520950e-02,7.4149236665e-02,-1.3804576540e-01,-1.2988722642e-01,0.0007502552,-0.9999997186,-0.9999997186,-0.0007502552,5.7627036414e-02,3.2595293789e-02,1.6689666371e-01,-1.57154658e+00,2.29255283e-04,1.15865926e-04
21,8,8.0905254014e-03,4.4639559376e-02,-1.3744761910e-01,-1.2508885126e-01,-0.1459780136,-0.9892878345,-0.9892878345,0.1459780136,6.5645635261e-02,1.3330973424e-01,2.6796582405e-01,-1.42429482e+00,2.77640746e-04,1.39846638e-04
22,8,-2.5023340521e-02,1.2396444707e-02,-1.3267225690e-01,-1.1665926747e-01,-0.2513132399,-0.9679058092,-0.9679058092,0.2513132399,8.2805003780e-02,2.1826544600e-01,3.5465285831e-01,-1.31675953e+00,3.00895590e-04,1.51257917e-04
23,8,-5.6566432676e-02,-2.0561256835e-02,-1.2393542818e-01,-1.0563278798e-01,-0.3383947026,-0.9410042642,-0.9410042642,0.3383947026,8.9208903407e-02,2.4089210284e-01,3.7816418588e-01,-1.22558589e+00,2.91020430e-04,1.46285187e-04
24,8,-8.4468369867e-02,-5.2186136508e-02,-1.1223221044e-01,-9.3027462733e-02,-0.4236058263,-0.9058466227,-0.9058466227,0.4236058263,6.3905074405e-02,1.8094459372e-01,3.1308873036e-01,-1.13337408e+00,2.48217009e-04,1.24817752e-04
25,8,-1.0667623818e-01,-8.0415208070e-02,-9.8573258695e-02,-7.9843874410e-02,-0.5252619770,-0.8509405711,-0.8509405711,0.5252619770,5.6359334675e-03,7.2525219217e-02,1.8997733217e-01,-1.01777338e+00,1.81135660e-04,9.12485546e-05
26,8,-1.1640540648e-01,-1.0355060312e-01,-8.3604110100e-02,-6.6613135601e-02,-0.8342241730,-0.5514254521,-0.5514254521,0.8342241730,-9.1482109180e-02,-6.2802371948e-02,2.3418006825e-02,-5.84071991e-01,7.98317886e-05,4.14954762e-05
27,8,-1.1883643797e-01,-1.1238462343e-01,-6.9013010586e-02,-4.5657881815e-02,-0.9978786057,-0.0651021380,-0.0651021380,0.9978786057,-5.3274072529e-02,-5.3712155513e-02,6.2838190252e-02,-6.51482129e-02,1.12884440e-04,5.75777669e-05
28,8,-1.1861716510e-01,-1.0900571418e-01,-4.8547050630e-02,-2.1260402549e-02,-0.9864914100,0.1638129973,0.1638129973,0.9864914100,4.3470113281e-02,-6.1334432710e-02,1.5995817643e-01,1.64554634e-01,1.55575170e-04,7.85114345e-05
29,8,-1.1464550560e-01,-1.0232538308e-01,-2.4529672315e-02,3.0742563936e-03,-0.9620950395,0.2727143837,0.2727143837,0.9620950395,2.0112714621e-01,-9.8548394827e-02,3.2197964880e-01,2.76213234e-01,1.65275278e-04,8.30675047e-05

DETAILED CIRCLE DATA:

Region 0 (9 circles):
Circle_Index,Center_X,Center_Y,Radius
0,-1.0446986133e-01,2.9064897032e-03,3.0365568747e-03
1,-1.0352874478e-01,5.7677533372e-03,2.9837883631e-03
2,-1.0258867522e-01,8.5697748047e-03,2.9234342103e-03
3,-1.0165451221e-01,1.1306063825e-02,2.8554572090e-03
4,-1.0073111532e-01,1.3970130116e-02,2.7798249626e-03
5,-9.9823344116e-02,1.6555483399e-02,2.6965095738e-03
6,-9.8936058168e-02,1.9055633391e-02,2.6054874775e-03
7,-9.8074117044e-02,2.1464089813e-02,2.5067394388e-03
8,-9.7242380310e-02,2.3774362382e-02,2.4002507595e-03

Region 1 (9 circles):
Circle_Index,Center_X,Center_Y,Radius
0,-9.6445707537e-02,2.5979960819e-02,2.2860117662e-03
1,-9.5688958290e-02,2.8074394842e-02,2.1640187106e-03
2,-9.4976992139e-02,3.0051174171e-02,2.0342753094e-03
3,-9.4314668651e-02,3.1903808525e-02,1.8967953300e-03
4,-9.3706847395e-02,3.3625807622e-02,1.8880067006e-03
5,-9.3062540586e-02,3.5466171389e-02,2.0160227407e-03
6,-9.2373019765e-02,3.7430842737e-02,2.1449619218e-03
7,-9.1639059628e-02,3.9513039312e-02,2.2672502610e-03
8,-9.0861434872e-02,4.1705978760e-02,2.3828941636e-03

Region 2 (9 circles):
Circle_Index,Center_X,Center_Y,Radius
0,-9.0040920195e-02,4.4002878726e-02,2.4919017709e-03
1,-8.9178290292e-02,4.6396956857e-02,2.5942827800e-03
2,-8.8274319860e-02,4.8881430798e-02,2.6900483664e-03
3,-8.7329783597e-02,5.1449518194e-02,2.7792111773e-03
4,-8.6345456198e-02,5.4094436692e-02,2.8617853771e-03
5,-8.5322112362e-02,5.6809403937e-02,2.9377867350e-03
6,-8.4260526784e-02,5.9587637575e-02,3.0072327501e-03
7,-8.3161474161e-02,6.2422355251e-02,3.0701428112e-03
8,-8.2025729190e-02,6.5306774611e-02,3.1265383933e-03

Region 3 (9 circles):
Circle_Index,Center_X,Center_Y,Radius
0,-8.0854066569e-02,6.8234113301e-02,3.1764432922e-03
1,-7.9647260993e-02,7.1197588967e-02,3.2198839027e-03
2,-7.8406087159e-02,7.4190419254e-02,3.2568895442e-03
3,-7.7131319764e-02,7.7205821808e-02,3.2874928437e-03
4,-7.5823733506e-02,8.0237014275e-02,3.3117301838e-03
5,-7.4484103080e-02,8.3277214300e-02,3.3296422287e-03
6,-7.3113203183e-02,8.6319639530e-02,3.3412745418e-03
7,-7.1711808513e-02,8.9357507609e-02,3.3466783136e-03
8,-7.0280693766e-02,9.2384036184e-02,3.3459112223e-03

Region 4 (9 circles):
Circle_Index,Center_X,Center_Y,Radius
0,-6.8820633639e-02,9.5392442899e-02,3.3390384535e-03
1,-6.7332402828e-02,9.8375945402e-02,3.3261339134e-03
2,-6.5816776030e-02,1.0132776134e-01,3.3072816778e-03
3,-6.4274527943e-02,1.0424110835e-01,3.2825777279e-03
4,-6.2706433263e-02,1.0710920409e-01,3.2521320397e-03
5,-6.1113266686e-02,1.0992526620e-01,3.2160711062e-03
6,-5.9495802910e-02,1.1268251232e-01,3.1745409957e-03
7,-5.7854816630e-02,1.1537416011e-01,3.1277110711e-03
8,-5.6191082545e-02,1.1799342720e-01,3.0757785312e-03

Region 5 (9 circles):
Circle_Index,Center_X,Center_Y,Radius
0,-5.4505375351e-02,1.2053353124e-01,3.0189739690e-03
1,-5.2798469744e-02,1.2298768988e-01,2.9575681919e-03
2,-5.1071140421e-02,1.2534912077e-01,2.8918806037e-03
3,-4.9324162080e-02,1.2761104154e-01,2.8222895065e-03
4,-4.7558309416e-02,1.2976666986e-01,2.7492447440e-03
5,-4.5774357127e-02,1.3180922335e-01,2.6732831561e-03
6,-4.3973079909e-02,1.3373191967e-01,2.5950473252e-03
7,-4.2155252460e-02,1.3552797646e-01,2.5153080210e-03
8,-4.0321649475e-02,1.3719061137e-01,2.4349905133e-03

Region 6 (9 circles):
Circle_Index,Center_X,Center_Y,Radius
0,-3.8473045652e-02,1.3871304204e-01,2.3552043866e-03
1,-3.6610215688e-02,1.4008848613e-01,2.2772754715e-03
2,-3.4733934279e-02,1.4131016126e-01,2.2027767684e-03
3,-3.2844976121e-02,1.4237128510e-01,2.1335525723e-03
4,-3.0944115913e-02,1.4326507529e-01,2.0717264703e-03
5,-2.9032128350e-02,1.4398474947e-01,2.0196801846e-03
6,-2.7109788129e-02,1.4452352529e-01,1.9840140935e-03
7,-2.5171215413e-02,1.4488296361e-01,2.0021735936e-03
8,-2.3148780280e-02,1.4508732133e-01,2.0675128525e-03

Region 7 (9 circles):
Circle_Index,Center_X,Center_Y,Radius
0,-2.1047186751e-02,1.4514151246e-01,2.1401222474e-03
1,-1.8871138845e-02,1.4505045106e-01,2.2178202729e-03
2,-1.6625340582e-02,1.4481905117e-01,2.2987332631e-03
3,-1.4314495980e-02,1.4445222681e-01,2.3812798480e-03
4,-1.1943309061e-02,1.4395489203e-01,2.4641400208e-03
5,-9.5164838426e-03,1.4333196086e-01,2.5462188443e-03
6,-7.0387243450e-03,1.4258834735e-01,2.6266106401e-03
7,-4.5147345878e-03,1.4172896553e-01,2.7045665506e-03
8,-1.9492185904e-03,1.4075872944e-01,2.7794665551e-03

Region 8 (9 circles):
Circle_Index,Center_X,Center_Y,Radius
0,6.5311962755e-04,1.3968255311e-01,2.8507960292e-03
1,3.2875760466e-03,1.3850535059e-01,2.9181264587e-03
2,5.9494466471e-03,1.3723203591e-01,2.9810997437e-03
3,8.6340274097e-03,1.3586752312e-01,3.0394155004e-03
4,1.1336614315e-02,1.3441672624e-01,3.0928208188e-03
5,1.4052503343e-02,1.3288455932e-01,3.1411020081e-03
6,1.6776990474e-02,1.3127593639e-01,3.1840779404e-03
7,1.9505371689e-02,1.2959577150e-01,3.2215946773e-03
8,2.2232942968e-02,1.2784897868e-01,3.2535211248e-03

Region 9 (9 circles):
Circle_Index,Center_X,Center_Y,Radius
0,2.4955000292e-02,1.2604047196e-01,3.2797455159e-03
1,2.7666839641e-02,1.2417516540e-01,3.3001725605e-03
2,3.0363756996e-02,1.2225797301e-01,3.3147211383e-03
3,3.3041048337e-02,1.2029380885e-01,3.3233224365e-03
4,3.5694009645e-02,1.1828758695e-01,3.3259184549e-03
5,3.8317936900e-02,1.1624422135e-01,3.3224608215e-03
6,4.0908126082e-02,1.1416862609e-01,3.3129098736e-03
7,4.3459873172e-02,1.1206571520e-01,3.2972339714e-03
8,4.5968474150e-02,1.0994040272e-01,3.2754090253e-03

Region 10 (9 circles):
Circle_Index,Center_X,Center_Y,Radius
0,4.8429224998e-02,1.0779760269e-01,3.2474182221e-03
1,5.0837421694e-02,1.0564222916e-01,3.2132519511e-03
2,5.3188360221e-02,1.0347919614e-01,3.1729079354e-03
3,5.5477336558e-02,1.0131341770e-01,3.1263915891e-03
4,5.7699646685e-02,9.9149807849e-02,3.0737166336e-03
5,5.9850586584e-02,9.6993280643e-02,3.0149060223e-03
6,6.1925452234e-02,9.4848750116e-02,2.9499932477e-03
7,6.3919539616e-02,9.2721130304e-02,2.8790241363e-03
8,6.5828144711e-02,9.0615335247e-02,2.8020592810e-03

Region 11 (9 circles):
Circle_Index,Center_X,Center_Y,Radius
0,6.7646563499e-02,8.8536278982e-02,2.7191773233e-03
1,6.9370091960e-02,8.6488875546e-02,2.6304793932e-03
2,7.0994026075e-02,8.4478038979e-02,2.5360951481e-03
3,7.2513661825e-02,8.2508683317e-02,2.4361910639e-03
4,7.3924295189e-02,8.0585722600e-02,2.3309819427e-03
5,7.5221222149e-02,7.8714070864e-02,2.2207470921e-03
6,7.6399738685e-02,7.6898642148e-02,2.1058533950e-03
7,7.7455140776e-02,7.5144350490e-02,1.9867886892e-03
8,7.8382724405e-02,7.3456109928e-02,2.1649119285e-03

Region 12 (9 circles):
Circle_Index,Center_X,Center_Y,Radius
0,7.9484577139e-02,7.1320008930e-02,2.4767275519e-03
1,8.0634956105e-02,6.9044334802e-02,2.6200310137e-03
2,8.1830238475e-02,6.6634315466e-02,2.7571911539e-03
3,8.3066801419e-02,6.4095178845e-02,2.8882056663e-03
4,8.4341022110e-02,6.1432152860e-02,3.0130753459e-03
5,8.5649277717e-02,5.8650465434e-02,3.1318034512e-03
6,8.6987945413e-02,5.5755344490e-02,3.2443952896e-03
7,8.8353402369e-02,5.2752017951e-02,3.3508579493e-03
8,8.9742025757e-02,4.9645713738e-02,3.4512001341e-03

Region 13 (9 circles):
Circle_Index,Center_X,Center_Y,Radius
0,9.1150192747e-02,4.6441659774e-02,3.5454320704e-03
1,9.2574280510e-02,4.3145083982e-02,3.6335654689e-03
2,9.4010666219e-02,3.9761214283e-02,3.7156135280e-03
3,9.5455727044e-02,3.6295278601e-02,3.7915909731e-03
4,9.6905840157e-02,3.2752504858e-02,3.8615141262e-03
5,9.8357382729e-02,2.9138120976e-02,3.9254010032e-03
6,9.9806731931e-02,2.5457354878e-02,3.9832714390e-03
7,1.0125026494e-01,2.1715434486e-02,4.0351472396e-03
8,1.0268435891e-01,1.7917587723e-02,4.0810523635e-03

Region 14 (9 circles):
Circle_Index,Center_X,Center_Y,Radius
0,1.0410539103e-01,1.4069042511e-02,4.1210131340e-03
1,1.0550973847e-01,1.0175026773e-02,4.1550584866e-03
2,1.0689377839e-01,6.2407684301e-03,4.1832202545e-03
3,1.0825388797e-01,2.2714954060e-03,4.2055334982e-03
4,1.0958644439e-01,-1.7275643773e-03,4.2220368850e-03
5,1.1088782480e-01,-5.7511829972e-03,4.2327731276e-03
6,1.1215440638e-01,-9.7941325314e-03,4.2377894885e-03
7,1.1338256631e-01,-1.3851185057e-02,4.2371383641e-03
8,1.1456868175e-01,-1.7917112653e-02,4.2308779596e-03

Region 15 (9 circles):
Circle_Index,Center_X,Center_Y,Radius
0,1.1570912988e-01,-2.1986687395e-02,4.2190730723e-03
1,1.1680028786e-01,-2.6054681361e-02,4.2017960014e-03
2,1.1783853288e-01,-3.0115866630e-02,4.1791276078e-03
3,1.1882024209e-01,-3.4165015278e-02,4.1511585512e-03
4,1.1974179268e-01,-3.8196899384e-02,4.1179907380e-03
5,1.2059956180e-01,-4.2206291024e-02,4.0797390187e-03
6,1.2138992664e-01,-4.6187962276e-02,4.0365331839e-03
7,1.2210926437e-01,-5.0136685218e-02,3.9885203149e-03
8,1.2275395215e-01,-5.4047231927e-02,3.9358675566e-03

Region 16 (9 circles):
Circle_Index,Center_X,Center_Y,Radius
0,1.2332036716e-01,-5.7914374481e-02,3.8787653956e-03
1,1.2380488657e-01,-6.1732884958e-02,3.8174315359e-03
2,1.2420388755e-01,-6.5497535435e-02,3.7521154861e-03
3,1.2451374727e-01,-6.9203097989e-02,3.6831039844e-03
4,1.2473084291e-01,-7.2844344698e-02,3.6107274049e-03
5,1.2485155163e-01,-7.6416047640e-02,3.5353672993e-03
6,1.2487225060e-01,-7.9912978892e-02,3.4574652299e-03
7,1.2478931700e-01,-8.3329910532e-02,3.3775330347e-03
8,1.2459912800e-01,-8.6661614638e-02,3.2961646167e-03

Region 17 (9 circles):
Circle_Index,Center_X,Center_Y,Radius
0,1.2429806077e-01,-8.9902863286e-02,3.2140492520e-03
1,1.2388249248e-01,-9.3048428554e-02,3.1319862336e-03
2,1.2334880030e-01,-9.6093082521e-02,3.0509003703e-03
3,1.2269336140e-01,-9.9031597263e-02,2.9718574073e-03
4,1.2191255296e-01,-1.0185874486e-01,2.8960777756e-03
5,1.2100275215e-01,-1.0456929738e-01,2.8249462145e-03
6,1.1996033613e-01,-1.0715802692e-01,2.7600137921e-03
7,1.1878168208e-01,-1.0961970554e-01,2.7029878922e-03
8,1.1746316717e-01,-1.1194910532e-01,2.6557052213e-03

Region 18 (9 circles):
Circle_Index,Center_X,Center_Y,Radius
0,1.1600116858e-01,-1.1414099834e-01,2.6200834631e-03
1,1.1439206346e-01,-1.1619015669e-01,2.5980495366e-03
2,1.1263222900e-01,-1.1809135243e-01,2.5914468986e-03
3,1.1071804236e-01,-1.1983935764e-01,2.6686754075e-03
4,1.0855993365e-01,-1.2153590712e-01,2.7608817004e-03
5,1.0627725170e-01,-1.2311675557e-01,2.7961479768e-03
6,1.0387403127e-01,-1.2458388241e-01,2.8383950632e-03
7,1.0135430709e-01,-1.2593926703e-01,2.8865893348e-03
8,9.8722113903e-02,-1.2718488885e-01,2.9397444972e-03

Region 19 (8 circles):
Circle_Index,Center_X,Center_Y,Radius
0,9.5981486453e-02,-1.2832272727e-01,2.9969358452e-03
1,9.3136459481e-02,-1.2935476170e-01,3.0573086655e-03
2,9.0191067729e-02,-1.3028297155e-01,3.1200818665e-03
3,8.7149345939e-02,-1.3110933622e-01,3.1845479950e-03
4,8.4015328852e-02,-1.3183583513e-01,3.2500707112e-03
5,8.0793051210e-02,-1.3246444768e-01,3.3160806237e-03
6,7.7486547755e-02,-1.3299715327e-01,3.3820701924e-03
7,7.4099853229e-02,-1.3343593132e-01,3.4475882193e-03

Region 20 (8 circles):
Circle_Index,Center_X,Center_Y,Radius
0,7.0637002373e-02,-1.3378276123e-01,3.5122342921e-03
1,6.7102029930e-02,-1.3403962241e-01,3.5756534191e-03
2,6.3498970640e-02,-1.3420849426e-01,3.6375309973e-03
3,5.9831859247e-02,-1.3429135620e-01,3.6975881931e-03
4,5.6104730491e-02,-1.3429018763e-01,3.7555777625e-03
5,5.2321619114e-02,-1.3420696796e-01,3.8112803121e-03
6,4.8486559858e-02,-1.3404367659e-01,3.8645009813e-03
7,4.4603587466e-02,-1.3380229294e-01,3.9150665159e-03

Region 21 (8 circles):
Circle_Index,Center_X,Center_Y,Radius
0,4.0676736678e-02,-1.3348479641e-01,3.9628226975e-03
1,3.6710042237e-02,-1.3309316640e-01,4.0076320944e-03
2,3.2707538883e-02,-1.3262938233e-01,4.0493720960e-03
3,2.8673261360e-02,-1.3209542360e-01,4.0879331996e-03
4,2.4611244409e-02,-1.3149326962e-01,4.1232175180e-03
5,2.0525522771e-02,-1.3082489980e-01,4.1551374802e-03
6,1.6420131188e-02,-1.3009229354e-01,4.1836147016e-03
7,1.2299104403e-02,-1.2929743026e-01,4.2085790015e-03

Region 22 (8 circles):
Circle_Index,Center_X,Center_Y,Radius
0,8.1664771564e-03,-1.2844228935e-01,4.2299675502e-03
1,4.0262841905e-03,-1.2752885023e-01,4.2477241284e-03
2,-1.1743975302e-04,-1.2655909230e-01,4.2617984857e-03
3,-4.2606599323e-03,-1.2553499497e-01,4.2721457866e-03
4,-8.3993416056e-03,-1.2445853766e-01,4.2787261324e-03
5,-1.2529450031e-02,-1.2333169975e-01,4.2815041531e-03
6,-1.6646950467e-02,-1.2215646067e-01,4.2804486590e-03
7,-2.0747808172e-02,-1.2093479982e-01,4.2755323489e-03

Region 23 (8 circles):
Circle_Index,Center_X,Center_Y,Radius
0,-2.4827988404e-02,-1.1966869661e-01,4.2667315684e-03
1,-2.8883456420e-02,-1.1836013044e-01,4.2540261159e-03
2,-3.2910177481e-02,-1.1701108073e-01,4.2373990925e-03
3,-3.6904116842e-02,-1.1562352687e-01,4.2168367949e-03
4,-4.0861239764e-02,-1.1419944828e-01,4.1923286506e-03
5,-4.4777511504e-02,-1.1274082436e-01,4.1638671952e-03
6,-4.8648897320e-02,-1.1124963453e-01,4.1314480934e-03
7,-5.2471362470e-02,-1.0972785818e-01,4.0950702057e-03

Region 24 (8 circles):
Circle_Index,Center_X,Center_Y,Radius
0,-5.6240872213e-02,-1.0817747474e-01,4.0547357059e-03
1,-5.9953391808e-02,-1.0660046359e-01,4.0104502525e-03
2,-6.3604886511e-02,-1.0499880415e-01,3.9622232234e-03
3,-6.7191321582e-02,-1.0337447584e-01,3.9100680217e-03
4,-7.0708662278e-02,-1.0172945805e-01,3.8540024648e-03
5,-7.4152873859e-02,-1.0006573019e-01,3.7940492727e-03
6,-7.7519921581e-02,-9.8385271669e-02,3.7302366756e-03
7,-8.0805770704e-02,-9.6690061897e-02,3.6625991637e-03

Region 25 (8 circles):
Circle_Index,Center_X,Center_Y,Radius
0,-8.4006386485e-02,-9.4982080280e-02,3.5911784148e-03
1,-8.7117734183e-02,-9.3263306226e-02,3.5160244386e-03
2,-9.0135779056e-02,-9.1535719140e-02,3.4371969912e-03
3,-9.3056486362e-02,-8.9801298432e-02,3.3547673300e-03
4,-9.5875821360e-02,-8.8062023507e-02,3.2688203975e-03
5,-9.8589749307e-02,-8.6319873774e-02,3.1794575510e-03
6,-1.0119423546e-01,-8.4576828639e-02,3.0867999925e-03
7,-1.0368524508e-01,-8.2834867510e-02,2.9909930999e-03

Region 26 (8 circles):
Circle_Index,Center_X,Center_Y,Radius
0,-1.0605874343e-01,-8.1095969795e-02,2.5081403050e-03
1,-1.0764997529e-01,-7.9765825132e-02,2.0678221468e-03
2,-1.0908674797e-01,-7.8287233647e-02,2.0656122610e-03
3,-1.1037392102e-01,-7.6666685622e-02,2.0822352504e-03
4,-1.1151635401e-01,-7.4910671337e-02,2.1149746700e-03
5,-1.1251890652e-01,-7.3025681073e-02,2.1609632409e-03
6,-1.1338643811e-01,-7.1018205111e-02,2.2173812519e-03
7,-1.1412380835e-01,-6.8894733733e-02,2.2815981322e-03

Region 27 (8 circles):
Circle_Index,Center_X,Center_Y,Radius
0,-1.1473587680e-01,-6.6661757218e-02,2.3512533674e-03
1,-1.1522750304e-01,-6.4325765848e-02,2.4242873545e-03
2,-1.1560354663e-01,-6.1893249904e-02,2.4989378446e-03
3,-1.1586886714e-01,-5.9370699666e-02,2.5737164865e-03
4,-1.1602832414e-01,-5.6764605416e-02,2.6473762955e-03
5,-1.1608677719e-01,-5.4081457433e-02,2.7188769922e-03
6,-1.1604908587e-01,-5.1327746000e-02,2.7873520940e-03
7,-1.1592010974e-01,-4.8509961397e-02,2.8520795824e-03

Region 28 (8 circles):
Circle_Index,Center_X,Center_Y,Radius
0,-1.1570470837e-01,-4.5634593905e-02,2.9124567251e-03
1,-1.1540774133e-01,-4.2708133804e-02,2.9679789662e-03
2,-1.1503406819e-01,-3.9737071376e-02,3.0182224819e-03
3,-1.1458854851e-01,-3.6727896902e-02,3.0628298911e-03
4,-1.1407604186e-01,-3.3687100661e-02,3.1014986052e-03
5,-1.1350140781e-01,-3.0621172936e-02,3.1339713515e-03
6,-1.1286950593e-01,-2.7536604008e-02,3.1600284641e-03
7,-1.1218519579e-01,-2.4439884156e-02,3.1794816069e-03

Region 29 (8 circles):
Circle_Index,Center_X,Center_Y,Radius
0,-1.1145333695e-01,-2.1337503662e-02,3.1921686532e-03
1,-1.1067878898e-01,-1.8235952806e-02,3.1979494962e-03
2,-1.0986641145e-01,-1.5141721871e-02,3.1967026137e-03
3,-1.0902106393e-01,-1.2061301135e-02,3.1883222409e-03
4,-1.0814760599e-01,-9.0011808815e-03,3.1727160388e-03
5,-1.0725089719e-01,-5.9678513898e-03,3.1498031654e-03
6,-1.0633579710e-01,-2.9678029412e-03,3.1195126781e-03
7,-1.0540716529e-01,-7.5258166235e-06,3.0817822102e-03
