Region Metadata for: shape_63.txt
================================================================================

REGION DEFINITION: Circle union (one circle per point)
  Each point gets a circle with radius = average distance to neighbors

Total vertices: 238
Number of regions: 30
Points per region:
  Region 0: 8 points
  Region 1: 8 points
  Region 2: 8 points
  Region 3: 8 points
  Region 4: 8 points
  Region 5: 8 points
  Region 6: 8 points
  Region 7: 8 points
  Region 8: 8 points
  Region 9: 8 points
  Region 10: 8 points
  Region 11: 8 points
  Region 12: 8 points
  Region 13: 8 points
  Region 14: 8 points
  Region 15: 8 points
  Region 16: 8 points
  Region 17: 8 points
  Region 18: 8 points
  Region 19: 8 points
  Region 20: 8 points
  Region 21: 8 points
  Region 22: 8 points
  Region 23: 8 points
  Region 24: 8 points
  Region 25: 8 points
  Region 26: 8 points
  Region 27: 8 points
  Region 28: 7 points
  Region 29: 7 points

REGION SUMMARY:
Region_Index,Num_Points,BBox_Min_X,BBox_Max_X,BBox_Min_Y,BBox_Max_Y,Normal_X,Normal_Y,Tangent_X,Tangent_Y,Fitted_Circle_X,Fitted_Circle_Y,Fitted_Circle_Radius,Local_AoA_Rad,Union_Area,Collection_Area
0,8,-4.9088384031e-02,-3.3029170954e-02,-1.2002513674e-03,1.7504490008e-02,-0.7781958057,0.6280217258,0.6280217258,0.7781958057,-2.0931545718e-01,1.4460247059e-01,-2.1684189652e-01,6.79008467e-01,1.04807382e-04,5.19975728e-05
1,8,-3.6219359286e-02,-2.3324635154e-02,1.4841309371e-02,3.4603111883e-02,-0.8830947093,0.4691947723,0.4691947723,0.8830947093,-8.5799312837e-02,5.3919427069e-02,-6.3570488838e-02,4.88378732e-01,9.80518100e-05,4.82369730e-05
2,8,-2.8214091887e-02,-1.4310071199e-02,3.1438681188e-02,6.1404461934e-02,-0.9563423190,0.2922488133,0.2922488133,0.9563423190,-2.9391425823e-01,1.2888063163e-01,-2.8485693884e-01,2.96577469e-01,1.97776304e-04,9.83015159e-05
3,8,-2.0980939288e-02,-6.1033303967e-03,5.7451070228e-02,9.2601583095e-02,-0.9690005907,0.2470584044,0.2470584044,0.9690005907,-4.7133458430e+00,1.2704787394e+00,-4.8494025092e+00,2.49643374e-01,2.65008787e-04,1.32512761e-04
4,8,-1.3231956685e-02,2.1354005426e-03,8.8401166820e-02,1.2278055495e-01,-0.9618646646,0.2735258068,0.2735258068,0.9618646646,4.6822884256e-01,-2.8562982548e-02,4.9248595002e-01,2.77056727e-01,2.56628435e-04,1.28817178e-04
5,8,-4.1074960495e-03,1.1333607667e-02,1.1889488529e-01,1.4661512986e-01,-0.9217295474,0.3878332651,0.3878332651,0.9217295474,1.2576271996e-01,8.2237780455e-02,1.3247077620e-01,3.98279699e-01,1.79622425e-04,9.09138208e-05
6,8,7.1554753117e-03,2.2816486091e-02,1.4344152465e-01,1.5917676923e-01,-0.7094737217,0.7047318910,0.7047318910,0.7094737217,3.4222042351e-02,1.3336527521e-01,2.7439815656e-02,7.82045177e-01,8.73347335e-05,4.53667469e-05
7,8,2.0814018062e-02,4.0064616719e-02,1.5127758695e-01,1.6025834434e-01,0.2511995496,0.9679353213,0.9679353213,-0.2511995496,2.5559597012e-02,1.4028706123e-01,1.7973899750e-02,1.82471567e+00,8.60745789e-05,4.51243566e-05
8,8,3.6692893992e-02,5.9296178634e-02,1.3377257139e-01,1.5547697503e-01,0.6866654136,0.7269735964,0.7269735964,-0.6866654136,-9.3798690166e-03,8.4650444193e-02,8.3754267744e-02,2.32768844e+00,1.69438293e-04,8.63361337e-05
9,8,5.4496523816e-02,7.6331996171e-02,1.0844869779e-01,1.3804538868e-01,0.8389530800,0.5442037575,0.5442037575,-0.8389530800,-6.9943945215e-02,3.5956692400e-02,1.6153657582e-01,2.56615292e+00,2.34389922e-04,1.18497817e-04
10,8,7.0220646204e-02,9.0280004043e-02,7.8075564200e-02,1.1291339895e-01,0.9140732769,0.4055490654,0.4055490654,-0.9140732769,-1.4169380007e-01,-2.7294364739e-03,2.4308352809e-01,2.72401322e+00,2.85131615e-04,1.43723061e-04
11,8,8.3226516464e-02,1.0034129199e-01,4.5329613668e-02,8.2597283288e-02,0.9581913909,0.2861280454,0.2861280454,-0.9581913909,-1.7556847380e-01,-1.5873630697e-02,2.7942267843e-01,2.85140917e+00,3.03218233e-04,1.52731694e-04
12,8,9.2793560779e-02,1.0575620045e-01,1.2848038518e-02,4.9695148299e-02,0.9866940132,0.1625882046,0.1625882046,-0.9866940132,-1.4120704461e-01,-8.5687498849e-03,2.4429038960e-01,2.97827946e+00,2.83425267e-04,1.42923918e-04
13,8,9.8164399486e-02,1.0649310284e-01,-1.6768309935e-02,1.6841906421e-02,0.9999756911,0.0069726096,0.0069726096,-0.9999756911,-5.9367938583e-02,-1.4439278791e-03,1.6211004873e-01,3.13461999e+00,2.31432292e-04,1.17028456e-04
14,8,9.4115024148e-02,1.0539592823e-01,-4.0970084857e-02,-1.3288872561e-02,0.9737021683,-0.2278246860,-0.2278246860,-0.9737021683,1.9564857811e-02,-8.8845128921e-03,8.2756466660e-02,-2.91174962e+00,1.64408433e-04,8.37480747e-05
15,8,8.0904478545e-02,9.8647849807e-02,-6.0558418731e-02,-3.7880096971e-02,0.8170875248,-0.5765136397,-0.5765136397,-0.8170875248,3.8618948186e-02,-1.2702868768e-02,6.3723322149e-02,-2.52713723e+00,1.43785172e-04,7.33894763e-05
16,8,5.9659505374e-02,8.4991645956e-02,-7.7839595563e-02,-5.6493296888e-02,0.6177058268,-0.7864092520,-0.7864092520,-0.6177058268,-2.4326383774e-03,2.8671648982e-02,1.2208718872e-01,-2.23661840e+00,1.89235648e-04,9.58810099e-05
17,8,3.3037893937e-02,6.3815912833e-02,-9.2498118704e-02,-7.2577228047e-02,0.4705856378,-0.8823543265,-0.8823543265,-0.4705856378,-5.3588351938e-02,1.0938887426e-01,2.1769804609e-01,-2.06075071e+00,2.34861420e-04,1.18328326e-04
18,8,3.4917128125e-03,3.7292205048e-02,-1.0442421223e-01,-8.6302628494e-02,0.3667384212,-0.9303240997,-0.9303240997,-0.3667384212,-1.0227061977e-01,2.1618393183e-01,3.3509101461e-01,-1.94629706e+00,2.60913259e-04,1.31157351e-04
19,8,-2.6577401479e-02,7.7060906166e-03,-1.1355853227e-01,-9.7726222864e-02,0.2889873289,-0.9573329221,-0.9573329221,-0.2889873289,-1.3535496564e-01,3.1133647285e-01,4.3584189496e-01,-1.86396519e+00,2.56898847e-04,1.29018264e-04
20,8,-5.4787972083e-02,-2.2612104402e-02,-1.1986189462e-01,-1.0685997775e-01,0.2243539255,-0.9745077301,-0.9745077301,-0.2243539255,-1.4206507880e-01,3.3453741496e-01,4.5998888836e-01,-1.79707634e+00,2.20372317e-04,1.10591119e-04
21,8,-7.8768287114e-02,-5.1313910103e-02,-1.2330488006e-01,-1.1369771590e-01,0.1607278590,-0.9869987616,-0.9869987616,-0.1607278590,-1.2258539620e-01,2.3209434826e-01,3.5570516983e-01,-1.73222438e+00,1.57879632e-04,7.92795370e-05
22,8,-8.9355726035e-02,-7.6608647430e-02,-1.2296599751e-01,-1.1411270899e-01,-0.4889172663,-0.8723301592,-0.8723301592,0.4889172663,-7.9016825142e-02,-1.1132833333e-01,9.6219162273e-03,-1.05994820e+00,4.50096129e-05,2.39105105e-05
23,8,-9.6299055118e-02,-8.6644014497e-02,-1.1626291706e-01,-9.7014334936e-02,-0.9430696418,-0.3325953257,-0.3325953257,0.9430696418,-4.2655549730e-02,-9.0038532759e-02,5.1975364767e-02,-3.39054242e-01,8.41361297e-05,4.29556646e-05
24,8,-9.8551373256e-02,-9.1722270519e-02,-9.9596865183e-02,-7.6603040159e-02,-0.9950934107,-0.0989399006,-0.0989399006,0.9950934107,1.6404713751e-02,-7.6996809395e-02,1.1248765680e-01,-9.91020380e-02,1.08999484e-04,5.51353882e-05
25,8,-9.8505162447e-02,-9.3011998019e-02,-7.9053772667e-02,-6.0674978586e-02,-0.9948166212,0.1016852504,0.1016852504,0.9948166212,-3.3572028686e-02,-7.5572174621e-02,6.2501215861e-02,1.01861307e-01,7.11663209e-05,3.61622540e-05
26,8,-9.5916554328e-02,-8.4908028423e-02,-6.2548845761e-02,-4.4957675059e-02,-0.8906482100,0.4546930460,0.4546930460,0.8906482100,-3.6000007338e-02,-8.2231404895e-02,6.2021808786e-02,4.72027543e-01,7.64851329e-05,3.89040846e-05
27,8,-8.8439529034e-02,-7.1853094641e-02,-4.7807118717e-02,-2.7779236495e-02,-0.7935901182,0.6084527297,0.6084527297,0.7935901182,7.2983322216e-02,-1.5572030144e-01,1.9352958136e-01,6.54109421e-01,1.16559232e-04,5.86623004e-05
28,7,-7.5672702037e-02,-5.8539435973e-02,-3.1256890441e-02,-1.2525027234e-02,-0.7518204900,0.6593678418,0.6593678418,0.7518204900,4.1927309104e-01,-4.4881240635e-01,6.4722911701e-01,7.19977614e-01,1.21114297e-04,6.06752538e-05
29,7,-6.2399190044e-02,-4.5419660931e-02,-1.6162182689e-02,2.1988746032e-03,-0.7464965473,0.6653892882,0.6653892882,0.7464965473,-1.0391205823e+00,8.7191397001e-01,-1.3202978811e+00,7.28015184e-01,1.17576714e-04,5.87060518e-05

DETAILED CIRCLE DATA:

Region 0 (8 circles):
Circle_Index,Center_X,Center_Y,Radius
0,-4.6378765539e-02,1.5093671254e-03,2.7096184928e-03
1,-4.4628814917e-02,3.5492088148e-03,2.6631653046e-03
2,-4.2926351413e-02,5.5652522920e-03,2.6118520096e-03
3,-4.1276773201e-02,7.5554943485e-03,2.5557623988e-03
4,-3.9685478455e-02,9.5179317761e-03,2.4949999626e-03
5,-3.8157865350e-02,1.1450561366e-02,2.4296921866e-03
6,-3.6699332061e-02,1.3351379911e-02,2.3599961442e-03
7,-3.5315276762e-02,1.5218384201e-02,2.2861058073e-03

Region 1 (8 circles):
Circle_Index,Center_X,Center_Y,Radius
0,-3.4011097628e-02,1.7049571029e-02,2.2082616573e-03
1,-3.2792192834e-02,1.8842937186e-02,2.1267633909e-03
2,-3.1663960555e-02,2.0596479463e-02,2.0419868063e-03
3,-3.0631798965e-02,2.2308194653e-02,2.1779877337e-03
4,-2.9499877272e-02,2.4375773444e-02,2.4383651840e-03
5,-2.8389485391e-02,2.6637486143e-02,2.5985199271e-03
6,-2.7298954060e-02,2.9082787689e-02,2.7534393082e-03
7,-2.6226614017e-02,3.1701133021e-02,2.9019788625e-03

Region 2 (8 circles):
Circle_Index,Center_X,Center_Y,Radius
0,-2.5170795999e-02,3.4481977075e-02,3.0432958875e-03
1,-2.4129830746e-02,3.7414774791e-02,3.1767607917e-03
2,-2.3102048995e-02,4.0488981107e-02,3.3018969997e-03
3,-2.2085781485e-02,4.3694050962e-02,3.4183396870e-03
4,-2.1079358953e-02,4.7019439292e-02,3.5258070505e-03
5,-2.0081112137e-02,5.0454601038e-02,3.6240800317e-03
6,-1.9089371776e-02,5.3988991137e-02,3.7129878248e-03
7,-1.8102468607e-02,5.7612064526e-02,3.7923974079e-03

Region 3 (8 circles):
Circle_Index,Center_X,Center_Y,Radius
0,-1.7118733370e-02,6.1313276146e-02,3.8622059180e-03
1,-1.6136496801e-02,6.5082080933e-02,3.9223350737e-03
2,-1.5154089639e-02,6.8907933827e-02,3.9727271018e-03
3,-1.4169842622e-02,7.2780289764e-02,4.0133417929e-03
4,-1.3182086488e-02,7.6688603685e-02,4.0441544294e-03
5,-1.2189151975e-02,8.0622330526e-02,4.0651544120e-03
6,-1.1189369822e-02,8.4570925227e-02,4.0763444674e-03
7,-1.0181070766e-02,8.8523842725e-02,4.0777403694e-03

Region 4 (8 circles):
Circle_Index,Center_X,Center_Y,Radius
0,-9.1625855456e-03,9.2470537960e-02,4.0693711394e-03
1,-8.1322448987e-03,9.6400465868e-02,4.0512797256e-03
2,-7.0883795634e-03,1.0030308139e-01,4.0235241903e-03
3,-6.0293202780e-03,1.0416783946e-01,3.9861794693e-03
4,-4.9533977803e-03,1.0798419502e-01,3.9393398039e-03
5,-3.8589428086e-03,1.1174160301e-01,3.8831219935e-03
6,-2.7442861010e-03,1.1542951836e-01,3.8176696776e-03
7,-1.6077583954e-03,1.1903739602e-01,3.7431589380e-03

Region 5 (8 circles):
Circle_Index,Center_X,Center_Y,Radius
0,-4.4769043005e-04,1.2255469091e-01,3.6598056195e-03
1,7.3758705701e-04,1.2597085799e-01,3.5678749212e-03
2,1.9497433277e-03,1.2927535219e-01,3.4676940207e-03
3,3.1904476439e-03,1.3245762844e-01,3.3596687833e-03
4,4.4613692675e-03,1.3550714169e-01,3.2443060194e-03
5,5.7641774605e-03,1.3841334688e-01,3.1222433049e-03
6,7.1005414847e-03,1.4116569893e-01,2.9942891278e-03
7,8.4721306021e-03,1.4375365280e-01,2.8614770653e-03

Region 6 (8 circles):
Circle_Index,Center_X,Center_Y,Radius
0,9.8806140745e-03,1.4616666341e-01,2.7251387628e-03
1,1.1327661164e-02,1.4839418571e-01,2.5870013470e-03
2,1.2814941132e-02,1.5042567463e-01,2.4493146677e-03
3,1.4344123241e-02,1.5225058512e-01,2.3150102893e-03
4,1.5916876753e-02,1.5385837211e-01,2.1878831294e-03
5,1.7534870930e-02,1.5523849054e-01,2.0727610407e-03
6,1.9199775032e-02,1.5638039534e-01,1.9755807541e-03
7,2.0913258324e-02,1.5727354146e-01,1.9032277668e-03

Region 7 (8 circles):
Circle_Index,Center_X,Center_Y,Radius
0,2.2676990066e-02,1.5790738384e-01,1.8629720035e-03
1,2.4492639520e-02,1.5827137741e-01,1.8614404621e-03
2,2.6361875948e-02,1.5835497711e-01,1.9033672263e-03
3,2.8286368612e-02,1.5814763788e-01,1.9906684804e-03
4,3.0267786774e-02,1.5763881466e-01,2.1223366966e-03
5,3.2307799696e-02,1.5681796238e-01,2.4797419644e-03
6,3.4766280949e-02,1.5556244276e-01,2.7927174759e-03
7,3.7205193930e-02,1.5413700974e-01,2.8594227895e-03

Region 8 (8 circles):
Circle_Index,Center_X,Center_Y,Radius
0,3.9623061022e-02,1.5254680799e-01,2.9301670308e-03
1,4.2018404612e-02,1.5079698220e-01,3.0038640351e-03
2,4.4389747085e-02,1.4889267702e-01,3.0795482163e-03
3,4.6735610824e-02,1.4683903713e-01,3.1563683483e-03
4,4.9054518215e-02,1.4464120720e-01,3.2335785322e-03
5,5.1344991643e-02,1.4230433190e-01,3.3105278767e-03
6,5.3605553493e-02,1.3983355590e-01,3.3866499267e-03
7,5.5834726150e-02,1.3723402388e-01,3.4614524837e-03

Region 9 (8 circles):
Circle_Index,Center_X,Center_Y,Radius
0,5.8031031998e-02,1.3451088050e-01,3.5345081828e-03
1,6.0192993423e-02,1.3166927044e-01,3.6054459967e-03
2,6.2319132810e-02,1.2871433837e-01,3.6739437147e-03
3,6.4407972542e-02,1.2565122896e-01,3.7397213713e-03
4,6.6458035007e-02,1.2248508687e-01,3.8025355555e-03
5,6.8467842587e-02,1.1922105679e-01,3.8621745162e-03
6,7.0435917668e-02,1.1586428339e-01,3.9184539718e-03
7,7.2360782636e-02,1.1241991132e-01,3.9712135352e-03

Region 10 (8 circles):
Circle_Index,Center_X,Center_Y,Radius
0,7.4240959874e-02,1.0889308528e-01,4.0203136706e-03
1,7.6074971769e-02,1.0528894992e-01,4.0656331102e-03
2,7.7861340704e-02,1.0161264992e-01,4.1070666638e-03
3,7.9598589065e-02,9.7869329944e-02,4.1445233669e-03
4,8.1285239236e-02,9.4064134673e-02,4.1779249193e-03
5,8.2919813603e-02,9.0202208775e-02,4.2072043736e-03
6,8.4500834551e-02,8.6288696919e-02,4.2323050400e-03
7,8.6026824463e-02,8.2328743779e-02,4.2531795795e-03

Region 11 (8 circles):
Circle_Index,Center_X,Center_Y,Radius
0,8.7496305727e-02,7.8327494025e-02,4.2697892630e-03
1,8.8907800725e-02,7.4290092328e-02,4.2821033769e-03
2,9.0259831843e-02,7.0221683360e-02,4.2900987615e-03
3,9.1550921467e-02,6.6127411792e-02,4.2937594699e-03
4,9.2779591980e-02,6.2012422295e-02,4.2930765401e-03
5,9.3944365769e-02,5.7881859540e-02,4.2880478744e-03
6,9.5043765217e-02,5.3740868200e-02,4.2786782236e-03
7,9.6076312709e-02,4.9594592944e-02,4.2649792761e-03

Region 12 (8 circles):
Circle_Index,Center_X,Center_Y,Radius
0,9.7040530632e-02,4.5448178445e-02,4.2469698531e-03
1,9.7934941369e-02,4.1306769374e-02,4.2246762181e-03
2,9.8758067305e-02,3.7175510402e-02,4.1981325046e-03
3,9.9508430826e-02,3.3059546200e-02,4.1673812773e-03
4,1.0018455432e-01,2.8964021440e-02,4.1324742386e-03
5,1.0078496016e-01,2.4894080793e-02,4.0934731006e-03
6,1.0130817074e-01,2.0854868929e-02,4.0504506455e-03
7,1.0175270845e-01,1.6851530522e-02,4.0034920032e-03

Region 13 (8 circles):
Circle_Index,Center_X,Center_Y,Radius
0,1.0211709567e-01,1.2889210241e-02,3.9526961807e-03
1,1.0239985478e-01,8.9730527579e-03,3.8981778856e-03
2,1.0259950817e-01,5.1082027444e-03,3.8400696941e-03
3,1.0271457822e-01,1.2998048716e-03,3.7785246227e-03
4,1.0274358732e-01,-2.4469961893e-03,3.7137191738e-03
5,1.0268505785e-01,-6.1270557669e-03,3.6458569373e-03
6,1.0253751221e-01,-9.7352291901e-03,3.5751728404e-03
7,1.0229947276e-01,-1.3266371787e-02,3.5019381481e-03

Region 14 (8 circles):
Circle_Index,Center_X,Center_Y,Radius
0,1.0196946191e-01,-1.6715338888e-02,3.4264663268e-03
1,1.0154600203e-01,-2.0076985819e-02,3.3491198797e-03
2,1.0102761550e-01,-2.3346167911e-02,3.2703182548e-03
3,1.0041282472e-01,-2.6517740492e-02,3.1905468910e-03
4,9.9700152067e-02,-2.9586558891e-02,3.1103674029e-03
5,9.8888119926e-02,-3.2547478437e-02,3.0304287837e-03
6,9.7975250684e-02,-3.5395354457e-02,2.9514793135e-03
7,9.6960066724e-02,-3.8125042281e-02,2.8450425758e-03

Region 15 (8 circles):
Circle_Index,Center_X,Center_Y,Radius
0,9.5854615183e-02,-4.0673331595e-02,2.7932346246e-03
1,9.4593928384e-02,-4.3183245375e-02,2.8273991564e-03
2,9.3182623895e-02,-4.5654740844e-02,2.8674041576e-03
3,9.1625319283e-02,-4.8087775224e-02,2.9123064951e-03
4,8.9926632116e-02,-5.0482305739e-02,2.9612137859e-03
5,8.8091179961e-02,-5.2838289612e-02,3.0132939146e-03
6,8.6123580385e-02,-5.5155684065e-02,3.0677800963e-03
7,8.4028450955e-02,-5.7434446321e-02,3.1239724100e-03

Region 16 (8 circles):
Circle_Index,Center_X,Center_Y,Radius
0,8.1810409240e-02,-5.9674533604e-02,3.1812367157e-03
1,7.9474072806e-02,-6.1875903136e-02,3.2390017723e-03
2,7.7024059221e-02,-6.4038512141e-02,3.2967552225e-03
3,7.4464986052e-02,-6.6162317840e-02,3.3540389649e-03
4,7.1801470866e-02,-6.8247277459e-02,3.4104442908e-03
5,6.9038131232e-02,-7.0293348218e-02,3.4656070479e-03
6,6.6179584716e-02,-7.2300487341e-02,3.5192030040e-03
7,6.3230448885e-02,-7.4268652052e-02,3.5709435111e-03

Region 17 (8 circles):
Circle_Index,Center_X,Center_Y,Radius
0,6.0195341308e-02,-7.6197799573e-02,3.6205715250e-03
1,5.7078879551e-02,-7.8087887126e-02,3.6678579983e-03
2,5.3885681182e-02,-7.9938871936e-02,3.7125986439e-03
3,5.0620363768e-02,-8.1750711225e-02,3.7546110533e-03
4,4.7287544877e-02,-8.3523362215e-02,3.7937321429e-03
5,4.3891842076e-02,-8.5256782130e-02,3.8298159007e-03
6,4.0437872932e-02,-8.6950928194e-02,3.8627314037e-03
7,3.6930255013e-02,-8.8605757628e-02,3.8923610761e-03

Region 18 (8 circles):
Circle_Index,Center_X,Center_Y,Radius
0,3.3373605886e-02,-9.0221227655e-02,3.9185991617e-03
1,2.9772543119e-02,-9.1797295500e-02,3.9413503841e-03
2,2.6131684278e-02,-9.3333918384e-02,3.9605287726e-03
3,2.2455646932e-02,-9.4831053531e-02,3.9760566330e-03
4,1.8749048648e-02,-9.6288658163e-02,3.9878636449e-03
5,1.5016506992e-02,-9.7706689504e-02,3.9958860695e-03
6,1.1262639533e-02,-9.9085104776e-02,4.0000660549e-03
7,7.4920638376e-03,-1.0042386120e-01,4.0003510251e-03

Region 19 (8 circles):
Circle_Index,Center_X,Center_Y,Radius
0,3.7093974734e-03,-1.0172291601e-01,3.9966931432e-03
1,-8.0741992202e-05,-1.0298222641e-01,3.9890488398e-03
2,-3.8737369919e-03,-1.0420174964e-01,3.9773783984e-03
3,-7.6649699582e-03,-1.0538144291e-01,3.9616455901e-03
4,-1.1449823324e-02,-1.0652126346e-01,3.9418173541e-03
5,-1.5223679521e-02,-1.0762116849e-01,3.9178635165e-03
6,-1.8981920983e-02,-1.0868111524e-01,3.8897565453e-03
7,-2.2719930143e-02,-1.0970106093e-01,3.8574713363e-03

Region 20 (8 circles):
Circle_Index,Center_X,Center_Y,Radius
0,-2.6433089432e-02,-1.1068096278e-01,3.8209850293e-03
1,-3.0116781283e-02,-1.1162077801e-01,3.7802768500e-03
2,-3.3766388130e-02,-1.1252046386e-01,3.7353279780e-03
3,-3.7377292404e-02,-1.1337997753e-01,3.6861214382e-03
4,-4.0944876538e-02,-1.1419927625e-01,3.6326420167e-03
5,-4.4464522965e-02,-1.1497831725e-01,3.5748762007e-03
6,-4.7931614118e-02,-1.1571705775e-01,3.5128121431e-03
7,-5.1341532429e-02,-1.1641545497e-01,3.4464396546e-03

Region 21 (8 circles):
Circle_Index,Center_X,Center_Y,Radius
0,-5.4689660330e-02,-1.1707346613e-01,3.3757502272e-03
1,-5.7971380255e-02,-1.1769104846e-01,3.3007370914e-03
2,-6.1182074636e-02,-1.1826815919e-01,3.2213953174e-03
3,-6.4317125905e-02,-1.1880475552e-01,3.1377219670e-03
4,-6.7371916496e-02,-1.1930079470e-01,3.0497163126e-03
5,-7.0341828840e-02,-1.1975623393e-01,2.9573801398e-03
6,-7.3222245371e-02,-1.2017103044e-01,2.8607181631e-03
7,-7.6008548521e-02,-1.2054514147e-01,2.7597385923e-03

Region 22 (8 circles):
Circle_Index,Center_X,Center_Y,Radius
0,-7.8696120723e-02,-1.2087852421e-01,2.0874732933e-03
1,-8.0162447050e-02,-1.2091483787e-01,1.4427285556e-03
2,-8.1561149048e-02,-1.2067758470e-01,1.4197495136e-03
3,-8.2892651504e-02,-1.2018177777e-01,1.4428997187e-03
4,-8.4157379208e-02,-1.1944243012e-01,1.5027004906e-03
5,-8.5355756947e-02,-1.1847455480e-01,1.5884594973e-03
6,-8.6488209512e-02,-1.1729316485e-01,1.6903862044e-03
7,-8.7555161689e-02,-1.1591327333e-01,1.8005643461e-03

Region 23 (8 circles):
Circle_Index,Center_X,Center_Y,Radius
0,-8.8557038269e-02,-1.1434989329e-01,1.9130237717e-03
1,-8.9494264039e-02,-1.1261803776e-01,2.0234115347e-03
2,-9.0367263789e-02,-1.1073271980e-01,2.1285905192e-03
3,-9.1176462306e-02,-1.0870895246e-01,2.2262973720e-03
4,-9.1922284380e-02,-1.0656174879e-01,2.3148863713e-03
5,-9.2605154800e-02,-1.0430612182e-01,2.3931479305e-03
6,-9.3225498353e-02,-1.0195708462e-01,2.4601827871e-03
7,-9.3783739829e-02,-9.9529650224e-02,2.5153152889e-03

Region 24 (8 circles):
Circle_Index,Center_X,Center_Y,Radius
0,-9.4280304016e-02,-9.7038831686e-02,2.5580334970e-03
1,-9.4715615702e-02,-9.4499642053e-02,2.5879476086e-03
2,-9.5090099678e-02,-9.1927094372e-02,2.6047609872e-03
3,-9.5404180730e-02,-8.9336201691e-02,2.6082500207e-03
4,-9.5658283648e-02,-8.6741977058e-02,2.5982503374e-03
5,-9.5852833221e-02,-8.4159433522e-02,2.5746478136e-03
6,-9.5988254236e-02,-8.1603584130e-02,2.5373734572e-03
7,-9.6064971484e-02,-7.9089441930e-02,2.4864017719e-03

Region 25 (8 circles):
Circle_Index,Center_X,Center_Y,Radius
0,-9.6083409751e-02,-7.6632019971e-02,2.4217526955e-03
1,-9.6043993828e-02,-7.4246331300e-02,2.3434977732e-03
2,-9.5947148503e-02,-7.1947388964e-02,2.2517720244e-03
3,-9.5793298563e-02,-6.9750206013e-02,2.1467942477e-03
4,-9.5582868799e-02,-6.7669795494e-02,2.0289007600e-03
5,-9.5316283998e-02,-6.5721170455e-02,1.8986017713e-03
6,-9.4993968950e-02,-6.3919343944e-02,1.7566778154e-03
7,-9.4616348442e-02,-6.2279329009e-02,1.6043504229e-03

Region 26 (8 circles):
Circle_Index,Center_X,Center_Y,Radius
0,-9.4183847264e-02,-6.0816138698e-02,1.7327070634e-03
1,-9.3519434352e-02,-5.8993842537e-02,1.9774182774e-03
2,-9.2740563316e-02,-5.7135248336e-02,2.0529983776e-03
3,-9.1852632332e-02,-5.5242359305e-02,2.1281722087e-03
4,-9.0861039574e-02,-5.3317178652e-02,2.2021068407e-03
5,-8.9771183218e-02,-5.1361709585e-02,2.2741201203e-03
6,-8.8588461437e-02,-4.9377955312e-02,2.3436525462e-03
7,-8.7318272406e-02,-4.7367919042e-02,2.4102439831e-03

Region 27 (8 circles):
Circle_Index,Center_X,Center_Y,Radius
0,-8.5966014300e-02,-4.5333603983e-02,2.4735147335e-03
1,-8.4537085294e-02,-4.3277013344e-02,2.5331503138e-03
2,-8.3036883563e-02,-4.1200150333e-02,2.5888892824e-03
3,-8.1470807280e-02,-3.9105018158e-02,2.6405135288e-03
4,-7.9844254621e-02,-3.6993620027e-02,2.6878405336e-03
5,-7.8162623761e-02,-3.4867959150e-02,2.7307171913e-03
6,-7.6431312874e-02,-3.2730038734e-02,2.7690148758e-03
7,-7.4655720134e-02,-3.0581861988e-02,2.8026254931e-03

Region 28 (7 circles):
Circle_Index,Center_X,Center_Y,Radius
0,-7.2841243716e-02,-2.8425432121e-02,2.8314583208e-03
1,-7.0993281796e-02,-2.6262752339e-02,2.8554374792e-03
2,-6.9117232548e-02,-2.4095825853e-02,2.8744999133e-03
3,-6.7218494145e-02,-2.1926655870e-02,2.8885937922e-03
4,-6.5302464764e-02,-1.9757245599e-02,2.8976772534e-03
5,-6.3374542579e-02,-1.7589598248e-02,2.9017174405e-03
6,-6.1440125764e-02,-1.5425717025e-02,2.9006897911e-03

Region 29 (7 circles):
Circle_Index,Center_X,Center_Y,Radius
0,-5.9504612494e-02,-1.3267605140e-02,2.8945775497e-03
1,-5.7573400944e-02,-1.1117265799e-02,2.8833714861e-03
2,-5.5651889288e-02,-8.9767022121e-03,2.8670698120e-03
3,-5.3745475701e-02,-6.8479175871e-03,2.8456782963e-03
4,-5.1859558358e-02,-4.7329151325e-03,2.8192105880e-03
5,-4.9999535434e-02,-2.6336980566e-03,2.7876887697e-03
6,-4.8170805102e-02,-5.5226956786e-04,2.7511441711e-03
