Region Metadata for: shape_17.txt
================================================================================

REGION DEFINITION: Circle union (one circle per point)
  Each point gets a circle with radius = average distance to neighbors

Total vertices: 186
Number of regions: 30
Points per region:
  Region 0: 7 points
  Region 1: 7 points
  Region 2: 7 points
  Region 3: 7 points
  Region 4: 7 points
  Region 5: 7 points
  Region 6: 6 points
  Region 7: 6 points
  Region 8: 6 points
  Region 9: 6 points
  Region 10: 6 points
  Region 11: 6 points
  Region 12: 6 points
  Region 13: 6 points
  Region 14: 6 points
  Region 15: 6 points
  Region 16: 6 points
  Region 17: 6 points
  Region 18: 6 points
  Region 19: 6 points
  Region 20: 6 points
  Region 21: 6 points
  Region 22: 6 points
  Region 23: 6 points
  Region 24: 6 points
  Region 25: 6 points
  Region 26: 6 points
  Region 27: 6 points
  Region 28: 6 points
  Region 29: 6 points

REGION SUMMARY:
Region_Index,Num_Points,BBox_Min_X,BBox_Max_X,BBox_Min_Y,BBox_Max_Y,Normal_X,Normal_Y,Tangent_X,Tangent_Y,Fitted_Circle_X,Fitted_Circle_Y,Fitted_Circle_Radius,Local_AoA_Rad,Union_Area,Collection_Area
0,7,-1.1410257600e-01,-1.0318802801e-01,-2.1252189397e-04,2.4252807648e-02,-0.9682697997,0.2499071726,0.2499071726,0.9682697997,2.4563463331e-02,-2.2483881720e-02,1.3800572663e-01,2.52584385e-01,1.43780700e-04,7.27768829e-05
1,7,-1.0853572816e-01,-9.4601406910e-02,2.0875356159e-02,4.3470177974e-02,-0.9027283227,0.4302110823,0.4302110823,0.9027283227,-2.3568521815e-02,-4.6163282982e-03,8.6646340157e-02,4.44726591e-01,1.36375094e-04,6.93713587e-05
2,7,-9.8654089126e-02,-8.2847331677e-02,4.0187239412e-02,5.5138718364e-02,-0.6774306505,0.7355866460,0.7355866460,0.6774306505,-7.0566193612e-02,2.6519496249e-02,3.0155416353e-02,8.26532261e-01,9.05633426e-05,4.70626873e-05
3,7,-8.6042421335e-02,-5.5094884091e-02,5.0741951011e-02,6.4407536793e-02,-0.2580714812,0.9661258255,0.9661258255,0.2580714812,-1.5635480174e-02,-1.5186468675e-01,2.1638494004e-01,1.30977079e+00,2.32367091e-04,1.17435377e-04
4,7,-5.9591257662e-02,-2.2539493969e-02,5.6480518383e-02,7.0252082917e-02,-0.1582088891,0.9874056651,0.9874056651,0.1582088891,2.4411626808e-02,-3.4763968698e-01,4.1624836301e-01,1.41191989e+00,3.20076366e-04,1.60866847e-04
5,7,-2.7481065271e-02,1.2801457618e-02,6.1043201602e-02,7.4003790945e-02,-0.0949290078,0.9954840448,0.9954840448,0.0949290078,5.7622342108e-02,-6.1605662654e-01,6.8673068401e-01,1.47572416e+00,3.73495602e-04,1.87457837e-04
6,6,7.6332715836e-03,4.3829516608e-02,6.4057715276e-02,7.5802797508e-02,-0.0544272148,0.9985177406,0.9985177406,0.0544272148,7.9281544917e-02,-9.1347536678e-01,9.8494521699e-01,1.51634220e+00,3.40626057e-04,1.70710948e-04
7,6,3.8664186491e-02,7.4243175214e-02,6.5681475559e-02,7.6517723156e-02,-0.0269626204,0.9996364425,0.9996364425,0.0269626204,9.0928398158e-02,-1.2054518069e+00,1.2771578000e+00,1.54383044e+00,3.28581106e-04,1.64623662e-04
8,6,6.9272880465e-02,1.0281911348e-01,6.6652907437e-02,7.6552095552e-02,-0.0059612994,0.9999822313,0.9999822313,0.0059612994,9.5504748471e-02,-1.4923679326e+00,1.5641126860e+00,1.56483499e+00,2.92060789e-04,1.46258866e-04
9,6,9.8241553044e-02,1.2833510721e-01,6.7191648798e-02,7.6267367713e-02,0.0101858636,0.9999481227,0.9999481227,-0.0101858636,9.4805718057e-02,-1.7650353344e+00,1.8367822724e+00,1.58098237e+00,2.35360072e-04,1.17843908e-04
10,6,1.2435140984e-01,1.4956956277e-01,6.7516343606e-02,7.5369429848e-02,0.0222024368,0.9997534955,0.9997534955,-0.0222024368,8.9137835920e-02,-2.0959671222e+00,2.1677634863e+00,1.59300059e+00,1.65761340e-04,8.29551333e-05
11,6,1.4743770843e-01,1.5346628711e-01,6.4508907683e-02,7.3013973527e-02,0.9006276866,0.4345914979,0.4345914979,-0.9006276866,1.4781007188e-01,6.7373228465e-02,4.0907678144e-03,2.69200800e+00,2.78345148e-05,1.55584183e-05
12,6,1.4733062066e-01,1.5354678246e-01,5.2458868187e-02,6.6252767014e-02,0.9731226728,-0.2302873502,-0.2302873502,-0.9731226728,1.0943066410e-01,6.9219238756e-02,4.2554031212e-02,-2.90921969e+00,5.16103229e-05,2.64369314e-05
13,6,1.3914169721e-01,1.5054846484e-01,4.1474942922e-02,5.4552515468e-02,0.7893669657,-0.6139216510,-0.6139216510,-0.7893669657,1.3421558595e-01,5.7789491536e-02,1.5297200631e-02,-2.48057351e+00,7.01494189e-05,3.58516015e-05
14,6,1.1994779039e-01,1.4380229398e-01,2.4040959523e-02,4.6464986574e-02,0.6721292485,-0.7404338413,-0.7404338413,-0.6721292485,9.0326994865e-01,-8.1348435441e-01,-1.1469836248e+00,-2.30787705e+00,2.23482804e-04,1.11535995e-04
15,6,9.7814614613e-02,1.2576625997e-01,3.4487147690e-03,3.0118146965e-02,0.6806808064,-0.7325801252,-0.7325801252,-0.6806808064,6.7498810257e+00,-7.1257163920e+00,-9.7508958857e+00,-2.31948789e+00,3.10347622e-04,1.55138029e-04
16,6,7.3512867551e-02,1.0444736027e-01,-1.9038177610e-02,1.0351601951e-02,0.6782326854,-0.7348472117,-0.7348472117,-0.6782326854,-2.3147716587e+00,2.6001019557e+00,3.5441892170e+00,-2.31615127e+00,3.78224242e-04,1.89337592e-04
17,6,4.7810402955e-02,8.0614351936e-02,-4.2158947818e-02,-1.1572975361e-02,0.6673843484,-0.7447134560,-0.7447134560,-0.6673843484,-1.0753474765e+00,1.2447245840e+00,1.7075499989e+00,-2.30148727e+00,4.17710792e-04,2.09240679e-04
18,6,2.1472623593e-02,5.5038614045e-02,-6.4655277038e-02,-3.4391289852e-02,0.6476951721,-0.7618995761,-0.7618995761,-0.6476951721,-6.5102962477e-01,7.6110481821e-01,1.0641654174e+00,-2.27535175e+00,4.24345106e-04,2.12708917e-04
19,6,-4.7388204946e-03,2.8494082244e-02,-8.5272599178e-02,-5.6836489824e-02,0.6162660258,-0.7875380533,-0.7875380533,-0.6162660258,-4.0593778698e-01,4.6246110216e-01,6.7781483753e-01,-2.23478886e+00,3.98266893e-04,1.99980179e-04
20,6,-3.0069743544e-02,1.7588454306e-03,-1.0276381243e-01,-7.7637570330e-02,0.5664911180,-0.8240678451,-0.8240678451,-0.5664911180,-2.4695403930e-01,2.4777290236e-01,4.1065123935e-01,-2.17303792e+00,3.44051462e-04,1.73062185e-04
21,6,-5.3783281321e-02,-2.4380502284e-02,-1.1589913650e-01,-9.5515021209e-02,0.4841130178,-0.8750054777,-0.8750054777,-0.4841130178,-1.4906326561e-01,9.2085505895e-02,2.2671615020e-01,-2.07614552e+00,2.71040291e-04,1.36824330e-04
22,6,-7.4530958039e-02,-4.9117168943e-02,-1.2283717957e-01,-1.0916913445e-01,0.3369522966,-0.9415217203,-0.9415217203,-0.3369522966,-9.9771034330e-02,-1.2717950448e-02,1.1084852189e-01,-1.91447434e+00,1.84482594e-04,9.40308795e-05
23,6,-8.6286710671e-02,-7.1630279364e-02,-1.2241109705e-01,-1.1356004727e-01,-0.3859622958,-0.9225145561,-0.9225145561,0.3859622958,-7.3875729680e-02,-1.0665421857e-01,1.3633121454e-02,-1.17454561e+00,6.50699613e-05,3.48949343e-05
24,6,-9.7387180865e-02,-8.2892670303e-02,-1.1691403921e-01,-9.7336502379e-02,-0.8504980372,-0.5259782208,-0.5259782208,0.8504980372,-4.2635466802e-02,-7.8616847085e-02,5.5811710413e-02,-5.53864879e-01,1.26514597e-04,6.49440082e-05
25,6,-1.0596163294e-01,-9.1597442935e-02,-1.0127598507e-01,-7.4615108411e-02,-0.9452181973,-0.3264392126,-0.3264392126,0.9452181973,5.9167297318e-02,-3.3834464846e-02,1.6710832824e-01,-3.32533953e-01,2.00224735e-04,1.01175470e-04
26,6,-1.1177538558e-01,-9.8692999356e-02,-7.8958229424e-02,-5.0040243585e-02,-0.9745771315,-0.2240522589,-0.2240522589,0.9745771315,1.9966696284e-01,5.5840031668e-03,3.1305867496e-01,-2.25970463e-01,2.25107254e-04,1.13246702e-04
27,6,-1.1476698968e-01,-1.0433941118e-01,-5.4210397559e-02,-2.8083053884e-02,-0.9876569960,-0.1566322389,-0.1566322389,0.9876569960,2.5275055607e-01,1.6713739800e-02,3.6729170998e-01,-1.57279875e-01,1.81025487e-04,9.09791692e-05
28,6,-1.1519606761e-01,-1.0856812417e-01,-3.1410740595e-02,-1.3178748631e-02,-0.9961148675,-0.0880634469,-0.0880634469,0.9961148675,5.0911272484e-02,-7.0387206653e-03,1.6405365617e-01,-8.81776705e-02,8.97932748e-05,4.52794605e-05
29,6,-1.1523089255e-01,-1.0871462114e-01,-1.5332822924e-02,2.7755956583e-03,-0.9950152384,0.0997229934,0.0997229934,0.9950152384,-1.6887581473e-02,-1.6241931297e-02,9.6087254743e-02,9.98890230e-02,8.65265783e-05,4.39297496e-05

DETAILED CIRCLE DATA:

Region 0 (7 circles):
Circle_Index,Center_X,Center_Y,Radius
0,-1.1111087494e-01,2.7791791739e-03,2.9917010679e-03
1,-1.1052237556e-01,5.7533450182e-03,3.0645201194e-03
2,-1.0985392245e-01,8.7775607595e-03,3.1224991261e-03
3,-1.0910632543e-01,1.1835283594e-02,3.1657375933e-03
4,-1.0828039430e-01,1.4909970720e-02,3.1943824909e-03
5,-1.0737693890e-01,1.7985079332e-02,3.2086317671e-03
6,-1.0639676903e-01,2.1044066628e-02,3.2087410203e-03

Region 1 (7 circles):
Circle_Index,Center_X,Center_Y,Radius
0,-1.0534069451e-01,2.4070389804e-02,3.1950336447e-03
1,-1.0420952516e-01,2.7047506057e-02,3.1679151127e-03
2,-1.0300407080e-01,2.9958872583e-02,3.1278924503e-03
3,-1.0172514124e-01,3.2787946579e-02,3.0756004300e-03
4,-1.0037354629e-01,3.5518185242e-02,3.0118365895e-03
5,-9.8950095785e-02,3.8133045769e-02,2.9376078913e-03
6,-9.7455599529e-02,4.0615985355e-02,2.8541926188e-03

Region 2 (7 circles):
Circle_Index,Center_X,Center_Y,Radius
0,-9.5890867341e-02,4.2950461197e-02,2.7632217852e-03
1,-9.4256709038e-02,4.5119930493e-02,2.6667843984e-03
2,-9.2553934437e-02,4.7107850439e-02,2.5675592776e-03
3,-9.0783353355e-02,4.8897678231e-02,2.4689704950e-03
4,-8.8945775609e-02,5.0472871066e-02,2.3753501776e-03
5,-8.7042011015e-02,5.1816886141e-02,2.2920667428e-03
6,-8.5072869389e-02,5.2913180652e-02,2.2255377121e-03

Region 3 (7 circles):
Circle_Index,Center_X,Center_Y,Radius
0,-8.3039160549e-02,5.3745211796e-02,3.0032607855e-03
1,-7.9414367553e-02,5.4916039011e-02,3.8637333096e-03
2,-7.5659899940e-02,5.6037123981e-02,3.9711394991e-03
3,-7.1781407919e-02,5.7109471305e-02,4.0750577131e-03
4,-6.7784541697e-02,5.8134085584e-02,4.1752210982e-03
5,-6.3674951481e-02,5.9111971418e-02,4.2714015794e-03
6,-5.9458287478e-02,6.0044133407e-02,4.3634033862e-03

Region 4 (7 circles):
Circle_Index,Center_X,Center_Y,Radius
0,-5.5140199895e-02,6.0931576150e-02,4.4510577671e-03
1,-5.0726338940e-02,6.1775304247e-02,4.5342186589e-03
2,-4.6222354821e-02,6.2576322299e-02,4.6127591298e-03
3,-4.1633897743e-02,6.3335634905e-02,4.6865684450e-03
4,-3.6966617916e-02,6.4054246666e-02,4.7555496385e-03
5,-3.2226165545e-02,6.4733162180e-02,4.8196174953e-03
6,-2.7418190838e-02,6.5373386049e-02,4.8786968685e-03

Region 5 (7 circles):
Circle_Index,Center_X,Center_Y,Radius
0,-2.2548344002e-02,6.5975922871e-02,4.9327212692e-03
1,-1.7622275245e-02,6.6541777248e-02,4.9816316822e-03
2,-1.2645634773e-02,6.7071953778e-02,5.0253755657e-03
3,-7.6240727951e-03,6.7567457062e-02,5.0639060046e-03
4,-2.5632395171e-03,6.8029291700e-02,5.0971809908e-03
5,2.5312148533e-03,6.8458462291e-02,5.1251628085e-03
6,7.6536401089e-03,6.8855973436e-02,5.1478175090e-03

Region 6 (6 circles):
Circle_Index,Center_X,Center_Y,Radius
0,1.2798386042e-02,6.9222829734e-02,5.1651144588e-03
1,1.7959802447e-02,6.9560035786e-02,5.1770259508e-03
2,2.3132239114e-02,6.9868596191e-02,5.1835268678e-03
3,2.8310045838e-02,7.0149515549e-02,5.1845943908e-03
4,3.3487572411e-02,7.0403798460e-02,5.1802077461e-03
5,3.8659168625e-02,7.0632449525e-02,5.1703479833e-03

Region 7 (6 circles):
Circle_Index,Center_X,Center_Y,Radius
0,4.3819184274e-02,7.0836473342e-02,5.1549977826e-03
1,4.8961969150e-02,7.1016874512e-02,5.1341412856e-03
2,5.4081873045e-02,7.1174657635e-02,5.1077639455e-03
3,5.9173245754e-02,7.1310827311e-02,5.0758523969e-03
4,6.4230437068e-02,7.1426388140e-02,5.0383943393e-03
5,6.9247796779e-02,7.1522344721e-02,4.9953784347e-03

Region 8 (6 circles):
Circle_Index,Center_X,Center_Y,Radius
0,7.4219674682e-02,7.1599701654e-02,4.9467942171e-03
1,7.9140420569e-02,7.1659463541e-02,4.8926320113e-03
2,8.4004384231e-02,7.1702634979e-02,4.8328828611e-03
3,8.8805915463e-02,7.1730220570e-02,4.7675384653e-03
4,9.3539364057e-02,7.1743224913e-02,4.6965911204e-03
5,9.8199079806e-02,7.1742652608e-02,4.6200336698e-03

Region 9 (6 circles):
Circle_Index,Center_X,Center_Y,Radius
0,1.0277941250e-01,7.1729508255e-02,4.5378594575e-03
1,1.0727471194e-01,7.1704796454e-02,4.4500622875e-03
2,1.1167932791e-01,7.1669521805e-02,4.3566363872e-03
3,1.1598761020e-01,7.1624688908e-02,4.2575763748e-03
4,1.2019390861e-01,7.1571302363e-02,4.1528772301e-03
5,1.2429257294e-01,7.1510366769e-02,4.0425342691e-03

Region 10 (6 circles):
Circle_Index,Center_X,Center_Y,Radius
0,1.2827795296e-01,7.1442886727e-02,3.9265431208e-03
1,1.3214439849e-01,7.1369866837e-02,3.8048997087e-03
2,1.3588625930e-01,7.1292311698e-02,3.6776002337e-03
3,1.3949788520e-01,7.1211225910e-02,3.5446411618e-03
4,1.4297362597e-01,7.1127614074e-02,3.4060192144e-03
5,1.4630783141e-01,7.1042480789e-02,3.2617313641e-03

Region 11 (6 circles):
Circle_Index,Center_X,Center_Y,Radius
0,1.4949485130e-01,7.0956830655e-02,2.0571428728e-03
1,1.5038698020e-01,7.0708244049e-02,9.2800193925e-04
2,1.5104688689e-01,7.0053098097e-02,1.0164878372e-03
3,1.5149166833e-01,6.9043657527e-02,1.2187844112e-03
4,1.5173842150e-01,6.7732187067e-02,1.4485522061e-03
5,1.5180424335e-01,6.6170951448e-02,1.6620437655e-03

Region 12 (6 circles):
Circle_Index,Center_X,Center_Y,Radius
0,1.5170623084e-01,6.4412215398e-02,1.8405516165e-03
1,1.5146148094e-01,6.2508243646e-02,1.9756867709e-03
2,1.5108709061e-01,6.0511300921e-02,2.0633787333e-03
3,1.5060015682e-01,5.8473651952e-02,2.1015757665e-03
4,1.5001777652e-01,5.6447561469e-02,2.0893251334e-03
5,1.4935704667e-01,5.4485294200e-02,2.0264260127e-03

Region 13 (6 circles):
Circle_Index,Center_X,Center_Y,Radius
0,1.4863506425e-01,5.2639114874e-02,1.9134005937e-03
1,1.4786892620e-01,5.0961288221e-02,1.7517860809e-03
2,1.4707572950e-01,4.9504078969e-02,1.5450393719e-03
3,1.4627257111e-01,4.8319751848e-02,1.3011169400e-03
4,1.4547654799e-01,4.7460571587e-02,2.3671443599e-03
5,1.4278855124e-01,4.5121796954e-02,3.6468540318e-03

Region 14 (6 circles):
Circle_Index,Center_X,Center_Y,Radius
0,1.3999098901e-01,4.2653681605e-02,3.8113049696e-03
1,1.3708742345e-01,4.0062069706e-02,3.9693419180e-03
2,1.3408141671e-01,3.7352805428e-02,4.1209193845e-03
3,1.3097653093e-01,3.4531732937e-02,4.2660021178e-03
4,1.2777632826e-01,3.1604696401e-02,4.4045628182e-03
5,1.2448437086e-01,2.8577539990e-02,4.5365804669e-03

Region 15 (6 circles):
Circle_Index,Center_X,Center_Y,Radius
0,1.2110422087e-01,2.5456107871e-02,4.6620390940e-03
1,1.1763944045e-01,2.2246244213e-02,4.7809268591e-03
2,1.1409359174e-01,1.8953793183e-02,4.8932353610e-03
3,1.1047023690e-01,1.5584598950e-02,4.9989591161e-03
4,1.0677293806e-01,1.2144505682e-02,5.0980951654e-03
5,1.0300525739e-01,8.6393575478e-03,5.1906427787e-03

Region 16 (6 circles):
Circle_Index,Center_X,Center_Y,Radius
0,9.9170757031e-02,5.0749987148e-03,5.2766032358e-03
1,9.5272999130e-02,1.4572733515e-03,5.3559796676e-03
2,9.1315545839e-02,-2.2079743739e-03,5.4287769476e-03
3,8.7301959308e-02,-5.9149002932e-03,5.4950016241e-03
4,8.3235801685e-02,-9.6576602381e-03,5.5546618875e-03
5,7.9120635121e-02,-1.3430410041e-02,5.6077675697e-03

Region 17 (6 circles):
Circle_Index,Center_X,Center_Y,Radius
0,7.4960021765e-02,-1.7227305532e-02,5.6543301709e-03
1,7.0757523766e-02,-2.1042502545e-02,5.6943629145e-03
2,6.6516703273e-02,-2.4870156911e-02,5.7278808279e-03
3,6.2241122437e-02,-2.8704424461e-02,5.7549008498e-03
4,5.7934343406e-02,-3.2539461028e-02,5.7754419664e-03
5,5.3599928331e-02,-3.6369422443e-02,5.7895253756e-03

Region 18 (6 circles):
Circle_Index,Center_X,Center_Y,Radius
0,4.9241439360e-02,-4.0188464538e-02,5.7971746855e-03
1,4.4862438643e-02,-4.3990743145e-02,5.7984161469e-03
2,4.0466488329e-02,-4.7770414095e-02,5.7932789277e-03
3,3.6057150569e-02,-5.1521633221e-02,5.7817954325e-03
4,3.1637987511e-02,-5.5238556354e-02,5.7640016749e-03
5,2.7212561304e-02,-5.8915339326e-02,5.7399377111e-03

Region 19 (6 circles):
Circle_Index,Center_X,Center_Y,Radius
0,2.2784434099e-02,-6.2546137969e-02,5.7096481452e-03
1,1.8357168045e-02,-6.6125108115e-02,5.6731827167e-03
2,1.3934325291e-02,-6.9646405595e-02,5.6305969880e-03
3,9.5194679862e-03,-7.3104186241e-02,5.5819531468e-03
4,5.1161582809e-03,-7.6492605886e-02,5.5273209478e-03
5,7.2795832422e-04,-7.9805820360e-02,5.4667788188e-03

Region 20 (6 circles):
Circle_Index,Center_X,Center_Y,Radius
0,-3.6415697344e-03,-8.3037985495e-02,5.4004151651e-03
1,-7.9888637456e-03,-8.6183257124e-02,5.3283299105e-03
2,-1.2310361560e-02,-8.9235791078e-02,5.2506363264e-03
3,-1.6602501028e-02,-9.2189743189e-02,5.1674632056e-03
4,-2.0861719999e-02,-9.5039269289e-02,5.0789574582e-03
5,-2.5084456326e-02,-9.7778525210e-02,4.9852872180e-03

Region 21 (6 circles):
Circle_Index,Center_X,Center_Y,Radius
0,-2.9267147858e-02,-1.0040166678e-01,4.8866455734e-03
1,-3.3406232445e-02,-1.0290284984e-01,4.7832550581e-03
2,-3.7498147939e-02,-1.0527623021e-01,4.6753730729e-03
3,-4.1539332190e-02,-1.0751596373e-01,4.5632984413e-03
4,-4.5526223048e-02,-1.0961620623e-01,4.4473793485e-03
5,-4.9455258364e-02,-1.1157111355e-01,4.3280229575e-03

Region 22 (6 circles):
Circle_Index,Center_X,Center_Y,Radius
0,-5.3322875988e-02,-1.1337484150e-01,4.2057070451e-03
1,-5.7125513771e-02,-1.1502154593e-01,4.0809940411e-03
2,-6.0859609564e-02,-1.1650538267e-01,3.9545478731e-03
3,-6.4521601217e-02,-1.1782050754e-01,3.8271539902e-03
4,-6.8107926581e-02,-1.1896107639e-01,3.6997428144e-03
5,-7.1615023505e-02,-1.1992124503e-01,2.9159345333e-03

Region 23 (6 circles):
Circle_Index,Center_X,Center_Y,Radius
0,-7.3785008564e-02,-1.2025636785e-01,2.1547292000e-03
1,-7.5897155323e-02,-1.2017409809e-01,2.1115806768e-03
2,-7.7951416824e-02,-1.1969489798e-01,2.1406966689e-03
3,-7.9947746105e-02,-1.1883922974e-01,2.2289419951e-03
4,-8.1886096207e-02,-1.1762755559e-01,2.3604801666e-03
5,-8.3766420169e-02,-1.1608033777e-01,2.5202905027e-03

Region 24 (6 circles):
Circle_Index,Center_X,Center_Y,Radius
0,-8.5588671030e-02,-1.1421803848e-01,2.6960007267e-03
1,-8.7352801831e-02,-1.1206111996e-01,2.8781999150e-03
2,-8.9058765611e-02,-1.0963004443e-01,3.0600066542e-03
3,-9.0706515410e-02,-1.0694527412e-01,3.2364615561e-03
4,-9.2296004267e-02,-1.0402727124e-01,3.4039901982e-03
5,-9.3827185223e-02,-1.0089649802e-01,3.5599956428e-03

Region 25 (6 circles):
Circle_Index,Center_X,Center_Y,Radius
0,-9.5300011316e-02,-9.7573416688e-02,3.7025683807e-03
1,-9.6714435587e-02,-9.4078489462e-02,3.8302850414e-03
2,-9.8070411075e-02,-9.0432178568e-02,3.9420696007e-03
3,-9.9367890821e-02,-8.6654946230e-02,4.0370973471e-03
4,-1.0060682786e-01,-8.2767254671e-02,4.1147278591e-03
5,-1.0178717524e-01,-7.8789566115e-02,4.1744577037e-03

Region 26 (6 circles):
Circle_Index,Center_X,Center_Y,Radius
0,-1.0290888600e-01,-7.4742342785e-02,4.2158866390e-03
1,-1.0397191317e-01,-7.0646046906e-02,4.2386931661e-03
2,-1.0497620979e-01,-6.6521140701e-02,4.2426166265e-03
3,-1.0592172891e-01,-6.2388086394e-02,4.2274439476e-03
4,-1.0680842357e-01,-5.8267346208e-02,4.1929997307e-03
5,-1.0763624680e-01,-5.4179382367e-02,4.1391387824e-03

Region 27 (6 circles):
Circle_Index,Center_X,Center_Y,Radius
0,-1.0840515164e-01,-5.0144657095e-02,4.0657404640e-03
1,-1.0911509114e-01,-4.6183632616e-02,3.9727044246e-03
2,-1.0976601833e-01,-4.2316771153e-02,3.8599474261e-03
3,-1.1035788626e-01,-3.8564534930e-02,3.7274010770e-03
4,-1.1089064796e-01,-3.4947386171e-02,3.5750103937e-03
5,-1.1136425647e-01,-3.1485787099e-02,3.4027332152e-03

Region 28 (6 circles):
Circle_Index,Center_X,Center_Y,Radius
0,-1.1177866483e-01,-2.8200199938e-02,3.2105406566e-03
1,-1.1213382609e-01,-2.5111086912e-02,2.9984190488e-03
2,-1.1242969327e-01,-2.2238910245e-02,2.7663743339e-03
3,-1.1266621943e-01,-1.9604132159e-02,2.5144410230e-03
4,-1.1284335760e-01,-1.7227214880e-02,2.1816814397e-03
5,-1.1292364148e-01,-1.5248989134e-02,2.0702405028e-03

Region 29 (6 circles):
Circle_Index,Center_X,Center_Y,Radius
0,-1.1291749309e-01,-1.3088371064e-02,2.2444518607e-03
1,-1.1282572226e-01,-1.0761903473e-02,2.4051702950e-03
2,-1.1264913879e-01,-8.2861291647e-03,2.5517927739e-03
3,-1.1238855251e-01,-5.6775909425e-03,2.6839413279e-03
4,-1.1204477323e-01,-2.9528316098e-03,2.8013840267e-03
5,-1.1161861077e-01,-1.2839396985e-04,2.9039896282e-03
