Region Metadata for: shape_95.txt
================================================================================

REGION DEFINITION: Circle union (one circle per point)
  Each point gets a circle with radius = average distance to neighbors

Total vertices: 231
Number of regions: 30
Points per region:
  Region 0: 8 points
  Region 1: 8 points
  Region 2: 8 points
  Region 3: 8 points
  Region 4: 8 points
  Region 5: 8 points
  Region 6: 8 points
  Region 7: 8 points
  Region 8: 8 points
  Region 9: 8 points
  Region 10: 8 points
  Region 11: 8 points
  Region 12: 8 points
  Region 13: 8 points
  Region 14: 8 points
  Region 15: 8 points
  Region 16: 8 points
  Region 17: 8 points
  Region 18: 8 points
  Region 19: 8 points
  Region 20: 8 points
  Region 21: 7 points
  Region 22: 7 points
  Region 23: 7 points
  Region 24: 7 points
  Region 25: 7 points
  Region 26: 7 points
  Region 27: 7 points
  Region 28: 7 points
  Region 29: 7 points

REGION SUMMARY:
Region_Index,Num_Points,BBox_Min_X,BBox_Max_X,BBox_Min_Y,BBox_Max_Y,Normal_X,Normal_Y,Tangent_X,Tangent_Y,Fitted_Circle_X,Fitted_Circle_Y,Fitted_Circle_Radius,Local_AoA_Rad,Union_Area,Collection_Area
0,8,-1.6836096354e-01,3.4487533172e-02,-4.2171662381e-02,1.3322249650e-01,-0.6151478901,-0.7884117410,-0.7884117410,0.6151478901,-1.4135463984e-01,-6.2723578174e-02,-1.4256321557e-01,-9.08222794e-01,1.99609288e-02,1.41459883e-02
1,8,-1.9370472290e-01,8.2062797360e-02,-8.9619895970e-02,1.5621361424e-01,-0.6098248061,-0.7925362489,-0.7925362489,0.6098248061,4.1031270493e+00,6.1150587270e+00,7.3637672211e+00,-9.14956809e-01,4.65297908e-02,3.40493895e-02
2,8,-1.7329365775e-01,-3.2395062595e-02,7.6507447237e-03,1.3605467164e-01,0.5273020687,0.8496778968,0.8496778968,-0.5273020687,7.6235369776e-02,3.3615355370e-01,-3.1999721470e-01,2.12621851e+00,1.25850380e-02,1.06539775e-02
3,8,-2.1742880854e-01,6.1059717102e-02,-6.8704645962e-02,1.8153881003e-01,0.5681306460,0.8229383750,0.8229383750,-0.5681306460,2.1744752198e+01,3.0632994957e+01,-3.7565941285e+01,2.17502884e+00,4.54155343e-02,3.62376491e-02
4,8,-2.1189524766e-01,5.6399171638e-03,-1.8680298620e-02,1.8009424721e-01,0.5793710571,0.8150639105,0.8150639105,-0.5793710571,4.9291252403e+00,6.8614527097e+00,-8.4479316145e+00,2.18875316e+00,3.07194019e-02,2.73307341e-02
5,8,-1.7478807553e-01,1.4301975552e-02,-2.4152676065e-02,1.4495971045e-01,-0.6478603215,-0.7617591508,-0.7617591508,0.6478603215,-3.2732096468e-01,-2.4980644970e-01,-4.0086739953e-01,-8.66024122e-01,1.78193811e-02,1.39749218e-02
6,8,-1.1430947518e-01,-8.5819767640e-02,8.2813045925e-02,9.5055973149e-02,0.2524565569,0.9676082301,0.9676082301,-0.2524565569,-1.2399033579e-01,-6.9039020316e-04,9.3651604036e-02,1.82601454e+00,1.75671121e-04,8.92977193e-05
7,8,-8.9632641011e-02,-5.7869121438e-02,6.9252939675e-02,8.8640854441e-02,0.4378414242,0.8990522161,0.8990522161,-0.4378414242,-1.7431276666e-01,-1.2640699210e-01,2.2914742426e-01,2.02399265e+00,2.43188176e-04,1.22554780e-04
8,8,-6.2444810344e-02,-2.9012829967e-02,5.1779992500e-02,7.5385005649e-02,0.5196643611,0.8543705003,0.8543705003,-0.5196643611,-3.4119696775e-01,-4.2142560701e-01,5.6814179710e-01,2.11725438e+00,2.90575886e-04,1.45824573e-04
9,8,-3.3957987143e-02,-6.5197823919e-04,3.3306761325e-02,5.8011902655e-02,0.5473767892,0.8368862830,0.8368862830,-0.5473767892,-2.3334933554e+00,-3.4927931035e+00,4.2291216358e+00,2.15002285e+00,2.97298229e-04,1.48780767e-04
10,8,-5.4798001111e-03,2.5855664731e-02,1.6702487080e-02,3.9340646077e-02,0.5325854222,0.8463762568,0.8463762568,-0.5325854222,3.8104237022e-01,6.1616002792e-01,-6.9549833496e-01,2.13244866e+00,2.59030516e-04,1.29163407e-04
11,8,2.1641684522e-02,4.9195356196e-02,4.7933844268e-03,2.2230774059e-02,0.4580958499,0.8889028025,0.8889028025,-0.4580958499,1.2601078576e-01,1.8779497074e-01,-1.9691220365e-01,2.04664820e+00,1.86889007e-04,9.26257927e-05
12,8,4.6011212818e-02,7.1904834816e-02,-6.3982927464e-04,9.5890124551e-03,0.1924270421,0.9813112827,0.9813112827,-0.1924270421,6.9922601200e-02,6.4188653314e-02,-6.1288693402e-02,1.76443114e+00,1.43707635e-04,7.05718866e-05
13,8,6.8317265108e-02,1.0473775132e-01,-2.1273412597e-03,6.4382072998e-03,0.0165957659,0.9998622808,0.9998622808,-0.0165957659,9.3871743956e-02,4.9351483474e-01,-4.9139005003e-01,1.58739285e+00,2.71745870e-04,1.35241525e-04
14,8,1.0045987674e-01,1.3693914322e-01,-2.1004021427e-03,6.4806673895e-03,-0.0021448530,0.9999976998,0.9999976998,0.0021448530,1.2276668863e-01,-1.2756057256e+00,1.2779054221e+00,1.56865147e+00,2.72552442e-04,1.36571722e-04
15,8,1.3335109963e-01,1.5739560964e-01,-1.5606394270e-03,5.6713778113e-03,0.1043427734,0.9945413946,0.9945413946,-0.1043427734,1.3768051771e-01,-8.5521022825e-02,8.7646134588e-02,1.67532937e+00,1.25863198e-04,6.38608689e-05
16,8,1.5379553172e-01,1.6040643616e-01,-9.5445877694e-03,1.1016164652e-03,0.9938200248,-0.1110034157,-0.1110034157,-0.9938200248,1.5589625139e-01,-3.3382248801e-03,3.3926683413e-03,-3.03036001e+00,3.96262140e-05,2.14296187e-05
17,8,1.2825209744e-01,1.5713538959e-01,-2.7098099627e-02,-5.5671297391e-03,0.5500733818,-0.8351163240,-0.8351163240,-0.5500733818,2.4568577670e-03,1.9767958178e-01,2.5609978685e-01,-2.15324843e+00,2.25182177e-04,1.13421927e-04
18,8,9.7702237464e-02,1.3283627436e-01,-4.3780327758e-02,-2.1078084209e-02,0.4697220096,-0.8828143824,-0.8828143824,-0.4697220096,-9.2940539249e-02,3.5973865588e-01,4.4417880810e-01,-2.05977219e+00,3.05674068e-04,1.53679322e-04
19,8,6.3601131118e-02,1.0267626839e-01,-5.9297686523e-02,-3.6717419222e-02,0.4075309516,-0.9131913948,-0.9131913948,-0.4075309516,-1.5558502980e-01,4.8735997945e-01,5.8635636894e-01,-1.99054499e+00,3.58789469e-04,1.80093538e-04
20,8,2.8017184868e-02,6.8704460355e-02,-7.2743363126e-02,-5.1597639760e-02,0.3500860494,-0.9367175444,-0.9367175444,-0.3500860494,-1.6528629305e-01,5.0936600337e-01,6.1039891826e-01,-1.92845929e+00,3.74071576e-04,1.87834204e-04
21,7,-2.7146483084e-03,3.2981857784e-02,-8.2101558384e-02,-6.4819331983e-02,0.2916023040,-0.9565396470,-0.9565396470,-0.2916023040,-1.3608927604e-01,4.2196602572e-01,5.1824601913e-01,-1.86669784e+00,3.11211459e-04,1.56331222e-04
22,7,-3.1628392075e-02,1.9140365763e-03,-8.8587755446e-02,-7.4315313383e-02,0.2237160165,-0.9746543715,-0.9746543715,-0.2237160165,-9.8383682447e-02,2.8106852636e-01,3.7237848108e-01,-1.79642179e+00,2.67416072e-04,1.34397411e-04
23,7,-5.7360129521e-02,-2.7519365082e-02,-9.1616214417e-02,-8.1234134593e-02,0.1281680008,-0.9917524709,-0.9917524709,-0.1281680008,-7.1267320084e-02,1.3351459572e-01,2.2232988959e-01,-1.69931785e+00,2.06630343e-04,1.04209900e-04
24,7,-7.4399036265e-02,-5.3913876904e-02,-9.1767345395e-02,-8.4949502341e-02,-0.0429078641,-0.9990790335,-0.9990790335,0.0429078641,-6.3473201255e-02,-2.8152658544e-02,6.0446587116e-02,-1.52787529e+00,1.08849004e-04,5.57429357e-05
25,7,-7.6022098227e-02,-6.9903440561e-02,-8.8066341323e-02,-7.6222740262e-02,-0.9768945374,0.2137219287,0.2137219287,0.9768945374,-6.5916983834e-02,-8.4618078669e-02,8.6444788729e-03,2.15383342e-01,3.91762077e-05,2.09806286e-05
26,7,-7.3398505404e-02,-5.4900346398e-02,-7.9033163666e-02,-5.7970817420e-02,-0.7707589213,0.6371268989,0.6371268989,0.7707589213,6.5979814002e-02,-1.7763281666e-01,1.7018159684e-01,6.90764870e-01,1.50964760e-04,7.61961539e-05
27,7,-5.9934443401e-02,-3.5517934847e-02,-6.2737107417e-02,-3.6718338211e-02,-0.7391919769,0.6734947819,0.6734947819,0.7391919769,-1.6456037705e+00,1.4078243411e+00,-2.1628173052e+00,7.38926506e-01,2.39701598e-04,1.19738988e-04
28,7,-4.1033757643e-02,-1.8967057215e-02,-4.1870161763e-02,-1.6084967247e-02,-0.7826481533,0.6224643509,0.6224643509,0.7826481533,-1.8949880783e-01,9.8771187050e-02,-2.0472909442e-01,6.71887510e-01,2.18093187e-04,1.07908605e-04
29,7,-2.3927635065e-02,-1.2094425215e-02,-2.0072326945e-02,6.7377045192e-04,-0.9239312951,0.3825584426,0.3825584426,0.9239312951,-5.1107141843e-02,5.1145615314e-03,-3.7481865606e-02,3.92563798e-01,1.14619664e-04,5.49786313e-05

DETAILED CIRCLE DATA:

Region 0 (8 circles):
Circle_Index,Center_X,Center_Y,Radius
0,-1.4272566769e-02,5.9109262691e-04,2.0501635818e-03
1,-1.4609147416e-02,2.5521762358e-03,2.1659217875e-03
2,-1.5393896551e-02,4.7588786028e-03,2.4452362064e-03
3,-1.6537646693e-02,7.0361816648e-03,2.6602041384e-03
4,-1.8020100404e-02,9.3784958772e-03,2.8869631919e-03
5,-1.9820960246e-02,1.1780231696e-02,3.1161521650e-03
6,-2.1919928785e-02,1.4235799575e-02,5.6407461957e-02
7,-1.1190946589e-01,7.6770998847e-02,5.6451497652e-02

Region 1 (8 circles):
Circle_Index,Center_X,Center_Y,Radius
0,-1.1463486023e-01,7.8664270201e-02,5.0982136351e-03
1,-1.0895444690e-01,7.4786231396e-02,8.4067565748e-03
2,-1.1711033246e-01,8.0460455915e-02,1.1825823068e-02
3,-1.0579010068e-01,7.2715557395e-02,1.5104593777e-02
4,-1.1931558517e-01,8.2153966445e-02,1.8483859963e-02
5,-1.0243672468e-01,7.0564566386e-02,5.7679349194e-02
6,-2.4296708582e-02,1.6739609972e-02,1.0635950594e-01
7,-1.2123032091e-01,8.3739212245e-02,7.2474401993e-02

Region 2 (8 circles):
Circle_Index,Center_X,Center_Y,Radius
0,-9.8914616330e-02,6.8338847916e-02,1.5721377482e-02
1,-9.5244073067e-02,6.6043991527e-02,1.8961589017e-02
2,-1.2283424224e-01,8.5210603771e-02,3.5827294850e-02
3,-9.1445392329e-02,6.3685586766e-02,3.8968425502e-02
4,-1.2410705172e-01,8.6562551479e-02,4.2169922251e-02
5,-8.7538871552e-02,6.1269223175e-02,4.5192437729e-02
6,-1.2502845193e-01,8.7789465825e-02,4.8265205819e-02
7,-8.3544808172e-02,5.8800490301e-02,5.1149745577e-02

Region 3 (8 circles):
Circle_Index,Center_X,Center_Y,Radius
0,-1.2557814543e-01,8.8885757263e-02,5.4074426844e-02
1,-7.9483499628e-02,5.6284977687e-02,3.0648521447e-02
2,-7.5375243355e-02,5.3728274877e-02,3.3405985736e-02
3,-1.2573583477e-01,8.9845836249e-02,9.1692973779e-02
4,-2.6931002201e-02,1.9286073341e-02,8.7990719303e-02
5,-7.1240336790e-02,5.1135971417e-02,6.0842268319e-02
6,-1.2548122252e-01,9.0664113238e-02,6.9561907278e-02
7,-6.7099077369e-02,4.8513656851e-02,3.8455470763e-02

Region 4 (8 circles):
Circle_Index,Center_X,Center_Y,Radius
0,-6.2971762530e-02,4.5866920723e-02,4.0822533538e-02
1,-1.2479401124e-01,9.1334998687e-02,7.9180556514e-02
2,-5.8878689710e-02,4.3201352577e-02,5.8840549467e-02
3,-2.9802512206e-02,2.1869600138e-02,3.3642020067e-02
4,-5.4840156344e-02,4.0522541960e-02,5.8535773900e-02
5,-1.2365390350e-01,9.1852903051e-02,8.8241344159e-02
6,-5.0876459870e-02,3.7836078413e-02,5.6516377034e-02
7,-3.2890941159e-02,2.4484600819e-02,2.0045505143e-02

Region 5 (8 circles):
Circle_Index,Center_X,Center_Y,Radius
0,-4.7007897724e-02,3.5147551484e-02,1.5585224319e-02
1,-3.6175991624e-02,2.7125485838e-02,1.1172149188e-02
2,-4.3254767343e-02,3.2462550715e-02,6.6824189922e-03
3,-3.9637366165e-02,2.9786665651e-02,5.3939341717e-02
4,-1.2204060186e-01,9.2212236784e-02,5.2747473664e-02
5,-1.1993380889e-01,9.2407410344e-02,2.4607482943e-03
6,-1.1712854665e-01,9.2455969276e-02,2.8382207058e-03
7,-1.1425997053e-01,9.2344041290e-02,2.9060690796e-03

Region 6 (8 circles):
Circle_Index,Center_X,Center_Y,Radius
0,-1.1133071869e-01,9.2077216659e-02,2.9787564905e-03
1,-1.0834342931e-01,9.1661085656e-02,3.0549495116e-03
2,-1.0530074057e-01,9.1101238553e-02,3.1334651535e-03
3,-1.0220529066e-01,9.0403265623e-02,3.2132642109e-03
4,-9.9059717746e-02,8.9572757140e-02,3.2934401754e-03
5,-9.5866660014e-02,8.8615303376e-02,3.3732060442e-03
6,-9.2628755643e-02,8.7536494603e-02,3.4518806045e-03
7,-8.9348642810e-02,8.6341921095e-02,3.5288751698e-03

Region 7 (8 circles):
Circle_Index,Center_X,Center_Y,Radius
0,-8.6028959695e-02,8.5037173125e-02,3.6036813157e-03
1,-8.2672344478e-02,8.3627840965e-02,3.6758598657e-03
2,-7.9281435338e-02,8.2119514888e-02,3.7450311966e-03
3,-7.5858870454e-02,8.0517785167e-02,3.8108668227e-03
4,-7.2407288005e-02,7.8828242075e-02,3.8730821583e-03
5,-6.8929326171e-02,7.7056475885e-02,3.9314303369e-03
6,-6.5427623130e-02,7.5208076869e-02,3.9856969566e-03
7,-6.1904817063e-02,7.3288635301e-02,4.0356956255e-03

Region 8 (8 circles):
Circle_Index,Center_X,Center_Y,Radius
0,-5.8363546148e-02,7.1303741453e-02,4.0812641962e-03
1,-5.4806448565e-02,6.9258985597e-02,4.1222615852e-03
2,-5.1236162492e-02,6.7159958008e-02,4.1585650932e-03
3,-4.7655326110e-02,6.5012248957e-02,4.1900681484e-03
4,-4.4066577597e-02,6.2821448718e-02,4.2166784121e-03
5,-4.0472555132e-02,6.0593147564e-02,4.2383161937e-03
6,-3.6875896895e-02,5.8332935766e-02,4.2549131307e-03
7,-3.3279241066e-02,5.6046403599e-02,4.2664110982e-03

Region 9 (8 circles):
Circle_Index,Center_X,Center_Y,Radius
0,-2.9685225822e-02,5.3739141334e-02,4.2727613207e-03
1,-2.6096489345e-02,5.1416739245e-02,4.2739236605e-03
2,-2.2515669812e-02,4.9084787605e-02,4.2698660679e-03
3,-1.8945405403e-02,4.6748876686e-02,4.2605641782e-03
4,-1.5388334298e-02,4.4414596761e-02,4.2460010486e-03
5,-1.1847094675e-02,4.2087538103e-02,4.2261670288e-03
6,-8.3243247138e-03,3.9773290985e-02,4.2010597672e-03
7,-4.8226625939e-03,3.7477445680e-02,4.1706843547e-03

Region 10 (8 circles):
Circle_Index,Center_X,Center_Y,Radius
0,-1.3447464944e-03,3.5205592460e-02,4.1350536167e-03
1,2.1067854054e-03,3.2963321599e-02,4.0941885651e-03
2,5.5292949264e-03,3.0756223369e-02,4.0481190324e-03
3,8.9201438893e-03,2.8589888043e-02,3.9968845134e-03
4,1.2276694115e-02,2.6469905894e-02,3.9405352517e-03
5,1.5596307424e-02,2.4401867195e-02,3.8791336172e-03
6,1.8876345637e-02,2.2391362218e-02,3.8127558368e-03
7,2.2114170575e-02,2.0443981236e-02,3.7414941565e-03

Region 11 (8 circles):
Circle_Index,Center_X,Center_Y,Radius
0,2.5307144058e-02,1.8565314523e-02,3.6654595362e-03
1,2.8452627908e-02,1.6760952351e-02,3.5847850096e-03
2,3.1547983945e-02,1.5036484993e-02,3.4996298764e-03
3,3.4590573990e-02,1.3397502721e-02,3.4101849460e-03
4,3.7577759864e-02,1.1849595810e-02,3.3166791111e-03
5,4.0506903386e-02,1.0398354530e-02,3.2193876125e-03
6,4.3375366379e-02,9.0493691558e-03,3.1186424520e-03
7,4.6180510663e-02,7.8082299596e-03,3.0148455328e-03

Region 12 (8 circles):
Circle_Index,Center_X,Center_Y,Radius
0,4.8919698059e-02,6.6805272144e-03,2.9084852407e-03
1,5.1590290386e-02,5.6718511929e-03,2.5462221980e-03
2,5.3726370319e-02,5.0051259871e-03,2.3688377144e-03
3,5.6158147719e-02,4.4252378492e-03,2.6255948251e-03
4,5.8863784946e-02,3.9264603000e-03,2.8695188841e-03
5,6.1821444356e-02,3.5030668601e-03,3.0976101514e-03
6,6.5009288305e-02,3.1493310501e-03,3.3079715659e-03
7,6.8405479151e-02,2.8595263908e-03,3.4993556654e-03

Region 13 (8 circles):
Circle_Index,Center_X,Center_Y,Radius
0,7.1988179251e-02,2.6279264027e-03,3.6709141428e-03
1,7.5735550961e-02,2.4488046067e-03,3.8220536450e-03
2,7.9625756640e-02,2.3164345233e-03,3.9523495066e-03
3,8.3636958643e-02,2.2250896733e-03,4.0614923558e-03
4,8.7747319328e-02,2.1690435772e-03,4.1492540876e-03
5,9.1935001052e-02,2.1425697559e-03,4.2154656691e-03
6,9.6178166172e-02,2.1399417300e-03,4.2600024310e-03
7,1.0045497704e-01,2.1554330200e-03,4.2827742798e-03

Region 14 (8 circles):
Circle_Index,Center_X,Center_Y,Radius
0,1.0474359603e-01,2.1833171468e-03,4.2837192896e-03
1,1.0902218548e-01,2.2178676310e-03,4.2627997585e-03
2,1.1326890775e-01,2.2533579933e-03,4.2200002184e-03
3,1.1746192520e-01,2.2840617543e-03,4.1553271817e-03
4,1.2157940019e-01,2.3042524347e-03,4.0688106618e-03
5,1.2559949508e-01,2.3082035553e-03,3.9605077821e-03
6,1.2950037222e-01,2.2901886366e-03,3.8305091506e-03
7,1.3326019397e-01,2.2444811993e-03,3.6789492489e-03

Region 15 (8 circles):
Circle_Index,Center_X,Center_Y,Radius
0,1.3685712268e-01,2.1653547642e-03,3.5060230471e-03
1,1.4026932072e-01,2.0470828519e-03,3.3120128135e-03
2,1.4347495043e-01,1.8839389830e-03,3.0973324514e-03
3,1.4645217418e-01,1.6701966783e-03,2.8626035216e-03
4,1.4917915433e-01,1.4001294585e-03,2.6087917421e-03
5,1.5163405323e-01,1.0680108441e-03,2.3374662521e-03
6,1.5379503323e-01,6.6811435592e-04,2.0513260215e-03
7,1.5564025670e-01,1.9471351459e-04,1.7553529415e-03

Region 16 (8 circles):
Circle_Index,Center_X,Center_Y,Radius
0,1.5714788599e-01,-3.5791815920e-04,1.4595346244e-03
1,1.5829608346e-01,-9.9550714479e-04,1.1854828301e-03
2,1.5906301147e-01,-1.7237799215e-03,9.7949491031e-04
3,1.5942683237e-01,-2.5484629686e-03,9.1510155767e-04
4,1.5936570852e-01,-3.4752827655e-03,1.0407276384e-03
5,1.5885780228e-01,-4.5099657915e-03,1.3299909992e-03
6,1.5788127600e-01,-5.6582385260e-03,1.7230642374e-03
7,1.5641429204e-01,-6.9258274481e-03,2.6187603213e-03

Region 17 (8 circles):
Circle_Index,Center_X,Center_Y,Radius
0,1.5378481044e-01,-8.9177088885e-03,3.3505791494e-03
1,1.5103532278e-01,-1.0921876009e-02,3.4526202858e-03
2,1.4816986070e-01,-1.2936565920e-02,3.5513677886e-03
3,1.4519245582e-01,-1.4960015733e-02,3.6466970475e-03
4,1.4210713977e-01,-1.6990462557e-02,3.7385025860e-03
5,1.3891794417e-01,-1.9026143505e-02,3.8266947161e-03
6,1.3562890066e-01,-2.1065295686e-02,3.9111968637e-03
7,1.3224404085e-01,-2.3106156211e-02,3.9919434160e-03

Region 18 (8 circles):
Circle_Index,Center_X,Center_Y,Radius
0,1.2876739638e-01,-2.5146962190e-02,4.0688779809e-03
1,1.2520299887e-01,-2.7185950735e-02,4.1419519702e-03
2,1.2155487995e-01,-2.9221358956e-02,4.2111234431e-03
3,1.1782707125e-01,-3.1251423964e-02,4.2763561559e-03
4,1.1402360439e-01,-3.3274382869e-02,4.3376187789e-03
5,1.1014851100e-01,-3.5288472783e-02,4.3948842491e-03
6,1.0620582271e-01,-3.7291930815e-02,4.4481292331e-03
7,1.0219957115e-01,-3.9282994077e-02,4.4973336812e-03

Region 19 (8 circles):
Circle_Index,Center_X,Center_Y,Radius
0,9.8133787930e-02,-4.1259899678e-02,4.5424804564e-03
1,9.4012504694e-02,-4.3220884731e-02,4.5835550264e-03
2,8.9839753063e-02,-4.5164186345e-02,4.6205452079e-03
3,8.5619564664e-02,-4.7088041631e-02,4.6534409564e-03
4,8.1355971124e-02,-4.8990687699e-02,4.6822341931e-03
5,7.7053004071e-02,-5.0870361662e-02,4.7069186662e-03
6,7.2714695131e-02,-5.2725300628e-02,4.7274898406e-03
7,6.8345075932e-02,-5.4553741709e-02,4.7439448138e-03

Region 20 (8 circles):
Circle_Index,Center_X,Center_Y,Radius
0,6.3948178100e-02,-5.6353922016e-02,4.7562822556e-03
1,5.9528033261e-02,-5.8124078659e-02,4.7645023690e-03
2,5.5088673045e-02,-5.9862448748e-02,4.7686068728e-03
3,5.0634129076e-02,-6.1567269395e-02,4.7685990025e-03
4,4.6168432983e-02,-6.3236777711e-02,4.7644835322e-03
5,4.1695616391e-02,-6.4869210805e-02,4.7562668161e-03
6,3.7219710929e-02,-6.6462805788e-02,4.7439568499e-03
7,3.2744748223e-02,-6.8015799772e-02,4.7275633546e-03

Region 21 (7 circles):
Circle_Index,Center_X,Center_Y,Radius
0,2.8274759900e-02,-6.9526429866e-02,4.7070978837e-03
1,2.3813777587e-02,-7.0992933182e-02,4.6825739562e-03
2,1.9365832911e-02,-7.2413546830e-02,4.6540072175e-03
3,1.4934957500e-02,-7.3786507921e-02,4.6214156336e-03
4,1.0525182979e-02,-7.5110053566e-02,4.5848197219e-03
5,6.1405409758e-03,-7.6382420874e-02,4.5442428235e-03
6,1.7850631179e-03,-7.7601846958e-02,4.4997114263e-03

Region 22 (7 circles):
Circle_Index,Center_X,Center_Y,Radius
0,-2.5372189681e-03,-7.8766568927e-02,4.4512555444e-03
1,-6.8222736551e-03,-7.9874823892e-02,4.3989091662e-03
2,-1.1066069316e-02,-8.0924848964e-02,4.3427107823e-03
3,-1.5264574325e-02,-8.1914881254e-02,4.2827040095e-03
4,-1.9413757053e-02,-8.2843157872e-02,4.2189383290e-03
5,-2.3509585875e-02,-8.3707915928e-02,4.1514699620e-03
6,-2.7548029163e-02,-8.4507392535e-02,4.0803629120e-03

Region 23 (7 circles):
Circle_Index,Center_X,Center_Y,Radius
0,-3.1525055290e-02,-8.5239824801e-02,4.0056902074e-03
1,-3.5436632629e-02,-8.5903449838e-02,3.9275353908e-03
2,-3.9278729554e-02,-8.6496504757e-02,3.8459943062e-03
3,-4.3047314436e-02,-8.7017226668e-02,3.7611772549e-03
4,-4.6738355651e-02,-8.7463852682e-02,3.6732116023e-03
5,-5.0347821569e-02,-8.7834619909e-02,3.5822449433e-03
6,-5.3871680565e-02,-8.8127765461e-02,3.4884489557e-03

Region 24 (7 circles):
Circle_Index,Center_X,Center_Y,Radius
0,-5.7305901011e-02,-8.8341526448e-02,3.3920241068e-03
1,-6.0646451281e-02,-8.8474139980e-02,3.2932054156e-03
2,-6.3889299747e-02,-8.8523843168e-02,3.1922695174e-03
3,-6.7030414782e-02,-8.8488873124e-02,3.0895433323e-03
4,-7.0065764760e-02,-8.8367466956e-02,2.3975919595e-03
5,-7.1807732424e-02,-8.8135028088e-02,1.5780624465e-03
6,-7.3124099582e-02,-8.7662175674e-02,1.2749366830e-03

Region 25 (7 circles):
Circle_Index,Center_X,Center_Y,Radius
0,-7.4035872538e-02,-8.6959446088e-02,1.1068952351e-03
1,-7.4564057598e-02,-8.6037375702e-02,1.1027854503e-03
2,-7.4729661066e-02,-8.4906500888e-02,1.2418385018e-03
3,-7.4553689246e-02,-8.3577358019e-02,1.4684089806e-03
4,-7.4057148444e-02,-8.2060483469e-02,1.7339408338e-03
5,-7.3261044964e-02,-8.0366413609e-02,2.0102866096e-03
6,-7.2186385111e-02,-7.8505684812e-02,2.2829445501e-03

Region 26 (7 circles):
Circle_Index,Center_X,Center_Y,Radius
0,-7.0854175190e-02,-7.6488833452e-02,2.5443302140e-03
1,-6.9285421505e-02,-7.4326395900e-02,2.7902579918e-03
2,-6.7501130361e-02,-7.2028908529e-02,3.0182836636e-03
3,-6.5522308063e-02,-6.9606907713e-02,3.2269087173e-03
4,-6.3369960915e-02,-6.7070929823e-02,3.4151788665e-03
5,-6.1065095223e-02,-6.4431511232e-02,3.5824703977e-03
6,-5.8628717290e-02,-6.1699188313e-02,3.7283708926e-03

Region 27 (7 circles):
Circle_Index,Center_X,Center_Y,Radius
0,-5.6081833423e-02,-5.8884497439e-02,3.8526099780e-03
1,-5.3445449924e-02,-5.5997974982e-02,3.9550180117e-03
2,-5.0740573099e-02,-5.3050157315e-02,4.0355012024e-03
3,-4.7988209254e-02,-5.0051580811e-02,4.0940269761e-03
4,-4.5209364691e-02,-4.7012781841e-02,4.1306162060e-03
5,-4.2425045717e-02,-4.3944296780e-02,4.1453405095e-03
6,-3.9656258636e-02,-4.0856662000e-02,4.1383237890e-03

Region 28 (7 circles):
Circle_Index,Center_X,Center_Y,Radius
0,-3.6924009752e-02,-3.7760413872e-02,4.1097478909e-03
1,-3.4249305371e-02,-3.4666088771e-02,4.0598628534e-03
2,-3.1653151796e-02,-3.1584223068e-02,3.9890028696e-03
3,-2.9156555334e-02,-2.8525353136e-02,3.8976099328e-03
4,-2.6780522288e-02,-2.5500015349e-02,3.7862683465e-03
5,-2.4546058963e-02,-2.2518746078e-02,3.6557551495e-03
6,-2.2474171664e-02,-1.9592081696e-02,3.5071144489e-03

Region 29 (7 circles):
Circle_Index,Center_X,Center_Y,Radius
0,-2.0585866695e-02,-1.6730558576e-02,3.3417683696e-03
1,-1.8902150362e-02,-1.3944713090e-02,3.1616848289e-03
2,-1.7444028969e-02,-1.1245081612e-02,2.9696338870e-03
3,-1.6232508821e-02,-8.6422005140e-03,2.7695804907e-03
4,-1.5288596222e-02,-6.1466061683e-03,2.5672776234e-03
5,-1.4633297477e-02,-3.7688349478e-03,2.3711173734e-03
6,-1.4287618892e-02,-1.5194232252e-03,2.1931936771e-03
