Region Metadata for: shape_80.txt
================================================================================

REGION DEFINITION: Circle union (one circle per point)
  Each point gets a circle with radius = average distance to neighbors

Total vertices: 215
Number of regions: 30
Points per region:
  Region 0: 8 points
  Region 1: 8 points
  Region 2: 8 points
  Region 3: 8 points
  Region 4: 8 points
  Region 5: 7 points
  Region 6: 7 points
  Region 7: 7 points
  Region 8: 7 points
  Region 9: 7 points
  Region 10: 7 points
  Region 11: 7 points
  Region 12: 7 points
  Region 13: 7 points
  Region 14: 7 points
  Region 15: 7 points
  Region 16: 7 points
  Region 17: 7 points
  Region 18: 7 points
  Region 19: 7 points
  Region 20: 7 points
  Region 21: 7 points
  Region 22: 7 points
  Region 23: 7 points
  Region 24: 7 points
  Region 25: 7 points
  Region 26: 7 points
  Region 27: 7 points
  Region 28: 7 points
  Region 29: 7 points

REGION SUMMARY:
Region_Index,Num_Points,BBox_Min_X,BBox_Max_X,BBox_Min_Y,BBox_Max_Y,Normal_X,Normal_Y,Tangent_X,Tangent_Y,Fitted_Circle_X,Fitted_Circle_Y,Fitted_Circle_Radius,Local_AoA_Rad,Union_Area,Collection_Area
0,8,-6.0651681516e-02,-4.9818968705e-02,-1.3683214745e-03,2.4883528656e-02,-0.9724213339,0.2332311072,0.2332311072,0.9724213339,-3.4839982119e-01,8.3242470569e-02,-3.0233534562e-01,2.35399110e-01,1.49747026e-04,7.45390838e-05
1,8,-5.4364788299e-02,-4.5504912291e-02,2.2317274844e-02,4.9654103000e-02,-0.9914180945,0.1307293463,0.1307293463,0.9914180945,-5.2553021146e-01,9.7603494587e-02,-4.7925906596e-01,1.31104604e-01,1.56748552e-04,7.81165744e-05
2,8,-5.2254763371e-02,-4.1200951410e-02,4.6051793444e-02,8.0920646018e-02,-0.9925831693,0.1215674796,0.1215674796,0.9925831693,1.2459008808e+00,-9.4552851708e-02,1.3025273028e+00,1.21868923e-01,2.51617312e-04,1.26021416e-04
3,8,-4.8853208651e-02,-3.5671382332e-02,7.6773122691e-02,1.1343259463e-01,-0.9849486969,0.1728469393,0.1728469393,0.9849486969,3.5350161107e-01,2.5914408892e-02,4.0200054579e-01,1.73719385e-01,2.81028486e-04,1.41221705e-04
4,8,-4.2858143769e-02,-2.7518180018e-02,1.0929697615e-01,1.4210170707e-01,-0.9553101068,0.2956054800,0.2956054800,0.9553101068,1.2261527250e-01,7.7451797460e-02,1.6537438693e-01,3.00089261e-01,2.36869259e-04,1.19783268e-04
5,7,-3.3039685097e-02,-1.6970616936e-02,1.3836697063e-01,1.6019709865e-01,-0.8455241198,0.5339372274,0.5339372274,0.8455241198,2.5396989620e-02,1.1812708193e-01,5.9876732075e-02,5.63250308e-01,1.40815451e-04,7.21223860e-05
6,7,-2.0541270213e-02,-4.4326135601e-03,1.5664179078e-01,1.6678708470e-01,-0.4333038839,0.9012478817,0.9012478817,0.4333038839,-4.9581034893e-03,1.4829838633e-01,1.6873824796e-02,1.12264087e+00,7.51189196e-05,3.98683573e-05
7,7,-6.1821128223e-03,6.0515450732e-03,1.5244002593e-01,1.6624626545e-01,0.7680571340,0.6403813230,0.6403813230,-0.7680571340,-1.3317099992e-02,1.4950988244e-01,1.7543087320e-02,2.44659801e+00,6.76495041e-05,3.56583392e-05
8,7,1.5871404483e-03,1.3577898188e-02,1.2932174687e-01,1.5542147064e-01,0.9642275519,0.2650758914,0.2650758914,-0.9642275519,-1.1546276599e-01,1.0940549069e-01,1.2746657837e-01,2.87331003e+00,1.66191870e-04,8.41224289e-05
9,7,6.6805007089e-03,1.8675229540e-02,1.0140560741e-01,1.3321593316e-01,0.9859499817,0.1670408140,0.1670408140,-0.9859499817,-6.9877223598e-01,-2.6240918128e-03,7.2150491733e-01,2.97376511e+00,2.36265723e-04,1.18477789e-04
10,7,1.1178567175e-02,2.2699952070e-02,7.5303240403e-02,1.0551709957e-01,0.9850265438,0.1724027493,0.1724027493,-0.9850265438,5.1903381651e-01,1.7753891627e-01,-5.0950561373e-01,2.96832423e+00,2.14009692e-04,1.06637247e-04
11,7,1.6570064355e-02,2.8489672603e-02,5.5683386838e-02,7.8804291143e-02,0.9507210410,0.3100475806,0.3100475806,-0.9507210410,9.2315110255e-02,8.9644334254e-02,-7.3745509553e-02,2.82634957e+00,1.32610519e-04,6.52866713e-05
12,7,2.3466119476e-02,4.1815375889e-02,3.2934090400e-02,5.9226867250e-02,0.8642573712,0.5030498944,0.5030498944,-0.8642573712,2.2745648150e-01,1.6030189960e-01,-2.2622622866e-01,2.61446857e+00,1.97010608e-04,9.77179410e-05
13,7,3.5921636532e-02,5.8880112912e-02,7.7103308085e-03,3.7619553913e-02,0.8289436902,0.5593320645,0.5593320645,-0.8289436902,9.0831701444e-01,6.0441844817e-01,-1.0391735644e+00,2.54801284e+00,2.69438397e-04,1.34477490e-04
14,7,5.2480823562e-02,7.6586910163e-02,-1.8379602621e-02,1.2960472015e-02,0.8281417537,0.5605187203,0.5605187203,-0.8281417537,-9.8527139218e-01,-7.1381192584e-01,1.2680467018e+00,2.54658062e+00,2.95957324e-04,1.48256681e-04
15,7,7.0104314888e-02,9.1888925171e-02,-4.3777551611e-02,-1.3199696960e-02,0.8570358608,0.5152567645,0.5152567645,-0.8570358608,-2.1608781461e-01,-2.0762176450e-01,3.4721152875e-01,2.60028544e+00,2.68550290e-04,1.35143774e-04
16,7,8.5705299841e-02,1.0180736904e-01,-6.6993411463e-02,-3.9262826537e-02,0.9190090577,0.3942364162,0.3942364162,-0.9190090577,-2.4824148541e-02,-1.0464631104e-01,1.2992714436e-01,2.73635583e+00,2.00283776e-04,1.01506453e-04
17,7,9.6118258857e-02,1.0405232012e-01,-8.6768901309e-02,-6.3552081346e-02,0.9958193978,0.0913440036,0.0913440036,-0.9958193978,5.6914161445e-02,-7.9584652955e-02,4.4309311273e-02,3.05012115e+00,1.25853843e-04,6.49015850e-05
18,7,8.9444772110e-02,1.0305477572e-01,-1.0308971079e-01,-8.4110950140e-02,0.8572612455,-0.5148816922,-0.5148816922,-0.8572612455,7.3576167093e-02,-7.9552104268e-02,2.7859973573e-02,-2.60072302e+00,1.05238027e-04,5.48218044e-05
19,7,6.8725779794e-02,9.3285897599e-02,-1.1747024244e-01,-9.9100393005e-02,0.5437925398,-0.8392196814,-0.8392196814,-0.5437925398,3.6018225307e-02,-3.7553223749e-02,8.4363004851e-02,-2.14574598e+00,1.80119771e-04,9.17995804e-05
20,7,4.0654246938e-02,7.3050900565e-02,-1.2874691467e-01,-1.1131397326e-01,0.3508275730,-0.9364400750,-0.9364400750,-0.3508275730,-6.0210673722e-03,4.8999962554e-02,1.8065449750e-01,-1.92925103e+00,2.65224542e-04,1.34143925e-04
21,7,9.2026959307e-03,4.5333272726e-02,-1.3603722168e-01,-1.2099521531e-01,0.2133843519,-0.9769683303,-0.9769683303,-0.2133843519,-2.5141027888e-02,1.1178932883e-01,2.4630625142e-01,-1.78583412e+00,3.09155444e-04,1.55999456e-04
22,7,-2.1772876143e-02,1.3863538010e-02,-1.3857518293e-01,-1.2750361179e-01,0.0812688035,-0.9966922201,-0.9966922201,-0.0812688035,-2.1823328226e-02,8.3125705852e-02,2.1746031894e-01,-1.65215486e+00,2.92131943e-04,1.47524232e-04
23,7,-4.8489046871e-02,-1.7528513112e-02,-1.3850806639e-01,-1.2859438448e-01,-0.0931703877,-0.9956501790,-0.9956501790,0.0931703877,-2.1983402969e-02,-1.0250109892e-02,1.2404105329e-01,-1.47749061e+00,2.21811801e-04,1.12558427e-04
24,7,-6.7318852575e-02,-4.4934861600e-02,-1.3477355631e-01,-1.2162580887e-01,-0.4003954633,-0.9163424431,-0.9163424431,0.4003954633,-3.8661223632e-02,-8.6444949514e-02,4.5924825563e-02,-1.15884795e+00,1.32735939e-04,6.84657333e-05
25,7,-7.6922887134e-02,-6.4145245279e-02,-1.2507135778e-01,-1.0573735574e-01,-0.8840676407,-0.4673589698,-0.4673589698,0.8840676407,-4.5875259873e-02,-1.0287125113e-01,2.8661223576e-02,-4.86301049e-01,1.04671111e-04,5.45984691e-05
26,7,-7.9351690311e-02,-7.1543749331e-02,-1.0881522682e-01,-8.1523157089e-02,-0.9989599592,-0.0455960526,-0.0455960526,0.9989599592,1.1879568398e-02,-9.1721881218e-02,8.7644133693e-02,-4.56118664e-02,1.71982903e-04,8.76109723e-05
27,7,-7.9131578742e-02,-6.7606053857e-02,-8.5330090867e-02,-5.3105279600e-02,-0.9899501581,0.1414167052,0.1414167052,0.9899501581,1.5439350701e-01,-1.0214158184e-01,2.3061454904e-01,1.41892356e-01,2.41349744e-04,1.21708871e-04
28,7,-7.5269686774e-02,-6.1002044660e-02,-5.7426687246e-02,-2.4014243056e-02,-0.9740238472,0.2264454570,0.2264454570,0.9740238472,4.4755818252e-01,-1.6076602557e-01,5.2961916011e-01,2.28426787e-01,2.65382520e-04,1.33213741e-04
29,7,-6.8331475478e-02,-5.4402774583e-02,-2.8331233305e-02,2.3393375565e-03,-0.9660368816,0.2584042248,0.2584042248,0.9660368816,2.5932942250e+00,-7.2367459894e-01,2.7479869904e+00,2.61369959e-01,2.26806248e-04,1.13430465e-04

DETAILED CIRCLE DATA:

Region 0 (8 circles):
Circle_Index,Center_X,Center_Y,Radius
0,-5.7125664204e-02,2.1576958376e-03,3.5260173121e-03
1,-5.6242025057e-02,5.5037261397e-03,3.3898702865e-03
2,-5.5409726503e-02,8.7166732264e-03,3.2425644298e-03
3,-5.4635689618e-02,1.1786730144e-02,3.0841867131e-03
4,-5.3926835479e-02,1.4704089940e-02,2.9148647912e-03
5,-5.3290085163e-02,1.7458945659e-02,2.7347841025e-03
6,-5.2732359746e-02,2.0041490349e-02,2.5442153362e-03
7,-5.2260580305e-02,2.2441917055e-02,2.4416116002e-03

Region 1 (8 circles):
Circle_Index,Center_X,Center_Y,Radius
0,-5.1839864217e-02,2.4842198926e-02,2.5249240820e-03
1,-5.1429256119e-02,2.7422709489e-02,2.6965006471e-03
2,-5.1026176350e-02,3.0173359915e-02,2.8589155023e-03
3,-5.0628045249e-02,3.3084061376e-02,3.0119743170e-03
4,-5.0232283153e-02,3.6144725044e-02,3.1555419192e-03
5,-4.9836310402e-02,3.9345262090e-02,3.2895245214e-03
6,-4.9437547334e-02,4.2675583686e-02,3.4138583165e-03
7,-4.9033414287e-02,4.6125601004e-02,3.5285019962e-03

Region 2 (8 circles):
Circle_Index,Center_X,Center_Y,Radius
0,-4.8621331600e-02,4.9685225215e-02,3.6334317710e-03
1,-4.8198719612e-02,5.3344367491e-02,3.7286380372e-03
2,-4.7762998661e-02,5.7092939003e-02,3.8141231684e-03
3,-4.7311589085e-02,6.0920850924e-02,3.8899001000e-03
4,-4.6841911223e-02,6.4818014424e-02,3.9559915004e-03
5,-4.6351385414e-02,6.8774340676e-02,4.0124293966e-03
6,-4.5837431996e-02,7.2779740850e-02,4.0592551727e-03
7,-4.5297471308e-02,7.6824126120e-02,4.0965198980e-03

Region 3 (8 circles):
Circle_Index,Center_X,Center_Y,Radius
0,-4.4728923687e-02,8.0897407655e-02,4.1242849643e-03
1,-4.4129209473e-02,8.4989496629e-02,4.1426230349e-03
2,-4.3495749005e-02,8.9090304212e-02,4.1516193254e-03
3,-4.2825962620e-02,9.3189741576e-02,4.1513732550e-03
4,-4.2117270657e-02,9.7277719892e-02,4.1420005258e-03
5,-4.1367093454e-02,1.0134415033e-01,4.1236357080e-03
6,-4.0572851351e-02,1.0537894407e-01,4.0964354368e-03
7,-3.9731964686e-02,1.0937201228e-01,4.0605823542e-03

Region 4 (8 circles):
Circle_Index,Center_X,Center_Y,Radius
0,-3.8841853796e-02,1.1331326612e-01,4.0162899726e-03
1,-3.7899939022e-02,1.1719261677e-01,3.9638086800e-03
2,-3.6903640701e-02,1.2099997541e-01,3.9034331710e-03
3,-3.5850379171e-02,1.2472525320e-01,3.8355116615e-03
4,-3.4737574772e-02,1.2835836132e-01,3.7604573342e-03
5,-3.3562647841e-02,1.3188921094e-01,3.6787625727e-03
6,-3.2323018718e-02,1.3530771322e-01,3.5910166574e-03
7,-3.1016107740e-02,1.3860377934e-01,3.4979277218e-03

Region 5 (7 circles):
Circle_Index,Center_X,Center_Y,Radius
0,-2.9639335247e-02,1.4176732048e-01,3.4003498502e-03
1,-2.8190121576e-02,1.4478824780e-01,3.2993162051e-03
2,-2.6665887067e-02,1.4765647248e-01,3.1960788675e-03
3,-2.5064052058e-02,1.5036190568e-01,3.0921554756e-03
4,-2.3382036887e-02,1.5289445858e-01,2.9893814363e-03
5,-2.1617261893e-02,1.5524404236e-01,2.8899640150e-03
6,-1.9767147414e-02,1.5740056817e-01,2.7965304783e-03

Region 6 (7 circles):
Circle_Index,Center_X,Center_Y,Radius
0,-1.7829113789e-02,1.5935394720e-01,2.7121564233e-03
1,-1.5800581357e-02,1.6109409061e-01,2.6403531707e-03
2,-1.3678970455e-02,1.6261090958e-01,2.5849874418e-03
3,-1.1461701423e-02,1.6389431528e-01,2.3006673246e-03
4,-9.5766685493e-03,1.6467269863e-01,1.9300341057e-03
5,-7.7918494229e-03,1.6503212107e-01,1.7549636240e-03
6,-6.1030568979e-03,1.6499162591e-01,1.6704433378e-03

Region 7 (7 circles):
Circle_Index,Center_X,Center_Y,Radius
0,-4.5061038283e-03,1.6457025645e-01,1.6760089940e-03
1,-2.9968030681e-03,1.6378705601e-01,1.7586175960e-03
2,-1.5709674711e-03,1.6266106789e-01,1.8977235251e-03
3,-2.2440989143e-04,1.6121133540e-01,2.0726693133e-03
4,1.0470568171e-03,1.5945690185e-01,2.2669258112e-03
5,2.2476198004e-03,1.5741681054e-01,2.4687226103e-03
6,3.3814662047e-03,1.5511010480e-01,2.6700788686e-03

Region 8 (7 circles):
Circle_Index,Center_X,Center_Y,Radius
0,4.4527831759e-03,1.5255582791e-01,2.8656427276e-03
1,5.4657578601e-03,1.4977302319e-01,3.0517962458e-03
2,6.4245774034e-03,1.4678073396e-01,3.2260529948e-03
3,7.3334289518e-03,1.4359800351e-01,3.3866709893e-03
4,8.1964996513e-03,1.4024387515e-01,3.5324063038e-03
5,9.0179766481e-03,1.3673739220e-01,3.6623551318e-03
6,9.8020470881e-03,1.3309759797e-01,3.7758511003e-03

Region 9 (7 circles):
Circle_Index,Center_X,Center_Y,Radius
0,1.0552898117e-02,1.2934353575e-01,3.8723974086e-03
1,1.1274716882e-02,1.2549424886e-01,3.9516212672e-03
2,1.1971690528e-02,1.2156878060e-01,4.0132429130e-03
3,1.2648006202e-02,1.1758617429e-01,4.0570543780e-03
4,1.3307851049e-02,1.1356547323e-01,4.0829049806e-03
5,1.3955412216e-02,1.0952572073e-01,4.0906916208e-03
6,1.4594876848e-02,1.0548596010e-01,4.0803526921e-03

Region 10 (7 circles):
Circle_Index,Center_X,Center_Y,Radius
0,1.5230432092e-02,1.0146523465e-01,4.0518649175e-03
1,1.5866265094e-02,9.7482587682e-02,4.0052427901e-03
2,1.6506562999e-02,9.3557062506e-02,3.9405406212e-03
3,1.7155512955e-02,8.9707702431e-02,3.8578575301e-03
4,1.7817302106e-02,8.5953550765e-02,3.7573461196e-03
5,1.8496117599e-02,8.2313650816e-02,3.6392261584e-03
6,1.9196146580e-02,7.8807045893e-02,3.5038054896e-03

Region 11 (7 circles):
Circle_Index,Center_X,Center_Y,Radius
0,1.9921576195e-02,7.5452779302e-02,3.3515118406e-03
1,2.0676593591e-02,7.2269894353e-02,3.1829417080e-03
2,2.1465385912e-02,6.9277434354e-02,2.9989368659e-03
3,2.2292140305e-02,6.6494442613e-02,2.8007069625e-03
4,2.3161043917e-02,6.3939962437e-02,2.5900312456e-03
5,2.4076283893e-02,6.1633037135e-02,2.7784399247e-03
6,2.5342332565e-02,5.8830726875e-02,3.1473400376e-03

Region 12 (7 circles):
Circle_Index,Center_X,Center_Y,Radius
0,2.6755297121e-02,5.5937689604e-02,3.2891776456e-03
1,2.8306246085e-02,5.2958516611e-02,3.4250911172e-03
2,2.9986247982e-02,4.9897799184e-02,3.5544262910e-03
3,3.1786371336e-02,4.6760128611e-02,3.6766707904e-03
4,3.3697684670e-02,4.3550096182e-02,3.7914205798e-03
5,3.5711256510e-02,4.0272293186e-02,3.8983553864e-03
6,3.7818155379e-02,3.6931310910e-02,3.9972205101e-03

Region 13 (7 circles):
Circle_Index,Center_X,Center_Y,Radius
0,4.0009449801e-02,3.3531740643e-02,4.0878132694e-03
1,4.2276208301e-02,3.0078173675e-02,4.1699728407e-03
2,4.4609499402e-02,2.6575201294e-02,4.2435726051e-03
3,4.7000391630e-02,2.3027414788e-02,4.3085143764e-03
4,4.9439953508e-02,1.9439405446e-02,4.3647240558e-03
5,5.1919253560e-02,1.5815764557e-02,4.4121483902e-03
6,5.4429360310e-02,1.2161083410e-02,4.4507526017e-03

Region 14 (7 circles):
Circle_Index,Center_X,Center_Y,Radius
0,5.6961342284e-02,8.4799532930e-03,4.4805187218e-03
1,5.9506268004e-02,4.7769654947e-03,4.5014445149e-03
2,6.2055205995e-02,1.0567113038e-03,4.5135429135e-03
3,6.4599224781e-02,-2.6762179908e-03,4.5168419188e-03
4,6.7129392887e-02,-6.4172311006e-03,4.5113849455e-03
5,6.9636778836e-02,-1.0161736737e-02,4.4972316133e-03
6,7.2112451153e-02,-1.3905143611e-02,4.4744590101e-03

Region 15 (7 circles):
Circle_Index,Center_X,Center_Y,Radius
0,7.4547478362e-02,-1.7642860434e-02,4.4431634747e-03
1,7.6932928987e-02,-2.1370295918e-02,4.4034629733e-03
2,7.9259871553e-02,-2.5082858774e-02,4.3555001729e-03
3,8.1519374583e-02,-2.8775957712e-02,4.2994463527e-03
4,8.3702506601e-02,-3.2445001446e-02,4.2355063364e-03
5,8.5800336132e-02,-3.6085398685e-02,4.1639246867e-03
6,8.7803931701e-02,-3.9692558141e-02,4.0849934703e-03

Region 16 (7 circles):
Circle_Index,Center_X,Center_Y,Radius
0,8.9704361830e-02,-4.3261888526e-02,3.9990619887e-03
1,9.1492695045e-02,-4.6788798550e-02,3.9065489786e-03
2,9.3159999869e-02,-5.0268696926e-02,3.8079579070e-03
3,9.4697344827e-02,-5.3696992364e-02,3.7038961345e-03
4,9.6095798443e-02,-5.7069093576e-02,3.5950988639e-03
5,9.7346429241e-02,-6.0380409273e-02,3.4824589039e-03
6,9.8440305745e-02,-6.3626348167e-02,3.3670632963e-03

Region 17 (7 circles):
Circle_Index,Center_X,Center_Y,Radius
0,9.9368496480e-02,-6.6802318969e-02,3.2502376231e-03
1,1.0012206997e-01,-6.9903730389e-02,3.1335981065e-03
2,1.0069209474e-01,-7.2925991140e-02,3.0191100227e-03
3,1.0106963931e-01,-7.5864509933e-02,2.9091479103e-03
4,1.0124577221e-01,-7.8714695480e-02,2.8065479167e-03
5,1.0121156196e-01,-8.1471956490e-02,2.7146350998e-03
6,1.0095807708e-01,-8.4131701677e-02,2.6371996321e-03

Region 18 (7 circles):
Circle_Index,Center_X,Center_Y,Radius
0,1.0047638611e-01,-8.6689339750e-02,2.5783896104e-03
1,9.9757557554e-02,-8.9140279422e-02,2.5424924910e-03
2,9.8792659951e-02,-9.1479929404e-02,2.5275323947e-03
3,9.7586764316e-02,-9.3697515427e-02,2.5791131457e-03
4,9.6112341204e-02,-9.5880145063e-02,2.6955830162e-03
5,9.4380580417e-02,-9.8025637306e-02,2.8232513908e-03
6,9.2402671753e-02,-1.0013181115e-01,2.9578996432e-03

Region 19 (7 circles):
Circle_Index,Center_X,Center_Y,Radius
0,9.0189805014e-02,-1.0219648559e-01,3.0960925850e-03
1,8.7753170000e-02,-1.0421747962e-01,3.2350779911e-03
2,8.5103956513e-02,-1.0619261223e-01,3.3726685608e-03
3,8.2253354352e-02,-1.0811970242e-01,3.5071305238e-03
4,7.9212553317e-02,-1.0999656918e-01,3.6370884044e-03
5,7.5992743211e-02,-1.1182103151e-01,3.7614477246e-03
6,7.2605113833e-02,-1.1359090840e-01,3.8793340385e-03

Region 20 (7 circles):
Circle_Index,Center_X,Center_Y,Radius
0,6.9060854983e-02,-1.1530401884e-01,3.9900455823e-03
1,6.5371156463e-02,-1.1695818183e-01,4.0930167777e-03
2,6.1547208072e-02,-1.1855121636e-01,4.1877901822e-03
3,5.7600199613e-02,-1.2008094143e-01,4.2739949335e-03
4,5.3541320884e-02,-1.2154517603e-01,4.3513301664e-03
5,4.9381761686e-02,-1.2294173915e-01,4.4195522381e-03
6,4.5132711821e-02,-1.2426844979e-01,4.4784648826e-03

Region 21 (7 circles):
Circle_Index,Center_X,Center_Y,Radius
0,4.0805361089e-02,-1.2552312694e-01,4.5279116378e-03
1,3.6410899289e-02,-1.2670358960e-01,4.5677700524e-03
2,3.1960516224e-02,-1.2780765676e-01,4.5979473127e-03
3,2.7465401693e-02,-1.2883314742e-01,4.6183770202e-03
4,2.2936745497e-02,-1.2977788056e-01,4.6290169335e-03
5,1.8385737437e-02,-1.3063967519e-01,4.6298475406e-03
6,1.3823567313e-02,-1.3141635030e-01,4.6208713819e-03

Region 22 (7 circles):
Circle_Index,Center_X,Center_Y,Radius
0,9.2614249250e-03,-1.3210572487e-01,4.6021130847e-03
1,4.7105000747e-03,-1.3270561791e-01,4.5736201085e-03
2,1.8198256218e-04,-1.3321384841e-01,4.5354642415e-03
3,-4.3129378120e-03,-1.3362823537e-01,4.4877439289e-03
4,-8.7630712472e-03,-1.3394659777e-01,4.4305875639e-03
5,-1.3157227943e-02,-1.3416675461e-01,4.3641579279e-03
6,-1.7484218098e-02,-1.3428652489e-01,4.2886580447e-03

Region 23 (7 circles):
Circle_Index,Center_X,Center_Y,Radius
0,-2.1732851913e-02,-1.3430372759e-01,4.2043388014e-03
1,-2.5891939587e-02,-1.3421618172e-01,4.1115088174e-03
2,-2.9950291319e-02,-1.3402170627e-01,4.0105471973e-03
3,-3.3896717309e-02,-1.3371812023e-01,3.9019200161e-03
4,-3.7720027755e-02,-1.3330324260e-01,3.7862016456e-03
5,-4.1409032859e-02,-1.3277489237e-01,3.6641023619e-03
6,-4.4952542818e-02,-1.3213088853e-01,3.5365040530e-03

Region 24 (7 circles):
Circle_Index,Center_X,Center_Y,Radius
0,-4.8339367832e-02,-1.3136905008e-01,3.4045062322e-03
1,-5.1558318102e-02,-1.3048719601e-01,3.2694848180e-03
2,-5.4598203825e-02,-1.2948314532e-01,3.1331659788e-03
3,-5.7447835203e-02,-1.2835471700e-01,2.9977161273e-03
4,-6.0096022433e-02,-1.2709973004e-01,2.8658457812e-03
5,-6.2531575716e-02,-1.2571600344e-01,2.7409176742e-03
6,-6.4743305251e-02,-1.2420135620e-01,2.5755473245e-03

Region 25 (7 circles):
Circle_Index,Center_X,Center_Y,Radius
0,-6.6620841841e-02,-1.2259576121e-01,2.4755965619e-03
1,-6.8300560264e-02,-1.2077019912e-01,2.5014028151e-03
2,-6.9789381595e-02,-1.1873447687e-01,2.5555010604e-03
3,-7.1094226911e-02,-1.1649840141e-01,2.6324208588e-03
4,-7.2222017290e-02,-1.1407177969e-01,2.7267803810e-03
5,-7.3179673807e-02,-1.1146441868e-01,2.8336568835e-03
6,-7.3974117540e-02,-1.0868612533e-01,2.9487695932e-03

Region 26 (7 circles):
Circle_Index,Center_X,Center_Y,Radius
0,-7.4612269566e-02,-1.0574670658e-01,3.0685202350e-03
1,-7.5101050959e-02,-1.0265596940e-01,3.1899488381e-03
2,-7.5447382799e-02,-9.9423720727e-02,3.3106510081e-03
3,-7.5658186161e-02,-9.6059767526e-02,3.4286857462e-03
4,-7.5740382121e-02,-9.2573916748e-02,3.5424889215e-03
5,-7.5700891757e-02,-8.8975975347e-02,3.6507985536e-03
6,-7.5546636145e-02,-8.5275750276e-02,3.7525931870e-03

Region 27 (7 circles):
Circle_Index,Center_X,Center_Y,Radius
0,-7.5284536363e-02,-8.1483048487e-02,3.8470423798e-03
1,-7.4921513485e-02,-7.7607676936e-02,3.9334675043e-03
2,-7.4464488590e-02,-7.3659442576e-02,4.0113109421e-03
3,-7.3920382754e-02,-6.9648152359e-02,4.0801119491e-03
4,-7.3296117054e-02,-6.5583613240e-02,4.1394877458e-03
5,-7.2598612566e-02,-6.1475632173e-02,4.1891186736e-03
6,-7.1834790367e-02,-5.7334016110e-02,4.2287365103e-03

Region 28 (7 circles):
Circle_Index,Center_X,Center_Y,Radius
0,-7.1011571534e-02,-5.3168572005e-02,4.2581152402e-03
1,-7.0135877143e-02,-4.8989106813e-02,4.2770637391e-03
2,-6.9214628271e-02,-4.4805427486e-02,4.2854199608e-03
3,-6.8254745995e-02,-4.0627340978e-02,4.2830463097e-03
4,-6.7263151391e-02,-3.6464654242e-02,4.2698259599e-03
5,-6.6246765536e-02,-3.2327174233e-02,4.2456599399e-03
6,-6.5212509507e-02,-2.8224707903e-02,4.2104648474e-03

Region 29 (7 circles):
Circle_Index,Center_X,Center_Y,Radius
0,-6.4167304380e-02,-2.4167062206e-02,4.1641710981e-03
1,-6.3118071233e-02,-2.0164044097e-02,4.1067216412e-03
2,-6.2071731141e-02,-1.6225460528e-02,4.0380711057e-03
3,-6.1035205182e-02,-1.2361118452e-02,3.9581853673e-03
4,-6.0015414432e-02,-8.5808248248e-03,3.8670415596e-03
5,-5.9019279968e-02,-4.8943865981e-03,3.7646285915e-03
6,-5.8053722866e-02,-1.3116107261e-03,3.6509482827e-03
