Region Metadata for: shape_66.txt
================================================================================

REGION DEFINITION: Circle union (one circle per point)
  Each point gets a circle with radius = average distance to neighbors

Total vertices: 209
Number of regions: 30
Points per region:
  Region 0: 7 points
  Region 1: 7 points
  Region 2: 7 points
  Region 3: 7 points
  Region 4: 7 points
  Region 5: 7 points
  Region 6: 7 points
  Region 7: 7 points
  Region 8: 7 points
  Region 9: 7 points
  Region 10: 7 points
  Region 11: 7 points
  Region 12: 7 points
  Region 13: 7 points
  Region 14: 7 points
  Region 15: 7 points
  Region 16: 7 points
  Region 17: 7 points
  Region 18: 7 points
  Region 19: 7 points
  Region 20: 7 points
  Region 21: 7 points
  Region 22: 7 points
  Region 23: 7 points
  Region 24: 7 points
  Region 25: 7 points
  Region 26: 7 points
  Region 27: 7 points
  Region 28: 7 points
  Region 29: 6 points

REGION SUMMARY:
Region_Index,Num_Points,BBox_Min_X,BBox_Max_X,BBox_Min_Y,BBox_Max_Y,Normal_X,Normal_Y,Tangent_X,Tangent_Y,Fitted_Circle_X,Fitted_Circle_Y,Fitted_Circle_Radius,Local_AoA_Rad,Union_Area,Collection_Area
0,7,-1.1855523204e-01,-9.4947022569e-02,-2.7197330818e-03,2.5836240513e-02,-0.7981834406,0.6024144713,0.6024144713,0.7981834406,1.3135022535e+00,-1.0604408760e+00,1.7794964475e+00,6.46522626e-01,2.59199271e-04,1.29761433e-04
1,7,-1.0109500134e-01,-7.5060148372e-02,2.0492529683e-02,5.0848519248e-02,-0.7819220469,0.6233762207,0.6233762207,0.7819220469,5.8769072045e-01,-5.0305741506e-01,8.6434747408e-01,6.73053158e-01,3.01090562e-04,1.50893019e-04
2,7,-8.1315308446e-02,-5.4152491275e-02,4.5190258355e-02,7.4812414578e-02,-0.7506176804,0.6607367841,0.6607367841,0.7506176804,3.1673510503e-01,-2.7816967808e-01,5.1220897514e-01,7.21799908e-01,3.03477374e-04,1.52427443e-04
3,7,-6.0017450828e-02,-3.2986321323e-02,6.9131123781e-02,9.5524624773e-02,-0.6945955676,0.7194004430,0.7194004430,0.6945955676,1.5435792693e-01,-1.2516192200e-01,2.8907508534e-01,8.02938758e-01,2.68278580e-04,1.35166653e-04
4,7,-3.8019087346e-02,-1.2285698742e-02,9.0056435411e-02,1.1082005792e-01,-0.5882359841,0.8086893266,0.8086893266,0.5882359841,5.9588534686e-02,-1.5192693431e-02,1.4385871698e-01,9.41920548e-01,2.07084701e-04,1.04923029e-04
5,7,-1.6182454800e-02,7.3427691320e-03,1.0566292475e-01,1.1865107499e-01,-0.3638838499,0.9314443321,0.9314443321,0.3638838499,1.8468576562e-02,5.4892335401e-02,6.2516588307e-02,1.19836210e+00,1.41843245e-04,7.25886987e-05
6,7,4.4922065486e-03,2.8311019279e-02,1.1137107130e-01,1.1936857310e-01,0.0830622128,0.9965443637,0.9965443637,-0.0830622128,1.2143811672e-02,7.0583751608e-02,4.5991812529e-02,1.65395435e+00,1.32609165e-04,6.82049208e-05
7,7,2.4659750137e-02,5.5503266477e-02,1.0031187293e-01,1.1750410569e-01,0.3708518910,0.9286920237,0.9286920237,-0.3708518910,-1.5374284986e-02,-2.7936343694e-02,1.4840604610e-01,1.95072248e+00,2.44398821e-04,1.23836881e-04
8,7,5.0461993007e-02,8.5592869065e-02,8.2765274072e-02,1.0739111333e-01,0.5056604374,0.8627325901,0.8627325901,-0.5056604374,-7.4689721127e-02,-1.4754079832e-01,2.8195695956e-01,2.10094364e+00,3.51338581e-04,1.77108862e-04
9,7,7.9575853337e-02,1.1529145122e-01,6.0891584545e-02,9.0215306128e-02,0.5984580849,0.8011541179,0.8011541179,-0.5984580849,-1.0797476958e-01,-1.9931875537e-01,3.4351486774e-01,2.21237143e+00,4.02889224e-04,2.03229235e-04
10,7,1.0880798276e-01,1.4136933105e-01,3.6792420254e-02,6.8041966444e-02,0.6854387132,0.7281303251,0.7281303251,-0.6854387132,-6.9736749255e-02,-1.5500179130e-01,2.8497686395e-01,2.32600238e+00,3.83046139e-04,1.93232515e-04
11,7,1.3491257086e-01,1.6065086648e-01,1.2515357263e-02,4.2988838696e-02,0.7888071042,0.6146408320,0.6146408320,-0.7888071042,1.8471592454e-02,-7.3805388327e-02,1.6504240902e-01,2.47966210e+00,3.01109526e-04,1.52700705e-04
12,7,1.5458354613e-01,1.7012243800e-01,-1.0054050922e-02,1.7233928407e-02,0.9241909217,0.3819308056,0.3819308056,-0.9241909217,1.0120672405e-01,-2.2457124918e-02,6.7559067945e-02,2.74970807e+00,1.93816721e-04,9.95067855e-05
13,7,1.6144129080e-01,1.7066138840e-01,-2.9791181984e-02,-6.8477121888e-03,0.9850974198,-0.1719973069,-0.1719973069,-0.9850974198,1.4109646573e-01,-1.4086015043e-02,2.6619850371e-02,-2.96873582e+00,1.26592922e-04,6.63900371e-05
14,7,1.4448310347e-01,1.6604177998e-01,-4.7670512233e-02,-2.6239866896e-02,0.7039872732,-0.7102125873,-0.7102125873,-0.7039872732,1.1602233725e-01,3.1913014250e-03,5.7070405291e-02,-2.35179251e+00,1.74730888e-04,8.98899011e-05
15,7,1.1880108456e-01,1.4884617877e-01,-6.1100252050e-02,-4.2295311256e-02,0.4377932615,-0.8990756699,-0.8990756699,-0.4377932615,8.3195753301e-02,5.3502977296e-02,1.1724784817e-01,-2.02393908e+00,2.42722375e-04,1.23331894e-04
16,7,8.6760878253e-02,1.2347170931e-01,-7.0644668851e-02,-5.3774760652e-02,0.2634939719,-0.9646610424,-0.9646610424,-0.2634939719,4.3605880760e-02,1.6469454548e-01,2.3534458069e-01,-1.83743872e+00,3.25736374e-04,1.64478389e-04
17,7,5.0726987660e-02,9.1853339162e-02,-7.6869171108e-02,-6.1673159121e-02,0.1554697792,-0.9878406490,-0.9878406490,-0.1554697792,5.8111897805e-03,3.4874682113e-01,4.2327580184e-01,-1.72689932e+00,3.93932600e-04,1.98186215e-04
18,7,1.2984594371e-02,5.6105813657e-02,-8.0418488821e-02,-6.6805672913e-02,0.0871590141,-0.9961944119,-0.9961944119,-0.0871590141,-2.6134576768e-02,6.2174341068e-01,6.9815737820e-01,-1.65806607e+00,4.27402632e-04,2.14532510e-04
19,7,-2.4210797051e-02,1.8412544922e-02,-8.1967029014e-02,-6.9918801493e-02,0.0441650591,-0.9990242477,-0.9990242477,-0.0441650591,-5.2803298487e-02,1.0536020575e+00,1.1308525387e+00,-1.61497576e+00,4.15807820e-04,2.08380471e-04
20,7,-5.8616255945e-02,-1.9017050925e-02,-8.2228416238e-02,-7.1733040332e-02,0.0201099302,-0.9997977749,-0.9997977749,-0.0201099302,-8.4519128791e-02,2.1961827868e+00,2.2738840017e+00,-1.59090761e+00,3.58839740e-04,1.79616037e-04
21,7,-8.7995684741e-02,-5.3962265345e-02,-8.2168441559e-02,-7.2957592481e-02,0.0148914008,-0.9998891169,-0.9998891169,-0.0148914008,8.1284475777e-04,-4.9862167842e+00,-4.9090106174e+00,-1.58568828e+00,2.65702842e-04,1.32813804e-04
22,7,-1.0255171764e-01,-8.4195866666e-02,-8.1751636372e-02,-7.4295137854e-02,-0.0757482551,-0.9971269738,-0.9971269738,0.0757482551,-9.3748358490e-02,-4.8695090333e-02,2.9744324623e-02,-1.49497545e+00,1.02698770e-04,5.22866734e-05
23,7,-1.0569950563e-01,-1.0074116666e-01,-7.7272217920e-02,-6.3227969580e-02,-0.9905533848,-0.1371276481,-0.1371276481,0.9905533848,-7.6856668734e-02,-6.7364697216e-02,2.6676382935e-02,-1.37561084e-01,4.78272178e-05,2.46835061e-05
24,7,-1.0574519306e-01,-1.0060964919e-01,-6.5460310097e-02,-4.6901949110e-02,-0.9990355309,0.0439090886,0.0439090886,0.9990355309,-2.4339335766e+01,1.0546659650e+00,-2.4261623496e+01,4.39232104e-02,7.88732526e-05,3.94373888e-05
25,7,-1.0552832494e-01,-1.0067326047e-01,-4.9085439286e-02,-3.5778459568e-02,-0.9887243229,-0.1497471645,-0.1497471645,0.9887243229,-1.2585514908e-01,-4.5077074233e-02,-2.3072254133e-02,-1.50312549e-01,4.35094630e-05,2.09717038e-05
26,7,-1.1700108381e-01,-1.0379097070e-01,-3.7339051076e-02,-2.9282291917e-02,-0.4267867313,-0.9043523019,-0.9043523019,0.4267867313,-1.2229162617e-01,-6.0731127579e-02,-3.0148007937e-02,-1.12985966e+00,4.86618188e-05,2.36122893e-05
27,7,-1.3026284584e-01,-1.1467980749e-01,-3.3034636159e-02,-2.4952134286e-02,-0.3370808585,-0.9414757006,-0.9414757006,0.3370808585,-9.0474704690e-02,6.2725610933e-02,9.7162749320e-02,-1.22698176e+00,6.16086634e-05,3.11267635e-05
28,7,-1.3370594242e-01,-1.2651677653e-01,-2.7298336050e-02,-1.5826274243e-02,-0.9993008027,0.0373885774,0.0373885774,0.9993008027,-1.2834870801e-01,-2.2569294535e-02,3.7218410917e-03,3.73972938e-02,5.04704691e-05,2.65713224e-05
29,6,-1.3107344823e-01,-1.1303641947e-01,-1.9739728215e-02,1.9933044603e-03,-0.8017526689,0.5976559695,0.5976559695,0.8017526689,-3.7819462054e+00,2.7181250374e+00,-4.5640859707e+00,6.40574279e-01,1.66885093e-04,8.34300026e-05

DETAILED CIRCLE DATA:

Region 0 (7 circles):
Circle_Index,Center_X,Center_Y,Radius
0,-1.1457357548e-01,1.2619234786e-03,3.9816565604e-03
1,-1.1216504931e-01,4.4886131500e-03,4.0680111477e-03
2,-1.0970186176e-01,7.7781514148e-03,4.1477937790e-03
3,-1.0718631107e-01,1.1124038791e-02,4.2210143926e-03
4,-1.0462069545e-01,1.4519775798e-02,4.2876853454e-03
5,-1.0200731312e-01,1.7958862953e-02,4.3478213954e-03
6,-9.9348462308e-02,2.1434800774e-02,4.4014397390e-03

Region 1 (7 circles):
Circle_Index,Center_X,Center_Y,Radius
0,-9.6646441239e-02,2.4941089781e-02,4.4485600981e-03
1,-9.3903548135e-02,2.8471230491e-02,4.4892048555e-03
2,-9.1122081217e-02,3.2018723423e-02,4.5233992374e-03
3,-8.8304338710e-02,3.5577069096e-02,4.5511715446e-03
4,-8.5452618837e-02,3.9139768026e-02,4.5725534363e-03
5,-8.2569219820e-02,4.2700320734e-02,4.5875802710e-03
6,-7.9656439882e-02,4.6252227737e-02,4.5962915108e-03

Region 2 (7 circles):
Circle_Index,Center_X,Center_Y,Radius
0,-7.6716577247e-02,4.9788989554e-02,4.5987311987e-03
1,-7.3751930138e-02,5.3304106703e-02,4.5949485191e-03
2,-7.0764796778e-02,5.6791079702e-02,4.5849984545e-03
3,-6.7757475389e-02,6.0243409069e-02,4.5689425563e-03
4,-6.4732264196e-02,6.3654595324e-02,4.5468498479e-03
5,-6.1691461420e-02,6.7018138984e-02,4.5187978863e-03
6,-5.8637365286e-02,7.0327540568e-02,4.4848740102e-03

Region 3 (7 circles):
Circle_Index,Center_X,Center_Y,Radius
0,-5.5572274015e-02,7.3576300594e-02,4.4451768128e-03
1,-5.2498485832e-02,7.6757919581e-02,4.3998178816e-03
2,-4.9418298959e-02,7.9865898046e-02,4.3489238604e-03
3,-4.6334011620e-02,8.2893736509e-02,4.2926388976e-03
4,-4.3247922037e-02,8.5834935487e-02,4.2311275624e-03
5,-4.0162328433e-02,8.8682995499e-02,4.1645783237e-03
6,-3.7079529033e-02,9.1431417064e-02,4.0932077095e-03

Region 4 (7 circles):
Circle_Index,Center_X,Center_Y,Radius
0,-3.4001822058e-02,9.4073700699e-02,4.0172652880e-03
1,-3.0931505731e-02,9.6603346923e-02,3.9370396370e-03
2,-2.7870878277e-02,9.9013856255e-02,3.8528654984e-03
3,-2.4822237917e-02,1.0129872921e-01,3.7651323439e-03
4,-2.1787882876e-02,1.0345146631e-01,3.6742946012e-03
5,-1.8770111375e-02,1.0546556808e-01,3.5808838019e-03
6,-1.5771221639e-02,1.0733453502e-01,3.4855228965e-03

Region 5 (7 circles):
Circle_Index,Center_X,Center_Y,Radius
0,-1.2793511890e-02,1.0905186766e-01,3.3889429100e-03
1,-9.8392803511e-03,1.1061106653e-01,3.2920019570e-03
2,-6.9108252457e-03,1.1200563212e-01,3.1957063233e-03
3,-4.0104447968e-03,1.1322906497e-01,3.1012327966e-03
4,-1.1404372274e-03,1.1427486560e-01,3.0099505815e-03
5,1.6968992393e-03,1.1513653451e-01,2.9234399013e-03
6,4.4992663804e-03,1.1580757224e-01,2.8435027516e-03

Region 6 (7 circles):
Circle_Index,Center_X,Center_Y,Radius
0,7.2643659727e-03,1.1628147929e-01,2.7721594241e-03
1,9.9898997932e-03,1.1655175619e-01,2.7116228842e-03
2,1.2673569619e-02,1.1661190345e-01,2.7515414020e-03
3,1.5488226453e-02,1.1646025682e-01,2.9083162802e-03
4,1.8465115384e-02,1.1610600009e-01,3.0878347883e-03
5,2.1594805870e-02,1.1555527498e-01,3.2668398541e-03
6,2.4867867368e-02,1.1481422321e-01,3.4431519109e-03

Region 7 (7 circles):
Circle_Index,Center_X,Center_Y,Radius
0,2.8274869335e-02,1.1388898649e-01,3.6151191982e-03
1,3.1806381230e-02,1.1278570656e-01,3.7814803746e-03
2,3.5452972509e-02,1.1151052512e-01,3.9412638230e-03
3,3.9205212631e-02,1.1006958391e-01,4.0937144491e-03
4,4.3053671053e-02,1.0846902463e-01,4.2382404882e-03
5,4.6988917231e-02,1.0671498902e-01,4.3743746958e-03
6,5.1001520625e-02,1.0481361878e-01,4.5017458523e-03

Region 8 (7 circles):
Circle_Index,Center_X,Center_Y,Radius
0,5.5082050691e-02,1.0277105565e-01,4.6200576847e-03
1,5.9221076888e-02,1.0059344134e-01,4.7290731584e-03
2,6.3409168672e-02,9.8286917565e-02,4.8286026869e-03
3,6.7636895501e-02,9.5857626056e-02,4.9184952323e-03
4,7.1894826833e-02,9.3311708529e-02,4.9986315616e-03
5,7.6173532124e-02,9.0655306705e-02,5.0689191328e-03
6,8.0463580834e-02,8.7894562304e-02,5.1292882311e-03

Region 9 (7 circles):
Circle_Index,Center_X,Center_Y,Radius
0,8.4755542419e-02,8.5035617045e-02,5.1796890826e-03
1,8.9039986337e-02,8.2084612650e-02,5.2200897476e-03
2,9.3307482046e-02,7.9047690838e-02,5.2504746526e-03
3,9.7548599002e-02,7.5930993331e-02,5.2708436653e-03
4,1.0175390666e-01,7.2740661847e-02,5.2812116458e-03
5,1.0591397449e-01,6.9482838108e-02,5.2816084381e-03
6,1.1001937194e-01,6.6163663834e-02,5.2720792889e-03

Region 10 (7 circles):
Circle_Index,Center_X,Center_Y,Radius
0,1.1406066846e-01,6.2789280745e-02,5.2526856991e-03
1,1.1802843352e-01,5.9365830562e-02,5.2235067393e-03
2,1.2191323657e-01,5.5899455004e-02,5.1846408795e-03
3,1.2570564708e-01,5.2396295792e-02,5.1362084105e-03
4,1.2939623449e-01,4.8862494646e-02,5.0783545643e-03
5,1.3297556827e-01,4.5304193287e-02,5.0112534762e-03
6,1.3643421787e-01,4.1727533435e-02,4.9351131808e-03

Region 11 (7 circles):
Circle_Index,Center_X,Center_Y,Radius
0,1.3976275275e-01,3.8138656810e-02,4.8501818860e-03
1,1.4295174237e-01,3.4543705133e-02,4.7567558502e-03
2,1.4599175619e-01,3.0948820123e-02,4.6551892750e-03
3,1.4887336366e-01,2.7360143501e-02,4.5459067482e-03
4,1.5158713424e-01,2.3783816988e-02,4.4294189159e-03
5,1.5412363739e-01,2.0225982303e-02,4.3063422413e-03
6,1.5647344257e-01,1.6692781168e-02,4.1774239045e-03

Region 12 (7 circles):
Circle_Index,Center_X,Center_Y,Radius
0,1.5862711923e-01,1.3190355301e-02,4.0435731061e-03
1,1.6057523684e-01,9.7248464245e-03,3.9059001864e-03
2,1.6230836484e-01,6.3023962575e-03,3.7657649721e-03
3,1.6381707270e-01,2.9291465207e-03,3.6248353723e-03
4,1.6509192987e-01,-3.8876106574e-04,3.4851560937e-03
5,1.6612350581e-01,-3.6451847814e-03,3.3492247807e-03
6,1.6690236999e-01,-6.8339829061e-03,3.2200680163e-03

Region 13 (7 circles):
Circle_Index,Center_X,Center_Y,Radius
0,1.6741909185e-01,-9.9490137194e-03,3.1013015305e-03
1,1.6766424085e-01,-1.2984135501e-02,2.9971475485e-03
2,1.6762838646e-01,-1.5933206531e-02,2.9123700513e-03
3,1.6730209813e-01,-1.8790085088e-02,2.8520835760e-03
4,1.6667594531e-01,-2.1548629453e-02,2.8214065217e-03
5,1.6574049747e-01,-2.4202697906e-02,2.8249777210e-03
6,1.6448632406e-01,-2.6746148725e-02,3.0450332590e-03

Region 14 (7 circles):
Circle_Index,Center_X,Center_Y,Radius
0,1.6277043268e-01,-2.9511214201e-02,3.2713473046e-03
1,1.6083841193e-01,-3.2172311605e-02,3.3127737299e-03
2,1.5869676686e-01,-3.4731477900e-02,3.3674962822e-03
3,1.5635200252e-01,-3.7190750051e-02,3.4335324423e-03
4,1.5381062397e-01,-3.9552165019e-02,3.5089640430e-03
5,1.5107913626e-01,-4.1817759769e-02,3.5919868520e-03
6,1.4816404444e-01,-4.3989571264e-02,3.6809409685e-03

Region 15 (7 circles):
Circle_Index,Center_X,Center_Y,Radius
0,1.4507185356e-01,-4.6069636468e-02,3.7743252117e-03
1,1.4180906868e-01,-4.8059992343e-02,3.8707994910e-03
2,1.3838219485e-01,-4.9962675853e-02,3.9691790005e-03
3,1.3479773713e-01,-5.1779723962e-02,4.0684234460e-03
4,1.3106220056e-01,-5.3513173633e-02,4.1676237278e-03
5,1.2718209019e-01,-5.5165061830e-02,4.2659877630e-03
6,1.2316391110e-01,-5.6737425515e-02,4.3628265345e-03

Region 16 (7 circles):
Circle_Index,Center_X,Center_Y,Radius
0,1.1901416831e-01,-5.8232301653e-02,4.4575410010e-03
1,1.1473936690e-01,-5.9651727206e-02,4.5496101930e-03
2,1.1034601190e-01,-6.0997739139e-02,4.6385806143e-03
3,1.0584060838e-01,-6.2272374413e-02,4.7240569448e-03
4,1.0122966138e-01,-6.3477669994e-02,4.8056939655e-03
5,9.6519675963e-02,-6.4615662844e-02,4.8831895973e-03
6,9.1717157178e-02,-6.5688389926e-02,4.9562789248e-03

Region 17 (7 circles):
Circle_Index,Center_X,Center_Y,Radius
0,8.6828610078e-02,-6.6697888205e-02,5.0247290834e-03
1,8.1860539716e-02,-6.7646194643e-02,5.0883348911e-03
2,7.6819451145e-02,-6.8535346203e-02,5.1469151191e-03
3,7.1711849417e-02,-6.9367379850e-02,5.2003093079e-03
4,6.6544239586e-02,-7.0144332547e-02,5.2483750474e-03
5,6.1323126704e-02,-7.0868241257e-02,5.2909856512e-03
6,5.6055015825e-02,-7.1541142943e-02,5.3280281646e-03

Region 18 (7 circles):
Circle_Index,Center_X,Center_Y,Radius
0,5.0746412000e-02,-7.2165074570e-02,5.3594016563e-03
1,4.5403820284e-02,-7.2742073099e-02,5.3850157518e-03
2,4.0033745729e-02,-7.3274175495e-02,5.4047893702e-03
3,3.4642693388e-02,-7.3763418722e-02,5.4186496365e-03
4,2.9237168313e-02,-7.4211839741e-02,5.4265309420e-03
5,2.3823675559e-02,-7.4621475518e-02,5.4283741325e-03
6,1.8408720176e-02,-7.4994363015e-02,5.4241258057e-03

Region 19 (7 circles):
Circle_Index,Center_X,Center_Y,Radius
0,1.2998807220e-02,-7.5332539196e-02,5.4137377024e-03
1,7.6004417411e-03,-7.5638041023e-02,5.3971661800e-03
2,2.2201287938e-03,-7.5912905462e-02,5.3743717559e-03
3,-3.1356265693e-03,-7.6159169474e-02,5.3453187139e-03
4,-8.4603192953e-03,-7.6378870023e-02,5.3099747648e-03
5,-1.3747444332e-02,-7.6574044074e-02,5.2683107560e-03
6,-1.8990496625e-02,-7.6746728588e-02,5.2203004259e-03

Region 20 (7 circles):
Circle_Index,Center_X,Center_Y,Radius
0,-2.4182971123e-02,-7.6898960530e-02,5.1659201977e-03
1,-2.9318362772e-02,-7.7032776863e-02,5.1051490126e-03
2,-3.4390166519e-02,-7.7150214550e-02,5.0379681983e-03
3,-3.9391877313e-02,-7.7253310555e-02,4.9643613750e-03
4,-4.4316990099e-02,-7.7344101841e-02,4.8843143974e-03
5,-4.9158999825e-02,-7.7424625371e-02,4.7978153370e-03
6,-5.3911401437e-02,-7.7496918110e-02,4.7048545072e-03

Region 21 (7 circles):
Circle_Index,Center_X,Center_Y,Radius
0,-5.8567689884e-02,-7.7563017020e-02,4.6054245390e-03
1,-6.3121360113e-02,-7.7624959064e-02,4.4995205142e-03
2,-6.7565907069e-02,-7.7684781207e-02,4.3871401725e-03
3,-7.1894825701e-02,-7.7744520412e-02,4.2682842073e-03
4,-7.6101610955e-02,-7.7806213641e-02,4.1429566792e-03
5,-8.0179757779e-02,-7.7871897859e-02,4.0111655829e-03
6,-8.4122761120e-02,-7.7943610028e-02,3.8729236206e-03

Region 22 (7 circles):
Circle_Index,Center_X,Center_Y,Radius
0,-8.7924115924e-02,-7.8023387113e-02,3.7282492590e-03
1,-9.1577317140e-02,-7.8113266076e-02,3.5771681833e-03
2,-9.5075859714e-02,-7.8215283881e-02,3.4197153181e-03
3,-9.8413238592e-02,-7.8331477492e-02,2.2585305921e-03
4,-9.9584328032e-02,-7.8207247295e-02,1.1311193803e-03
5,-1.0057016617e-01,-7.7755103794e-02,1.0974908784e-03
6,-1.0138504767e-01,-7.7000807122e-02,1.1666699673e-03

Region 23 (7 circles):
Circle_Index,Center_X,Center_Y,Radius
0,-1.0204326717e-01,-7.5970117408e-02,1.3021005113e-03
1,-1.0255911932e-01,-7.4688794786e-02,1.4682884896e-03
2,-1.0294689877e-01,-7.3182599386e-02,1.6412465571e-03
3,-1.0322090018e-01,-7.1477291339e-02,1.8069647575e-03
4,-1.0339541818e-01,-6.9598630777e-02,1.9574850687e-03
5,-1.0348474743e-01,-6.7572377832e-02,2.0881926868e-03
6,-1.0350318258e-01,-6.5424292635e-02,2.1963230550e-03

Region 24 (7 circles):
Circle_Index,Center_X,Center_Y,Radius
0,-1.0346501827e-01,-6.3180135316e-02,2.2801747807e-03
1,-1.0338454917e-01,-6.0865666008e-02,2.3386909023e-03
2,-1.0327606991e-01,-5.8506644843e-02,2.3712323203e-03
3,-1.0315387514e-01,-5.6128831950e-02,2.3774561230e-03
4,-1.0303225952e-01,-5.3757987462e-02,2.3572564388e-03
5,-1.0292551769e-01,-5.1419871511e-02,2.3107489975e-03
6,-1.0284794430e-01,-4.9140244227e-02,2.2382951168e-03

Region 25 (7 circles):
Circle_Index,Center_X,Center_Y,Radius
0,-1.0281383401e-01,-4.6944865742e-02,2.1405735439e-03
1,-1.0283748146e-01,-4.4859496188e-02,2.0187257556e-03
2,-1.0293318130e-01,-4.2909895695e-02,1.8746312789e-03
3,-1.0311522817e-01,-4.1121824395e-02,1.7114327915e-03
4,-1.0339791674e-01,-3.9521042420e-02,1.5345626650e-03
5,-1.0379554165e-01,-3.8133309901e-02,1.3537684276e-03
6,-1.0432239754e-01,-3.6984386970e-02,1.2059274022e-03

Region 26 (7 circles):
Circle_Index,Center_X,Center_Y,Radius
0,-1.0504087253e-01,-3.6089149247e-02,1.2499018282e-03
1,-1.0609242425e-01,-3.5239500432e-02,1.4589155917e-03
2,-1.0743286121e-01,-3.4429973490e-02,1.6651541179e-03
3,-1.0901799194e-01,-3.3655101387e-02,1.8497336184e-03
4,-1.1080362496e-01,-3.2909417092e-02,2.0034420929e-03
5,-1.1274556879e-01,-3.2187453569e-02,2.1215341299e-03
6,-1.1479963194e-01,-3.1483743786e-02,2.2014518693e-03

Region 27 (7 circles):
Circle_Index,Center_X,Center_Y,Radius
0,-1.1692162294e-01,-3.0792820710e-02,2.2418154498e-03
1,-1.1906735031e-01,-3.0109217306e-02,2.2419662002e-03
2,-1.2119262257e-01,-2.9427466542e-02,2.2017776942e-03
3,-1.2325324824e-01,-2.8742101385e-02,2.1216312195e-03
4,-1.2520503584e-01,-2.8047654800e-02,2.0025465033e-03
5,-1.2700379389e-01,-2.7338659754e-02,1.8465481340e-03
6,-1.2860533091e-01,-2.6609649215e-02,1.6575149289e-03

Region 28 (7 circles):
Circle_Index,Center_X,Center_Y,Radius
0,-1.2996545543e-01,-2.5855156148e-02,1.4431799017e-03
1,-1.3103997595e-01,-2.5069713521e-02,1.2200334140e-03
2,-1.3178470101e-01,-2.4247854299e-02,1.0245151446e-03
3,-1.3215543912e-01,-2.3384111450e-02,9.2613687997e-04
4,-1.3210799881e-01,-2.2473017940e-02,1.0013774397e-03
5,-1.3159818858e-01,-2.1509106736e-02,2.1077538369e-03
6,-1.2970968944e-01,-1.9019187150e-02,3.1929129075e-03

Region 29 (6 circles):
Circle_Index,Center_X,Center_Y,Radius
0,-1.2774814314e-01,-1.6414423118e-02,3.3253050973e-03
1,-1.2571584790e-01,-1.3701314121e-02,3.4511430450e-03
2,-1.2361510195e-01,-1.0886359641e-02,3.5704113418e-03
3,-1.2144820351e-01,-7.9760591593e-03,3.6831002050e-03
4,-1.1921745080e-01,-4.9769121577e-03,3.7892044183e-03
5,-1.1692514205e-01,-1.8954181179e-03,3.8887225782e-03
