Region Metadata for: shape_70.txt
================================================================================

REGION DEFINITION: Circle union (one circle per point)
  Each point gets a circle with radius = average distance to neighbors

Total vertices: 253
Number of regions: 30
Points per region:
  Region 0: 9 points
  Region 1: 9 points
  Region 2: 9 points
  Region 3: 9 points
  Region 4: 9 points
  Region 5: 9 points
  Region 6: 9 points
  Region 7: 9 points
  Region 8: 9 points
  Region 9: 9 points
  Region 10: 9 points
  Region 11: 9 points
  Region 12: 9 points
  Region 13: 8 points
  Region 14: 8 points
  Region 15: 8 points
  Region 16: 8 points
  Region 17: 8 points
  Region 18: 8 points
  Region 19: 8 points
  Region 20: 8 points
  Region 21: 8 points
  Region 22: 8 points
  Region 23: 8 points
  Region 24: 8 points
  Region 25: 8 points
  Region 26: 8 points
  Region 27: 8 points
  Region 28: 8 points
  Region 29: 8 points

REGION SUMMARY:
Region_Index,Num_Points,BBox_Min_X,BBox_Max_X,BBox_Min_Y,BBox_Max_Y,Normal_X,Normal_Y,Tangent_X,Tangent_Y,Fitted_Circle_X,Fitted_Circle_Y,Fitted_Circle_Radius,Local_AoA_Rad,Union_Area,Collection_Area
0,9,-4.5701347726e-02,-1.8005722621e-02,-2.9405769337e-03,2.5560545108e-02,-0.7206791975,0.6932687029,0.6932687029,0.7206791975,1.5144235905e+00,-1.4761323410e+00,2.1456200105e+00,7.66014803e-01,2.48729356e-04,1.24768829e-04
1,9,-2.2906934946e-02,6.2643137764e-03,2.0717234103e-02,4.9849188073e-02,-0.7064619379,0.7077510369,0.7077510369,0.7064619379,9.4199757576e-01,-9.1663624892e-01,1.3451724489e+00,7.86309694e-01,2.67589897e-04,1.34121278e-04
2,9,1.3664539405e-03,3.0934536564e-02,4.4871822426e-02,7.3046887912e-02,-0.6836679456,0.7297932174,0.7297932174,0.6836679456,6.1646324172e-01,-5.8155489357e-01,8.7798992103e-01,8.18019441e-01,2.62680961e-04,1.31946965e-04
3,9,2.6288490334e-02,5.5184885474e-02,6.8120312404e-02,9.3761037322e-02,-0.6478537192,0.7617647659,0.7617647659,0.6478537192,3.9447059482e-01,-3.3449352468e-01,5.4583254873e-01,8.66032789e-01,2.35471740e-04,1.18156715e-04
4,9,5.1025348124e-02,7.8202740234e-02,8.9056330891e-02,1.1060646900e-01,-0.5891105471,0.8080524508,0.8080524508,0.5891105471,2.4587385476e-01,-1.4806592842e-01,3.0740721960e-01,9.40838665e-01,1.90640061e-04,9.57229759e-05
5,9,7.4734952201e-02,9.9195792130e-02,1.0626525574e-01,1.2221832719e-01,-0.4838934042,0.8751269470,0.8751269470,0.4838934042,1.5960780289e-01,-1.6098235298e-02,1.4970617373e-01,1.06569810e+00,1.36997256e-04,6.90605529e-05
6,9,9.6552273174e-02,1.1030898616e-01,1.1830951054e-01,1.2436431978e-01,-0.1255350731,0.9920891822,0.9920891822,0.1255350731,1.0602963890e-01,1.1176915430e-01,1.1207123474e-02,1.44492917e+00,4.63209447e-05,2.40993654e-05
7,9,1.0521280185e-01,1.1140593308e-01,1.0727636533e-01,1.2219973305e-01,0.9791386008,-0.2031935051,-0.2031935051,-0.9791386008,8.7966364217e-02,1.2013417712e-01,2.2092511067e-02,-2.93697428e+00,4.75479845e-05,2.45281588e-05
8,9,9.2239304406e-02,1.0888575983e-01,8.3553269444e-02,1.0975520275e-01,0.8822813727,-0.4707224016,-0.4707224016,-0.8822813727,-9.4504289117e-02,2.0189154383e-01,2.2214842370e-01,-2.65148327e+00,1.56797635e-04,7.88803483e-05
9,9,7.4445442144e-02,9.7283697815e-02,5.5426597046e-02,8.7416719282e-02,0.8459102373,-0.5333252951,-0.5333252951,-0.8459102373,-5.6975068809e-01,4.8541283125e-01,7.7557863283e-01,-2.57906591e+00,2.46135743e-04,1.23371800e-04
10,9,5.6123437001e-02,7.9953443058e-02,2.7859509808e-02,5.9841380233e-02,0.8309870541,-0.5562917543,-0.5562917543,-0.8309870541,-1.7671636465e+00,1.2726325182e+00,2.2086026961e+00,-2.55167601e+00,2.52807058e-04,1.26525470e-04
11,9,4.1543953557e-02,6.1139207632e-02,5.7936120531e-03,3.1944337417e-02,0.8288773180,-0.5594304172,-0.5594304172,-0.8288773180,2.5089997141e+00,-1.6418033818e+00,-2.9662763457e+00,-2.54789419e+00,1.71446816e-04,8.56783140e-05
12,9,3.3675383026e-02,4.5102747543e-02,-7.0586666172e-03,8.6582865821e-03,0.8442420637,-0.5359620675,-0.5359620675,-0.8442420637,4.5032896749e-01,-2.5995698218e-01,-4.8685831475e-01,-2.57594575e+00,6.13237690e-05,3.06015377e-05
13,8,2.5273286093e-02,3.6051495955e-02,-1.9741985789e-02,-5.1846927626e-03,0.8374199713,-0.5465599616,-0.5465599616,-0.8374199713,-4.2405845648e-01,2.8460554130e-01,5.4324990765e-01,-2.56334185e+00,5.70092401e-05,2.85535734e-05
14,8,1.5382623191e-02,2.8209927645e-02,-3.3855454903e-02,-1.7358114639e-02,0.8190153847,-0.5737715569,-0.5737715569,-0.8190153847,-3.2995170876e-01,2.2086792090e-01,4.2958841257e-01,-2.53048920e+00,7.53760710e-05,3.77726821e-05
15,8,4.9076746688e-03,1.8462937512e-02,-4.7435441288e-02,-3.1246123271e-02,0.7889500017,-0.6144573987,-0.6144573987,-0.7889500017,-1.9979462632e-01,1.2517802622e-01,2.6803487492e-01,-2.47989462e+00,7.66917915e-05,3.84758104e-05
16,8,-5.2568400484e-03,7.7261319508e-03,-5.8527873193e-02,-4.4873759940e-02,0.7316167705,-0.6817161441,-0.6817161441,-0.7316167705,-9.2021193194e-02,3.4743570377e-02,1.2732849937e-01,-2.39148689e+00,6.10861581e-05,3.07912584e-05
17,8,-1.5116136163e-02,-3.0735772767e-03,-6.6013232127e-02,-5.6254760561e-02,0.5934407355,-0.8048776885,-0.8048776885,-0.5934407355,-3.7532266981e-02,-2.2589615912e-02,4.8202870651e-02,-2.20612332e+00,4.10726505e-05,2.07882817e-05
18,8,-2.9158797946e-02,-1.3188200777e-02,-7.3811470931e-02,-6.3494784570e-02,0.4699169923,-0.8827106096,-0.8827106096,-0.4699169923,-1.1012308423e-01,9.9209894309e-02,1.9001014364e-01,-2.05999307e+00,6.34485014e-05,3.18718789e-05
19,8,-4.6150878969e-02,-2.6768977892e-02,-8.1540397007e-02,-7.0413871134e-02,0.4042500098,-0.9146485279,-0.9146485279,-0.4042500098,-1.4435429487e-01,1.6849447575e-01,2.6729387779e-01,-1.98695503e+00,8.81141820e-05,4.42554920e-05
20,8,-6.4255571220e-02,-4.3580209810e-02,-8.8093279168e-02,-7.7635940136e-02,0.3360935932,-0.9418285919,-0.9418285919,-0.3360935932,-1.3354920117e-01,1.4010498732e-01,2.3691984248e-01,-1.91356245e+00,9.58170271e-05,4.81541272e-05
21,8,-8.1647375231e-02,-6.1777562068e-02,-9.2374694773e-02,-8.4046733938e-02,0.2417354860,-0.9703421844,-0.9703421844,-0.2417354860,-1.0770994219e-01,5.5337466755e-02,1.4828833277e-01,-1.81495031e+00,8.46411376e-05,4.26210714e-05
22,8,-9.6533083692e-02,-7.9504379941e-02,-9.3452512304e-02,-8.8519674642e-02,0.0766334292,-0.9970593350,-0.9970593350,-0.0766334292,-9.3383827649e-02,-2.5415090736e-02,6.6239731763e-02,-1.64750496e+00,5.99436235e-05,3.03891229e-05
23,8,-1.0485588076e-01,-9.4865697112e-02,-9.3156139923e-02,-8.7477379718e-02,-0.3839029112,-0.9233734644,-0.9233734644,0.3839029112,-9.7767351185e-02,-8.3391515091e-02,8.0989930322e-03,-1.17677693e+00,2.63580748e-05,1.38688968e-05
24,8,-1.0580239909e-01,-1.0143234417e-01,-8.8556675742e-02,-7.6030466631e-02,-0.9944350619,0.1053513537,0.1053513537,0.9944350619,-8.4168351395e-02,-8.4916296322e-02,2.0268554193e-02,1.05547214e-01,3.38671183e-05,1.75072367e-05
25,8,-1.0446658443e-01,-9.4917229935e-02,-7.7903096479e-02,-6.1166579122e-02,-0.9154950414,0.4023292546,0.4023292546,0.9154950414,-1.4942048670e-02,-1.0708846225e-01,9.3027796521e-02,4.14059685e-01,6.58138070e-05,3.32610711e-05
26,8,-9.8100692724e-02,-8.7184726418e-02,-6.3491200818e-02,-4.8123897381e-02,-0.8516043121,0.5241851730,0.5241851730,0.8516043121,1.1049456751e-02,-1.1927277975e-01,1.2170253874e-01,5.51758017e-01,6.20617496e-05,3.12684074e-05
27,8,-8.9536784865e-02,-7.6437443492e-02,-5.0096009908e-02,-3.5962373312e-02,-0.7451728530,0.6668713662,0.6668713662,0.7451728530,-1.1835464745e-02,-1.0848407848e-01,9.6939806726e-02,7.30002323e-01,6.82268020e-05,3.42318915e-05
28,8,-7.9997450186e-02,-5.9844191656e-02,-3.9416581639e-02,-1.8356470904e-02,-0.7285889715,0.6849511739,0.6849511739,0.7285889715,-4.4234699126e+00,4.0627000324e+00,-5.9744847132e+00,7.54536682e-01,1.45997080e-04,7.30155170e-05
29,8,-6.4051587910e-02,-4.1052301365e-02,-2.2419989539e-02,1.5767773157e-03,-0.7278426214,0.6857442078,0.6857442078,0.7278426214,3.4550382808e+00,-3.3150363233e+00,4.8191149996e+00,7.55625691e-01,1.89423834e-04,9.47251626e-05

DETAILED CIRCLE DATA:

Region 0 (9 circles):
Circle_Index,Center_X,Center_Y,Radius
0,-4.2139487253e-02,6.2128353925e-04,3.5618604730e-03
1,-3.9673120739e-02,3.2142847360e-03,3.5943237972e-03
2,-3.7181565932e-02,5.8266314082e-03,3.6246218962e-03
3,-3.4665956818e-02,8.4564041857e-03,3.6527567358e-03
4,-3.2127427378e-02,1.1101683698e-02,3.6787304562e-03
5,-2.9567111597e-02,1.3760550575e-02,3.7025453777e-03
6,-2.6986143457e-02,1.6431085447e-02,3.7242040079e-03
7,-2.4385656942e-02,1.9111368944e-02,3.7437090503e-03
8,-2.1766786035e-02,2.1799481694e-02,3.7610634143e-03

Region 1 (9 circles):
Circle_Index,Center_X,Center_Y,Radius
0,-1.9130664720e-02,2.4493504328e-02,3.7762702259e-03
1,-1.6478426980e-02,2.7191517477e-02,3.7893328412e-03
2,-1.3811206798e-02,2.9891601768e-02,3.8002548602e-03
3,-1.1130138157e-02,3.2591837833e-02,3.8090401431e-03
4,-8.4363550420e-03,3.5290306301e-02,3.8156928283e-03
5,-5.7309914349e-03,3.7985087802e-02,3.8202173523e-03
6,-3.0151813193e-03,4.0674262966e-02,3.8226184714e-03
7,-2.9005867873e-04,4.3355912422e-02,3.8229012872e-03
8,2.4432425036e-03,4.6028116800e-02,3.8210712728e-03

Region 2 (9 circles):
Circle_Index,Center_X,Center_Y,Radius
0,5.1835882443e-03,4.8688956730e-02,3.8171343038e-03
1,7.9298445600e-03,5.1336512842e-02,3.8110966914e-03
2,1.0680877467e-02,5.3968865766e-02,3.8029652198e-03
3,1.3435552983e-02,5.6584096131e-02,3.7927471873e-03
4,1.6192737124e-02,5.9180284567e-02,3.7804504525e-03
5,1.8951295906e-02,6.1755511704e-02,3.7660834850e-03
6,2.1710095347e-02,6.4307858171e-02,3.7496554226e-03
7,2.4468001463e-02,6.6835404600e-02,3.7311761348e-03
8,2.7223880271e-02,6.9336231618e-02,3.7106562936e-03

Region 3 (9 circles):
Circle_Index,Center_X,Center_Y,Radius
0,2.9976597787e-02,7.1808419857e-02,3.6881074528e-03
1,3.2725020027e-02,7.4250049945e-02,3.6635421371e-03
2,3.5468013010e-02,7.6659202513e-02,3.6369739418e-03
3,3.8204442751e-02,7.9033958190e-02,3.6084176452e-03
4,4.0933175267e-02,8.1372397607e-02,3.5778893346e-03
5,4.3653076574e-02,8.3672601393e-02,3.5454065496e-03
6,4.6363012690e-02,8.5932650177e-02,3.5109884427e-03
7,4.9061849631e-02,8.8150624590e-02,3.4746559625e-03
8,5.1748453413e-02,9.0324605261e-02,3.4364320612e-03

Region 4 (9 circles):
Circle_Index,Center_X,Center_Y,Radius
0,5.4421690054e-02,9.2452672821e-02,3.3963419300e-03
1,5.7080425569e-02,9.4532907898e-02,3.3544132681e-03
2,5.9723525976e-02,9.6563391123e-02,3.3106765903e-03
3,6.2349857292e-02,9.8542203125e-02,3.2651655775e-03
4,6.4958285532e-02,1.0046742454e-01,3.2179174799e-03
5,6.7547676715e-02,1.0233713598e-01,3.1689735803e-03
6,7.0116896855e-02,1.0414941810e-01,3.1183797264e-03
7,7.2664811970e-02,1.0590235151e-01,3.0661869460e-03
8,7.5190288077e-02,1.0759401684e-01,3.0124521572e-03

Region 5 (9 circles):
Circle_Index,Center_X,Center_Y,Radius
0,7.7692191192e-02,1.0922249473e-01,2.9572389908e-03
1,8.0169387332e-02,1.1078586581e-01,2.9006187432e-03
2,8.2620742514e-02,1.1228221071e-01,2.8426714832e-03
3,8.5045122754e-02,1.1370961005e-01,2.7834873369e-03
4,8.7441394068e-02,1.1506614446e-01,2.7231679816e-03
5,8.9808422475e-02,1.1634989458e-01,2.6618283822e-03
6,9.2145073989e-02,1.1755894104e-01,2.5995988075e-03
7,9.4450214629e-02,1.1869136446e-01,2.5366271682e-03
8,9.6722710410e-02,1.1974524547e-01,2.4730817201e-03

Region 6 (9 circles):
Circle_Index,Center_X,Center_Y,Radius
0,9.8961427349e-02,1.2071866471e-01,2.4091541752e-03
1,1.0116523146e-01,1.2160970280e-01,2.3450632600e-03
2,1.0333298877e-01,1.2241644038e-01,1.9478794007e-03
3,1.0484648345e-01,1.2287951700e-01,1.4581299308e-03
4,1.0615739059e-01,1.2312398342e-01,1.2240779553e-03
5,1.0727156168e-01,1.2315661149e-01,1.0269500311e-03
6,1.0819484822e-01,1.2298417305e-01,8.8268171176e-04
7,1.0893310168e-01,1.2261343995e-01,8.0950689598e-04
8,1.0949217356e-01,1.2205118402e-01,8.1681260098e-04

Region 7 (9 circles):
Circle_Index,Center_X,Center_Y,Radius
0,1.0987791534e-01,1.2130417713e-01,8.9555591939e-04
1,1.1009617851e-01,1.2037919110e-01,1.0240218752e-03
2,1.1015281456e-01,1.1928299778e-01,1.1810882476e-03
3,1.1005367498e-01,1.1802236901e-01,1.3522580993e-03
4,1.0980461124e-01,1.1660407665e-01,1.5288385605e-03
5,1.0941147485e-01,1.1503489253e-01,1.7057456135e-03
6,1.0888011729e-01,1.1332158850e-01,1.8799416294e-03
7,1.0821639004e-01,1.1147093639e-01,2.0495445777e-03
8,1.0742614459e-01,1.0948970807e-01,2.2133427397e-03

Region 8 (9 circles):
Circle_Index,Center_X,Center_Y,Radius
0,1.0651523244e-01,1.0738467536e-01,2.3705273956e-03
1,1.0548950506e-01,1.0516261011e-01,2.5205411158e-03
2,1.0435481395e-01,1.0283028417e-01,2.6629886060e-03
3,1.0311701059e-01,1.0039446938e-01,2.7975824723e-03
4,1.0178194648e-01,9.7861937578e-02,2.9241091443e-03
5,1.0035547309e-01,9.5239460618e-02,3.0424068220e-03
6,9.8843441913e-02,9.2533810339e-02,3.1523508189e-03
7,9.7251704443e-02,8.9751758586e-02,3.2538435837e-03
8,9.5586112164e-02,8.6900077201e-02,3.3468077580e-03

Region 9 (9 circles):
Circle_Index,Center_X,Center_Y,Radius
0,9.3852516563e-02,8.3985538030e-02,3.4311812520e-03
1,9.2056769128e-02,8.1014912915e-02,3.5069136890e-03
2,9.0204721346e-02,7.7994973701e-02,3.5739637969e-03
3,8.8302224706e-02,7.4932492231e-02,3.6322974671e-03
4,8.6355130693e-02,7.1834240349e-02,3.6818862906e-03
5,8.4369290797e-02,6.8706989900e-02,3.7227064412e-03
6,8.2350556505e-02,6.5557512726e-02,3.7547378140e-03
7,8.0304779303e-02,6.2392580672e-02,3.7779633551e-03
8,7.8237810680e-02,5.9218965581e-02,3.7923685354e-03

Region 10 (9 circles):
Circle_Index,Center_X,Center_Y,Radius
0,7.6155502123e-02,5.6043439298e-02,3.7979409349e-03
1,7.4063705119e-02,5.2872773666e-02,3.7946699129e-03
2,7.1968271157e-02,4.9713740529e-02,3.7825463455e-03
3,6.9875051724e-02,4.6573111731e-02,3.7615624169e-03
4,6.7789898307e-02,4.3457659116e-02,3.7317114550e-03
5,6.5718662393e-02,4.0374154527e-02,3.6929878030e-03
6,6.3667195471e-02,3.7329369808e-02,3.6453867235e-03
7,6.1641349027e-02,3.4330076804e-02,3.5889043307e-03
8,5.9646974550e-02,3.1383047357e-02,3.5235375497e-03

Region 11 (9 circles):
Circle_Index,Center_X,Center_Y,Radius
0,5.7689923527e-02,2.8495053313e-02,3.4492841044e-03
1,5.5776047445e-02,2.5672866514e-02,3.3661425344e-03
2,5.3911197793e-02,2.2923258804e-02,3.2741122491e-03
3,5.2101226056e-02,2.0253002028e-02,3.1731936251e-03
4,5.0351983724e-02,1.7668868029e-02,3.0633881637e-03
5,4.8669322283e-02,1.5177628651e-02,2.9446987310e-03
6,4.7059093221e-02,1.2786055738e-02,2.8171299167e-03
7,4.5527148026e-02,1.0500921133e-02,2.6806885721e-03
8,4.4079338185e-02,8.3289966807e-03,2.5353846276e-03

Region 12 (9 circles):
Circle_Index,Center_X,Center_Y,Radius
0,4.2721515185e-02,6.2770542247e-03,2.3812323574e-03
1,4.1459530515e-02,4.3518656088e-03,2.2182523981e-03
2,4.0299235661e-02,2.5602026769e-03,2.0464750852e-03
3,3.9246482112e-02,9.0883727275e-04,1.8659462235e-03
4,3.8307121354e-02,-5.9545875982e-04,1.5447843439e-03
5,3.7614945388e-02,-1.7148009971e-03,1.3576733064e-03
6,3.6875819545e-02,-2.9029398844e-03,1.4387874310e-03
7,3.6091520423e-02,-4.1560297747e-03,1.5157093023e-03
8,3.5263824621e-02,-5.4702250214e-03,1.5884415958e-03

Region 13 (8 circles):
Circle_Index,Center_X,Center_Y,Radius
0,3.4394508740e-02,-6.8416799776e-03,1.6569872150e-03
1,3.3485349378e-02,-8.2665489966e-03,1.7213493141e-03
2,3.2538123135e-02,-9.7409864314e-03,1.7815313239e-03
3,3.1554606610e-02,-1.1261146635e-02,1.8375369811e-03
4,3.0536576402e-02,-1.2823183962e-02,1.8893703630e-03
5,2.9485809111e-02,-1.4423252764e-02,1.9370359253e-03
6,2.8404081336e-02,-1.6057507394e-02,1.9805385474e-03
7,2.7293169676e-02,-1.7722102207e-02,2.0198835823e-03

Region 14 (8 circles):
Circle_Index,Center_X,Center_Y,Radius
0,2.6154850730e-02,-1.9413191554e-02,2.0550769154e-03
1,2.4990901098e-02,-2.1126929790e-02,2.0861250315e-03
2,2.3803097379e-02,-2.2859471268e-02,2.1130350924e-03
3,2.2593216172e-02,-2.4606970340e-02,2.1358150263e-03
4,2.1363034077e-02,-2.6365581360e-02,2.1544736331e-03
5,2.0114327693e-02,-2.8131458682e-02,2.1690207052e-03
6,1.8848873619e-02,-2.9900756657e-02,2.1794671712e-03
7,1.7568448454e-02,-3.1669629641e-02,2.1858252629e-03

Region 15 (8 circles):
Circle_Index,Center_X,Center_Y,Radius
0,1.6274828798e-02,-3.3434231985e-02,2.1881087138e-03
1,1.4969791251e-02,-3.5190718042e-02,2.1863329943e-03
2,1.3655112410e-02,-3.6935242167e-02,2.1805155911e-03
3,1.2332568877e-02,-3.8663958713e-02,2.1706763430e-03
4,1.1003937249e-02,-4.0373022032e-02,2.1568378440e-03
5,9.6709941266e-03,-4.2058586477e-02,2.1390259314e-03
6,8.3355161087e-03,-4.3716806403e-02,2.1172702794e-03
7,6.9992797947e-03,-4.5343836162e-02,2.0916051259e-03

Region 16 (8 circles):
Circle_Index,Center_X,Center_Y,Radius
0,5.6640617837e-03,-4.6935830107e-02,2.0620701671e-03
1,4.3316386751e-03,-4.8488942592e-02,2.0287116665e-03
2,3.0037870683e-03,-4.9999327969e-02,1.9915838389e-03
3,1.6822835624e-03,-5.1463140592e-02,1.9507505890e-03
4,3.6890475686e-04,-5.2876534815e-02,1.9062877139e-03
5,-9.3457274913e-04,-5.4235664990e-02,1.8582857126e-03
6,-2.2263723563e-03,-5.5536685470e-02,1.8068533983e-03
7,-3.5047174652e-03,-5.6775750610e-02,1.7521225832e-03

Region 17 (8 circles):
Circle_Index,Center_X,Center_Y,Radius
0,-4.7678314767e-03,-5.7949014761e-02,1.6942542000e-03
1,-6.0139377915e-03,-5.9052632277e-02,1.6334463670e-03
2,-7.2412598102e-03,-6.0082757512e-02,1.5699450928e-03
3,-8.4480209336e-03,-6.1035544818e-02,1.5040585769e-03
4,-9.6324445624e-03,-6.1907148549e-02,1.4361764067e-03
5,-1.0792754097e-02,-6.2693723058e-02,1.4672450549e-03
6,-1.2086503992e-02,-6.3515536988e-02,1.5735935940e-03
7,-1.3462673586e-02,-6.4359769550e-02,1.6534625769e-03

Region 18 (8 circles):
Circle_Index,Center_X,Center_Y,Radius
0,-1.4917669156e-02,-6.5224252950e-02,1.7294683792e-03
1,-1.6447896976e-02,-6.6106819394e-02,1.8015695992e-03
2,-1.8049763322e-02,-6.7005301089e-02,1.8697352449e-03
3,-1.9719674469e-02,-6.7917530241e-02,1.9339421510e-03
4,-2.1454036692e-02,-6.8841339057e-02,1.9941731744e-03
5,-2.3249256266e-02,-6.9774559743e-02,2.0504159127e-03
6,-2.5101739466e-02,-7.0715024506e-02,2.1026617867e-03
7,-2.7007892568e-02,-7.1660565552e-02,2.1509053784e-03

Region 19 (8 circles):
Circle_Index,Center_X,Center_Y,Radius
0,-2.8964121846e-02,-7.2609015088e-02,2.1951439539e-03
1,-3.0966833577e-02,-7.3558205320e-02,2.2353771238e-03
2,-3.3012434034e-02,-7.4505968455e-02,2.2716066068e-03
3,-3.5097329494e-02,-7.5450136699e-02,2.3038360749e-03
4,-3.7217926231e-02,-7.6388542259e-02,2.3320710644e-03
5,-3.9370630520e-02,-7.7319017340e-02,2.3563189417e-03
6,-4.1551848637e-02,-7.8239394150e-02,2.3765889186e-03
7,-4.3757986858e-02,-7.9147504895e-02,2.3928921115e-03

Region 20 (8 circles):
Circle_Index,Center_X,Center_Y,Radius
0,-4.5985451456e-02,-8.0041181782e-02,2.4052416455e-03
1,-4.8230648708e-02,-8.0918257016e-02,2.4136528014e-03
2,-5.0489984888e-02,-8.1776562805e-02,2.4181432105e-03
3,-5.2759866271e-02,-8.2613931355e-02,2.4187331007e-03
4,-5.5036699134e-02,-8.3428194872e-02,2.4154455999e-03
5,-5.7316889750e-02,-8.4217185564e-02,2.4083071067e-03
6,-5.9596844395e-02,-8.4978735635e-02,2.3973477389e-03
7,-6.1872969345e-02,-8.5710677293e-02,2.3826018750e-03

Region 21 (8 circles):
Circle_Index,Center_X,Center_Y,Radius
0,-6.4141670875e-02,-8.6410842745e-02,2.3641088068e-03
1,-6.6399355259e-02,-8.7077064196e-02,2.3419135278e-03
2,-6.8642428772e-02,-8.7707173854e-02,2.3160676850e-03
3,-7.0867297691e-02,-8.8299003924e-02,2.2866307348e-03
4,-7.3070368290e-02,-8.8850386613e-02,2.2536713474e-03
5,-7.5248046845e-02,-8.9359154129e-02,2.2172691225e-03
6,-7.7396739629e-02,-8.9823138676e-02,2.1775166926e-03
7,-7.9512852920e-02,-9.0240172462e-02,2.1345223110e-03

Region 22 (8 circles):
Circle_Index,Center_X,Center_Y,Radius
0,-8.1592792991e-02,-9.0608087692e-02,2.0884130502e-03
1,-8.3632966119e-02,-9.0924716575e-02,2.0393387697e-03
2,-8.5629778578e-02,-9.1187891315e-02,1.9874770534e-03
3,-8.7579636643e-02,-9.1395444120e-02,1.9330393715e-03
4,-8.9478946590e-02,-9.1545207196e-02,1.8762787816e-03
5,-9.1324114693e-02,-9.1635012750e-02,1.8174995549e-03
6,-9.3111547229e-02,-9.1662692987e-02,1.7570691765e-03
7,-9.4837650471e-02,-9.1626080115e-02,1.6954332212e-03

Region 23 (8 circles):
Circle_Index,Center_X,Center_Y,Radius
0,-9.6498830696e-02,-9.1523006339e-02,1.6331335837e-03
1,-9.8091494178e-02,-9.1351303867e-02,1.5708303934e-03
2,-9.9612047193e-02,-9.1108804905e-02,1.5093275130e-03
3,-1.0105689602e-01,-9.0793341659e-02,1.2406837193e-03
4,-1.0199855523e-01,-9.0449472452e-02,9.6722773096e-04
5,-1.0277805711e-01,-8.9938636601e-02,9.2318031612e-04
6,-1.0340235150e-01,-8.9270535918e-02,9.2940019559e-04
7,-1.0387838827e-01,-8.8454872216e-02,9.7749249774e-04

Region 24 (8 circles):
Circle_Index,Center_X,Center_Y,Radius
0,-1.0421311724e-01,-8.7501347307e-02,1.0553284347e-03
1,-1.0441348826e-01,-8.6419663006e-02,1.1512219294e-03
2,-1.0448645119e-01,-8.5219521124e-02,1.2560584111e-03
3,-1.0443895587e-01,-8.3910623474e-02,1.3634432168e-03
4,-1.0427795214e-01,-8.2502671870e-02,1.4690747003e-03
5,-1.0401038986e-01,-8.1005368124e-02,1.5700786109e-03
6,-1.0364321886e-01,-7.9428414049e-02,1.6645137302e-03
7,-1.0318338900e-01,-7.7781511457e-02,1.7510448267e-03

Region 25 (8 circles):
Circle_Index,Center_X,Center_Y,Radius
0,-1.0263785012e-01,-7.6074362163e-02,1.8287343157e-03
1,-1.0201355206e-01,-7.4316667978e-02,1.8969102025e-03
2,-1.0131744468e-01,-7.2518130716e-02,1.9550815717e-03
3,-1.0055647782e-01,-7.0688452189e-02,2.0028836416e-03
4,-9.9737601326e-02,-6.8837334211e-02,2.0400413999e-03
5,-9.8867765045e-02,-6.6974478593e-02,2.0663451130e-03
6,-9.7953918823e-02,-6.5109587150e-02,2.0816335824e-03
7,-9.7003012506e-02,-6.3252361693e-02,2.0857825711e-03

Region 26 (8 circles):
Circle_Index,Center_X,Center_Y,Radius
0,-9.6021995942e-02,-6.1412504036e-02,2.0786967818e-03
1,-9.5017818976e-02,-5.9599715992e-02,2.0603043620e-03
2,-9.3997431456e-02,-5.7823699373e-02,2.0305533076e-03
3,-9.2967783226e-02,-5.6094155993e-02,1.9894094106e-03
4,-9.1935824134e-02,-5.4420787663e-02,1.9368556197e-03
5,-9.0908504026e-02,-5.2813296198e-02,1.8728929035e-03
6,-8.9892772749e-02,-5.1281383410e-02,1.7975429828e-03
7,-8.8895580149e-02,-4.9834751111e-02,1.7108537307e-03

Region 27 (8 circles):
Circle_Index,Center_X,Center_Y,Radius
0,-8.7923876072e-02,-4.8483101116e-02,1.6129087926e-03
1,-8.6984610365e-02,-4.7236135235e-02,1.5038444566e-03
2,-8.6084732874e-02,-4.6103555284e-02,1.3838798699e-03
3,-8.5231193446e-02,-4.5095063073e-02,1.2533736027e-03
4,-8.4430941926e-02,-4.4220360417e-02,1.8402350837e-03
5,-8.2706477748e-02,-4.2417336474e-02,2.5323359443e-03
6,-8.0934145612e-02,-4.0556579653e-02,2.6060680567e-03
7,-7.9115079500e-02,-3.8640009321e-02,2.6776360089e-03

Region 28 (8 circles):
Circle_Index,Center_X,Center_Y,Radius
0,-7.7250413397e-02,-3.6669544850e-02,2.7470367885e-03
1,-7.5341281285e-02,-3.4647105610e-02,2.8142679775e-03
2,-7.3388817148e-02,-3.2574610971e-02,2.8793276617e-03
3,-7.1394154969e-02,-3.0453980303e-02,2.9422143593e-03
4,-6.9358428731e-02,-2.8287132977e-02,3.0029269632e-03
5,-6.7282772419e-02,-2.6075988363e-02,3.0614646944e-03
6,-6.5168320014e-02,-2.3822465830e-02,3.1178270645e-03
7,-6.3016205501e-02,-2.1528484750e-02,3.1720138457e-03

Region 29 (8 circles):
Circle_Index,Center_X,Center_Y,Radius
0,-6.0827562863e-02,-1.9195964492e-02,3.2240250464e-03
1,-5.8603526083e-02,-1.6826824427e-02,3.2738608916e-03
2,-5.6345229145e-02,-1.4422983925e-02,3.3215218073e-03
3,-5.4053806031e-02,-1.1986362355e-02,3.3670084085e-03
4,-5.1730390726e-02,-9.5188790888e-03,3.4103214898e-03
5,-4.9376117212e-02,-7.0224534961e-03,3.4514620189e-03
6,-4.6992119473e-02,-4.4990049470e-03,3.4904311311e-03
7,-4.4579531492e-02,-1.9504528118e-03,3.5272301275e-03
