Region Metadata for: shape_71.txt
================================================================================

REGION DEFINITION: Circle union (one circle per point)
  Each point gets a circle with radius = average distance to neighbors

Total vertices: 223
Number of regions: 30
Points per region:
  Region 0: 8 points
  Region 1: 8 points
  Region 2: 8 points
  Region 3: 8 points
  Region 4: 8 points
  Region 5: 8 points
  Region 6: 8 points
  Region 7: 8 points
  Region 8: 8 points
  Region 9: 8 points
  Region 10: 8 points
  Region 11: 8 points
  Region 12: 8 points
  Region 13: 7 points
  Region 14: 7 points
  Region 15: 7 points
  Region 16: 7 points
  Region 17: 7 points
  Region 18: 7 points
  Region 19: 7 points
  Region 20: 7 points
  Region 21: 7 points
  Region 22: 7 points
  Region 23: 7 points
  Region 24: 7 points
  Region 25: 7 points
  Region 26: 7 points
  Region 27: 7 points
  Region 28: 7 points
  Region 29: 7 points

REGION SUMMARY:
Region_Index,Num_Points,BBox_Min_X,BBox_Max_X,BBox_Min_Y,BBox_Max_Y,Normal_X,Normal_Y,Tangent_X,Tangent_Y,Fitted_Circle_X,Fitted_Circle_Y,Fitted_Circle_Radius,Local_AoA_Rad,Union_Area,Collection_Area
0,8,-4.7161817175e-02,-2.4784537316e-02,-2.3917377249e-03,2.9416981452e-02,-0.8552869630,-0.5181546207,-0.5181546207,0.8552869630,-3.4847662901e-01,-1.7708959190e-01,-3.6648178638e-01,-5.44691923e-01,2.64969070e-04,1.31710105e-04
1,8,-6.8446105112e-02,-4.0632053393e-02,2.4193011844e-02,6.0935598083e-02,-0.8291130233,-0.5590810268,-0.5590810268,0.8291130233,-1.6373085212e+00,-1.0257527496e+00,-1.9096757690e+00,-5.93277004e-01,3.67284318e-04,1.83396889e-04
2,8,-8.8379186794e-02,-6.1587713825e-02,5.5329181520e-02,9.0798621500e-02,-0.8299216354,-0.5578799863,-0.5578799863,0.8299216354,1.2115964754e+00,9.3915122330e-01,1.5510889917e+00,-5.91829126e-01,3.42145889e-04,1.71278204e-04
3,8,-1.0163411849e-01,-8.2317681967e-02,8.5971320130e-02,1.1396749345e-01,-0.8617391953,-0.5073515145,-0.5073515145,0.8617391953,1.2092065464e-01,2.2684138914e-01,2.4836593880e-01,-5.32108581e-01,2.04650843e-04,1.03060891e-04
4,8,-1.0424603203e-01,-9.7442719016e-02,1.1102857435e-01,1.2586590871e-01,-0.9786342610,-0.2056088109,-0.2056088109,0.9786342610,-8.5323076122e-02,1.2303856444e-01,1.7352591249e-02,-2.07085769e-01,5.38906573e-05,2.80976943e-05
5,8,-1.0272310051e-01,-8.5125618553e-02,1.1919920887e-01,1.2771721390e-01,0.2242032391,0.9745424093,0.9745424093,-0.2242032391,-1.0019065529e-01,1.0523877037e-01,2.0740278589e-02,1.79692171e+00,8.38239283e-05,4.32826080e-05
6,8,-8.8791501184e-02,-5.9005382090e-02,1.0518951471e-01,1.2456411185e-01,0.4732632623,0.8809210433,0.8809210433,-0.4732632623,-1.8137125639e-01,-8.4206527592e-02,2.2669609218e-01,2.06378781e+00,2.20662301e-04,1.11162166e-04
7,8,-6.3494251850e-02,-3.1357980060e-02,8.6430200769e-02,1.1096023869e-01,0.5632336773,0.8262976611,0.8262976611,-0.5632336773,-2.6392483713e-01,-2.1826034271e-01,3.8415931387e-01,2.16909038e+00,2.82326335e-04,1.41869488e-04
8,8,-3.6535444702e-02,-3.0786795593e-03,6.4079105072e-02,9.2505174873e-02,0.6222459393,0.7828218131,0.7828218131,-0.6222459393,-3.7487247921e-01,-3.6798445679e-01,5.7052716761e-01,2.24240480e+00,3.31191681e-04,1.66166467e-04
9,8,-8.7583706542e-03,2.4951885350e-02,3.9279432599e-02,7.0304782237e-02,0.6648102729,0.7470122496,0.7470122496,-0.6648102729,-4.9076174576e-01,-5.0555270860e-01,7.5041241763e-01,2.29803613e+00,3.60014408e-04,1.80576159e-04
10,8,1.8980608626e-02,5.1859376970e-02,1.3168091968e-02,4.5477993365e-02,0.6983961894,0.7157113682,0.7157113682,-0.6983961894,-5.7528749998e-01,-5.9653731550e-01,8.7460503998e-01,2.34395050e+00,3.63989817e-04,1.82547310e-04
11,8,4.5819407841e-02,7.6772619174e-02,-1.3121169774e-02,1.9149464475e-02,0.7274718204,0.6861375595,0.6861375595,-0.7274718204,-5.8855950835e-01,-6.1012826191e-01,8.9359782310e-01,2.38542639e+00,3.42783570e-04,1.72190889e-04
12,8,7.0893000322e-02,9.8822462150e-02,-3.8456631897e-02,-7.5532068424e-03,0.7553918292,0.6552733661,0.6552733661,-0.7553918292,-5.0587491091e-01,-5.3584299495e-01,7.8244206091e-01,2.42704820e+00,2.97781935e-04,1.49436457e-04
13,7,9.3334389850e-02,1.1508548049e-01,-5.8954619806e-02,-3.3500453450e-02,0.7836257455,0.6212332018,0.6212332018,-0.7836257455,-3.5110468285e-01,-4.0764364418e-01,5.8146548173e-01,2.47127722e+00,2.11390244e-04,1.06036174e-04
14,7,1.1012817591e-01,1.2383191862e-01,-7.2658582686e-02,-5.4694993489e-02,0.8276150920,0.5612960533,0.5612960533,-0.8276150920,2.7488463238e-02,-1.2795882819e-01,1.1080221897e-01,2.54564167e+00,1.14950798e-04,5.82139043e-05
15,7,1.1529892645e-01,1.2374135174e-01,-7.8089191397e-02,-7.1559892875e-02,0.5533166758,-0.8329709816,-0.8329709816,-0.5533166758,1.1728816330e-01,-7.0160534437e-02,6.0944364242e-03,-2.15713707e+00,2.45214075e-05,1.32489509e-05
16,7,9.7512551335e-02,1.1716702144e-01,-7.9537702098e-02,-7.3679797852e-02,-0.0019676755,-0.9999980641,-0.9999980641,0.0019676755,1.0821108506e-01,9.2740720872e-03,8.6193092594e-02,-1.56882865e+00,9.01895311e-05,4.57275420e-05
17,7,7.5024345932e-02,1.0047358231e-01,-7.9360760696e-02,-7.0793658220e-02,-0.1167812421,-0.9931576619,-0.9931576619,0.1167812421,1.3074068828e-01,2.8755774813e-01,3.6543246205e-01,-1.45374800e+00,1.49715986e-04,7.51824161e-05
18,7,5.3473594936e-02,7.8357351080e-02,-7.6933162176e-02,-6.7861021797e-02,-0.1521179920,-0.9883623407,-0.9883623407,0.1521179920,3.0515238487e-01,1.4808006007e+00,1.5713740400e+00,-1.41808547e+00,1.44338447e-04,7.22215973e-05
19,7,3.8298397538e-02,5.6336737497e-02,-7.3087256854e-02,-6.6610175042e-02,-0.1403142555,-0.9901070193,-0.9901070193,0.1403142555,6.7148460646e-04,-3.9266313622e-01,-3.2665107842e-01,-1.43001752e+00,7.76425323e-05,3.87016263e-05
20,7,2.3072346644e-02,4.0158024603e-02,-7.0095426411e-02,-6.4761382721e-02,-0.0839849558,-0.9964670226,-0.9964670226,0.0839849558,-3.0381965794e-02,-8.1018311577e-01,-7.4513304207e-01,-1.48671233e+00,6.75469036e-05,3.37246030e-05
21,7,4.9196223994e-03,2.5490507187e-02,-6.9395438905e-02,-6.2925675602e-02,-0.0866197445,-0.9962414466,-0.9962414466,0.0866197445,8.5845693453e-02,7.4688489830e-01,8.1625439953e-01,-1.48406790e+00,9.73549570e-05,4.87445552e-05
22,7,-1.3874317525e-02,7.6241121669e-03,-6.8038952078e-02,-6.0606849478e-02,-0.1263752078,-0.9919825134,-0.9919825134,0.1263752078,3.7098044736e-02,2.5227777511e-01,3.1923865409e-01,-1.44408229e+00,1.06916126e-04,5.36728056e-05
23,7,-3.1074689547e-02,-1.1176616585e-02,-6.5508847927e-02,-5.7258026052e-02,-0.2113861957,-0.9774026173,-0.9774026173,0.2113861957,9.9154424697e-03,8.3375080743e-02,1.4814205026e-01,-1.35780334e+00,9.38085420e-05,4.72746508e-05
24,7,-4.4498373603e-02,-2.8628445808e-02,-6.1306697831e-02,-5.2280663509e-02,-0.3820856474,-0.9241269166,-0.9241269166,0.3820856474,-1.5244866356e-02,-4.1847510654e-03,5.6994587924e-02,-1.17874420e+00,6.53117103e-05,3.32437224e-05
25,7,-4.9146015706e-02,-4.2384869509e-02,-5.4997345907e-02,-4.6022673112e-02,-0.8528015201,-0.5222351648,-0.5222351648,0.8528015201,-4.2879535957e-02,-4.8082640952e-02,5.1511207989e-03,-5.49469821e-01,2.76589786e-05,1.48454997e-05
26,7,-4.8718008931e-02,-3.4665233305e-02,-4.7412769174e-02,-3.1985271643e-02,-0.7671601411,0.6414556243,0.6414556243,0.7671601411,-1.5330609200e-02,-6.6011720771e-02,3.7776811135e-02,6.96394183e-01,1.21112683e-04,6.16889005e-05
27,7,-4.2835764185e-02,-2.4507639835e-02,-4.0332990102e-02,-2.2444716180e-02,-0.6917521730,0.7221349813,0.7221349813,0.6917521730,-3.4530678771e-01,3.0014239737e-01,-4.5502767969e-01,8.06883706e-01,2.08832756e-04,1.03860330e-04
28,7,-2.9281814044e-02,-2.0224086179e-02,-2.7192330885e-02,-1.5333651538e-02,-0.8310320224,0.5562245749,0.5562245749,0.8310320224,-4.2457297403e-02,-8.4501096688e-03,-2.2547467666e-02,5.89835800e-01,4.41062286e-05,2.12522453e-05
29,7,-2.9895793123e-02,-1.9802392640e-02,-1.6585574738e-02,1.3238562744e-03,-0.9305848281,-0.3660763276,-0.3660763276,0.9305848281,-7.4643061427e-02,-2.9080853026e-02,-5.5105215267e-02,-3.74789155e-01,9.17689286e-05,4.46364485e-05

DETAILED CIRCLE DATA:

Region 0 (8 circles):
Circle_Index,Center_X,Center_Y,Radius
0,-2.8216714616e-02,1.0404395754e-03,3.4321773002e-03
1,-2.9922280262e-02,4.1284621902e-03,3.6169848064e-03
2,-3.1767002797e-02,7.3430001082e-03,3.7890417688e-03
3,-3.3740435661e-02,1.0674170021e-02,3.9480372793e-03
4,-3.5832132292e-02,1.4112088620e-02,4.0937377252e-03
5,-3.8031646129e-02,1.7646872598e-02,4.2259648275e-03
6,-4.0328530611e-02,2.1268638645e-02,4.3445807828e-03
7,-4.2712339176e-02,2.4967503453e-02,4.4494779986e-03

Region 1 (8 circles):
Circle_Index,Center_X,Center_Y,Radius
0,-4.5172625264e-02,2.8733583714e-02,4.5405718707e-03
1,-4.7698942312e-02,3.2556996120e-02,4.6177956257e-03
2,-5.0280843760e-02,3.6427857362e-02,4.6810965943e-03
3,-5.2907883046e-02,4.0336284132e-02,4.7304335008e-03
4,-5.5569613610e-02,4.4272393121e-02,4.7657744904e-03
5,-5.8255588889e-02,4.8226301022e-02,4.7870957071e-03
6,-6.0955362324e-02,5.2188124525e-02,4.7943802979e-03
7,-6.3658487351e-02,5.6147980322e-02,4.7876177610e-03

Region 2 (8 circles):
Circle_Index,Center_X,Center_Y,Radius
0,-6.6354517411e-02,6.0095985106e-02,4.7668035858e-03
1,-6.9033005942e-02,6.4022255566e-02,4.7319391624e-03
2,-7.1683506382e-02,6.7916908397e-02,4.6830319547e-03
3,-7.4295572171e-02,7.1770060288e-02,4.6200959591e-03
4,-7.6858756747e-02,7.5571827931e-02,4.5431524924e-03
5,-7.9362613550e-02,7.9312328019e-02,4.4522313863e-03
6,-8.1796696016e-02,8.2981677242e-02,4.3473727099e-03
7,-8.4150557586e-02,8.6569992292e-02,4.2286292074e-03

Region 3 (8 circles):
Circle_Index,Center_X,Center_Y,Radius
0,-8.6413751699e-02,9.0067389862e-02,4.0960697319e-03
1,-8.8575831792e-02,9.3463986642e-02,3.9497841132e-03
2,-9.0626351305e-02,9.6749899325e-02,3.7898901405e-03
3,-9.2554863677e-02,9.9915244601e-02,3.6165437485e-03
4,-9.4350922345e-02,1.0295013916e-01,3.4299541911e-03
5,-9.6004080750e-02,1.0584469970e-01,3.2304072184e-03
6,-9.7503892329e-02,1.0858904291e-01,3.0183015183e-03
7,-9.8839910522e-02,1.1117328548e-01,2.7942079691e-03

Region 4 (8 circles):
Circle_Index,Center_X,Center_Y,Radius
0,-1.0000168877e-01,1.1358754410e-01,2.5589697505e-03
1,-1.0097878050e-01,1.1582193546e-01,2.3138790377e-03
2,-1.0176073917e-01,1.1786657626e-01,2.0610044316e-03
3,-1.0233711820e-01,1.1971158318e-01,1.8038298888e-03
4,-1.0269747104e-01,1.2134707293e-01,1.5485609883e-03
5,-1.0283135113e-01,1.2276316218e-01,1.3068369272e-03
6,-1.0272831190e-01,1.2394996764e-01,1.1008087892e-03
7,-1.0237790680e-01,1.2489760599e-01,9.6830272226e-04

Region 5 (8 circles):
Circle_Index,Center_X,Center_Y,Radius
0,-1.0176968925e-01,1.2559619392e-01,9.5341125029e-04
1,-1.0089321271e-01,1.2603584813e-01,1.0741553710e-03
2,-9.9738030611e-02,1.2620668531e-01,1.3080511885e-03
3,-9.8293696388e-02,1.2609882215e-01,1.6183917508e-03
4,-9.6549763482e-02,1.2570237534e-01,1.9783874367e-03
5,-9.4495785331e-02,1.2500746158e-01,2.6962318214e-03
6,-9.1498756568e-02,1.2381887302e-01,3.2612639487e-03
7,-8.8460748532e-02,1.2253433885e-01,3.3351299788e-03

Region 6 (8 circles):
Circle_Index,Center_X,Center_Y,Radius
0,-8.5383456452e-02,1.2115606711e-01,3.4080447317e-03
1,-8.2268575557e-02,1.1968626588e-01,3.4798353511e-03
2,-7.9117801075e-02,1.1812714321e-01,3.5503485573e-03
3,-7.5932828235e-02,1.1648090716e-01,3.6194482004e-03
4,-7.2715352263e-02,1.1474976580e-01,3.6870131276e-03
5,-6.9467068390e-02,1.1293592719e-01,3.7529353283e-03
6,-6.6189671843e-02,1.1104159939e-01,3.8171183226e-03
7,-6.2884857851e-02,1.0906899047e-01,3.8794757608e-03

Region 7 (8 circles):
Circle_Index,Center_X,Center_Y,Radius
0,-5.9554321641e-02,1.0702030848e-01,3.9399302087e-03
1,-5.6199758443e-02,1.0489776149e-01,3.9984120910e-03
2,-5.2822863485e-02,1.0270355756e-01,4.0548587731e-03
3,-4.9425331995e-02,1.0043990475e-01,4.1092137616e-03
4,-4.6008859201e-02,9.8109011128e-02,4.1614260075e-03
5,-4.2575140331e-02,9.5713084752e-02,4.2114492981e-03
6,-3.9125870615e-02,9.3254333685e-02,4.2592417253e-03
7,-3.5662745280e-02,9.0734965989e-02,4.3047652206e-03

Region 8 (8 circles):
Circle_Index,Center_X,Center_Y,Radius
0,-3.2187459555e-02,8.8157189727e-02,4.3479851464e-03
1,-2.8701708668e-02,8.5523212960e-02,4.3888699375e-03
2,-2.5207187848e-02,8.2835243751e-02,4.4273907863e-03
3,-2.1705592322e-02,8.0095490162e-02,4.4635213638e-03
4,-1.8198617320e-02,7.7306160255e-02,4.4972375749e-03
5,-1.4687958069e-02,7.4469462092e-02,4.5285173411e-03
6,-1.1175309798e-02,7.1587603736e-02,4.5573404080e-03
7,-7.6623677348e-03,6.8662793248e-02,4.5836881755e-03

Region 9 (8 circles):
Circle_Index,Center_X,Center_Y,Radius
0,-4.1508271084e-03,6.5697238691e-02,4.6075435459e-03
1,-6.4238314684e-04,6.2693148127e-02,4.6288907894e-03
2,2.8612689215e-03,5.9652729618e-02,4.6477154246e-03
3,6.3584338682e-03,5.6578191227e-02,4.6640041114e-03
4,9.8474164650e-03,5.3471741015e-02,4.6777445563e-03
5,1.3326521483e-02,5.0335587044e-02,4.6889254270e-03
6,1.6794053695e-02,4.7171937378e-02,4.6975362770e-03
7,2.0248317872e-02,4.3983000077e-02,4.7035674782e-03

Region 10 (8 circles):
Circle_Index,Center_X,Center_Y,Radius
0,2.3687618786e-02,4.0770983205e-02,4.7070101602e-03
1,2.7110261208e-02,3.7538094823e-02,4.7078561575e-03
2,3.0514549910e-02,3.4286542994e-02,4.7060979612e-03
3,3.3898789663e-02,3.1018535779e-02,4.7017286772e-03
4,3.7261285240e-02,2.7736281241e-02,4.6947419890e-03
5,4.0600341412e-02,2.4441987443e-02,4.6851321250e-03
6,4.3914262950e-02,2.1137862445e-02,4.6728938305e-03
7,4.7201354627e-02,1.7826114311e-02,4.6580223432e-03

Region 11 (8 circles):
Circle_Index,Center_X,Center_Y,Radius
0,5.0459921214e-02,1.4508951103e-02,4.6405133724e-03
1,5.3688267482e-02,1.1188580882e-02,4.6203630828e-03
2,5.6884698203e-02,7.8672117117e-03,4.5975680804e-03
3,6.0047518149e-02,4.5470516531e-03,4.5721254033e-03
4,6.3175032092e-02,1.2303087689e-03,4.5440325147e-03
5,6.6265544803e-02,-2.0808088789e-03,4.5132873004e-03
6,6.9317361054e-02,-5.3840932280e-03,4.4798880692e-03
7,7.2328785616e-02,-8.6773362164e-03,4.4438335578e-03

Region 12 (8 circles):
Circle_Index,Center_X,Center_Y,Radius
0,7.5298123261e-02,-1.1958329782e-02,4.4051229393e-03
1,7.8223678761e-02,-1.5224865862e-02,4.3637558361e-03
2,8.1103756888e-02,-1.8474736395e-02,4.3197323378e-03
3,8.3936662413e-02,-2.1705733318e-02,4.2730530244e-03
4,8.6720700107e-02,-2.4915648570e-02,4.2237189957e-03
5,8.9454174743e-02,-2.8102274087e-02,4.1717319072e-03
6,9.2135391091e-02,-3.1263401809e-02,4.1170940142e-03
7,9.4762653925e-02,-3.4396823672e-02,4.0598082250e-03

Region 13 (7 circles):
Circle_Index,Center_X,Center_Y,Radius
0,9.7334268015e-02,-3.7500331615e-02,3.9998781649e-03
1,9.9848538133e-02,-4.0571717576e-02,3.9373082530e-03
2,1.0230376905e-01,-4.3608773492e-02,3.8721037935e-03
3,1.0469826554e-01,-4.6609291300e-02,3.8042710856e-03
4,1.0703033237e-01,-4.9571062940e-02,3.7338175552e-03
5,1.0929827432e-01,-5.2491880348e-02,3.6607519127e-03
6,1.1150039615e-01,-5.5369535463e-02,3.5850843427e-03

Region 14 (7 circles):
Circle_Index,Center_X,Center_Y,Radius
0,1.1363500264e-01,-5.8201820223e-02,3.5068267342e-03
1,1.1570039856e-01,-6.0986526564e-02,3.4259929594e-03
2,1.1769488868e-01,-6.3721446426e-02,3.3425992134e-03
3,1.1961677778e-01,-6.6404371745e-02,3.2566644311e-03
4,1.2146437061e-01,-6.9033094461e-02,2.3675480003e-03
5,1.2224124419e-01,-7.0341929000e-02,1.3838326045e-03
6,1.2266335060e-01,-7.1513862914e-02,1.1447197721e-03

Region 15 (7 circles):
Circle_Index,Center_X,Center_Y,Radius
0,1.2274692702e-01,-7.2554317599e-02,9.9442472388e-04
1,1.2250821064e-01,-7.3468714451e-02,9.5388233141e-04
2,1.2196343862e-01,-7.4262474865e-02,1.0191721635e-03
3,1.2112884816e-01,-7.4941020238e-02,1.1606123153e-03
4,1.2002067641e-01,-7.5509771965e-02,1.3439598684e-03
5,1.1865516056e-01,-7.5974151442e-02,1.5449877949e-03
6,1.1704853778e-01,-7.6339580064e-02,1.7496113324e-03

Region 16 (7 circles):
Circle_Index,Center_X,Center_Y,Radius
0,1.1521704526e-01,-7.6611479229e-02,1.9499761801e-03
1,1.1317692016e-01,-7.6795270331e-02,2.1415978782e-03
2,1.1094439966e-01,-7.6896374767e-02,2.3218026848e-03
3,1.0853572095e-01,-7.6920213932e-02,2.4889224919e-03
4,1.0596712119e-01,-7.6872209223e-02,2.6418723051e-03
5,1.0325483756e-01,-7.6757782034e-02,2.7799200642e-03
6,1.0041510725e-01,-7.6582353762e-02,2.9025559102e-03

Region 17 (7 circles):
Circle_Index,Center_X,Center_Y,Radius
0,9.7464167414e-02,-7.6351345804e-02,3.0094148920e-03
1,9.4418255244e-02,-7.6070179553e-02,3.1002295582e-03
2,9.1293607912e-02,-7.5744276407e-02,3.1747999082e-03
3,8.8106462596e-02,-7.5379057762e-02,3.2329737826e-03
4,8.4873056470e-02,-7.4979945012e-02,3.2746337388e-03
5,8.1609626712e-02,-7.4552359555e-02,3.2996880725e-03
6,7.8332410498e-02,-7.4101722786e-02,3.3080645655e-03

Region 18 (7 circles):
Circle_Index,Center_X,Center_Y,Radius
0,7.5057645004e-02,-7.3633456100e-02,3.2997060762e-03
1,7.1801567407e-02,-7.3152980894e-02,3.2745674125e-03
2,6.8580414884e-02,-7.2665718563e-02,3.2326131316e-03
3,6.5410424609e-02,-7.2177090503e-02,3.1738160419e-03
4,6.2307833762e-02,-7.1692518111e-02,3.0981562809e-03
5,5.9288879516e-02,-7.1217422781e-02,3.0056209183e-03
6,5.6369799049e-02,-7.0757225911e-02,2.8962041139e-03

Region 19 (7 circles):
Circle_Index,Center_X,Center_Y,Radius
0,5.3566829538e-02,-7.0317348895e-02,2.7699079586e-03
1,5.0896208159e-02,-6.9903213130e-02,2.6267442878e-03
2,4.8374172087e-02,-6.9520240011e-02,2.4667380379e-03
3,4.6016958500e-02,-6.9173850934e-02,2.2899332859e-03
4,4.3840804574e-02,-6.8869467295e-02,2.0964043237e-03
5,4.1861947486e-02,-6.8612510491e-02,1.8862769718e-03
6,4.0096624411e-02,-6.8408401916e-02,1.7982268734e-03

Region 20 (7 circles):
Circle_Index,Center_X,Center_Y,Radius
0,3.8286621003e-02,-6.8224022811e-02,1.8714035993e-03
1,3.6371686748e-02,-6.8043366740e-02,1.9723079674e-03
2,3.4358401993e-02,-6.7864904249e-02,2.0668645851e-03
3,3.2253347087e-02,-6.7687105885e-02,2.1550349314e-03
4,3.0063102379e-02,-6.7508442194e-02,2.2367933666e-03
5,2.7794248216e-02,-6.7327383725e-02,2.3121239442e-03
6,2.5453364947e-02,-6.7142401024e-02,2.3810183026e-03

Region 21 (7 circles):
Circle_Index,Center_X,Center_Y,Radius
0,2.3047032920e-02,-6.6951964637e-02,2.4434742672e-03
1,2.0581832484e-02,-6.6754545113e-02,2.4994949360e-03
2,1.8064343988e-02,-6.6548612997e-02,2.5490881083e-03
3,1.5501147779e-02,-6.6332638838e-02,2.5922659679e-03
4,1.2898824206e-02,-6.6105093181e-02,2.6290449658e-03
5,1.0263953617e-02,-6.5864446574e-02,2.6594458695e-03
6,7.6031163609e-03,-6.5609169563e-02,2.6834939615e-03

Region 22 (7 circles):
Circle_Index,Center_X,Center_Y,Radius
0,4.9228927858e-03,-6.5337732697e-02,2.7012193811e-03
1,2.2298632401e-03,-6.5048606521e-02,2.7126576140e-03
2,-4.6939192781e-04,-6.4740261583e-02,2.7178501426e-03
3,-3.1682923696e-03,-6.4411168430e-02,2.7168452775e-03
4,-5.8602577368e-03,-6.4059797608e-02,2.7096992038e-03
5,-8.5387076811e-03,-6.3684619666e-02,2.6964772830e-03
6,-1.1197061854e-02,-6.3284105148e-02,2.6772556708e-03

Region 23 (7 circles):
Circle_Index,Center_X,Center_Y,Radius
0,-1.3828739908e-02,-6.2856724604e-02,2.6521233230e-03
1,-1.6427161493e-02,-6.2400948579e-02,2.6211844909e-03
2,-1.8985746262e-02,-6.1915247620e-02,2.5845618339e-03
3,-2.1497913866e-02,-6.1398092276e-02,2.5424003178e-03
4,-2.3957083957e-02,-6.0847953091e-02,2.4948721204e-03
5,-2.6356676187e-02,-6.0263300614e-02,2.4421828337e-03
6,-2.8690110206e-02,-5.9642605392e-02,2.3845793402e-03

Region 24 (7 circles):
Circle_Index,Center_X,Center_Y,Radius
0,-3.0950805668e-02,-5.8984337971e-02,2.3223598594e-03
1,-3.3132182223e-02,-5.8286968899e-02,2.2558868018e-03
2,-3.5227659522e-02,-5.7548968722e-02,2.1856032470e-03
3,-3.7230657219e-02,-5.6768807987e-02,2.1120540546e-03
4,-3.9134594963e-02,-5.5944957242e-02,2.0359128002e-03
5,-4.0932892408e-02,-5.5075887034e-02,1.9580158137e-03
6,-4.2618969204e-02,-5.4160067908e-02,1.8794043989e-03

Region 25 (7 circles):
Circle_Index,Center_X,Center_Y,Radius
0,-4.4186245003e-02,-5.3195970413e-02,1.8013754938e-03
1,-4.5628139457e-02,-5.2182065095e-02,1.7255389523e-03
2,-4.6938072217e-02,-5.1116822502e-02,1.3878635438e-03
3,-4.7643165306e-02,-5.0289089110e-02,1.0430445434e-03
4,-4.8011581019e-02,-4.9360768974e-02,1.0110643697e-03
5,-4.8068512105e-02,-4.8338978449e-02,1.0775036015e-03
6,-4.7839151315e-02,-4.7230833887e-02,1.2081607752e-03

Region 26 (7 circles):
Circle_Index,Center_X,Center_Y,Radius
0,-4.7348691402e-02,-4.6043451645e-02,1.3693175290e-03
1,-4.6622325115e-02,-4.4783948074e-02,1.5382127446e-03
2,-4.5685245205e-02,-4.3459439531e-02,1.7016408573e-03
3,-4.4562644424e-02,-4.2077042368e-02,1.8521545724e-03
4,-4.3279715523e-02,-4.0643872939e-02,1.9854626244e-03
5,-4.1861651253e-02,-3.9167047599e-02,2.0990086329e-03
6,-4.0333644364e-02,-3.7653682702e-02,5.6684110587e-03

Region 27 (7 circles):
Circle_Index,Center_X,Center_Y,Radius
0,-3.3626045644e-02,-3.1377154622e-02,5.7566562376e-03
1,-3.1926216929e-02,-2.9787837250e-02,3.4961663762e-03
2,-3.5341895497e-02,-3.2965514208e-02,4.6408136606e-03
3,-3.8720887608e-02,-3.6110894602e-02,3.4534166514e-03
4,-3.7048573735e-02,-3.4545799652e-02,5.7871904497e-03
5,-3.0267602100e-02,-2.8204678445e-02,5.7599622649e-03
6,-2.8675393911e-02,-2.6634794561e-02,2.1965084183e-03

Region 28 (7 circles):
Circle_Index,Center_X,Center_Y,Radius
0,-2.7174785111e-02,-2.5085301952e-02,2.1070289336e-03
1,-2.5790968451e-02,-2.3563316972e-02,1.9973290225e-03
2,-2.4549136683e-02,-2.2075955976e-02,1.8694648933e-03
3,-2.3474482558e-02,-2.0630335317e-02,1.7266935047e-03
4,-2.2592198826e-02,-1.9233571350e-02,1.5743011579e-03
5,-2.1927478239e-02,-1.7892780429e-02,1.4210483877e-03
6,-2.1505513547e-02,-1.6615078907e-02,1.2814273684e-03

Region 29 (7 circles):
Circle_Index,Center_X,Center_Y,Radius
0,-2.1351497502e-02,-1.5407583138e-02,1.1779915994e-03
1,-2.1490622855e-02,-1.4277409478e-02,1.6788996319e-03
2,-2.2141869376e-02,-1.2156028158e-02,2.3394767364e-03
3,-2.2994952155e-02,-9.8488316847e-03,2.5768564135e-03
4,-2.4039424629e-02,-7.3657033663e-03,2.8063601961e-03
5,-2.5264840238e-02,-4.7165265112e-03,3.0261587197e-03
6,-2.6660752421e-02,-1.9111844279e-03,3.2350407023e-03
