Region Metadata for: shape_69.txt
================================================================================

REGION DEFINITION: Circle union (one circle per point)
  Each point gets a circle with radius = average distance to neighbors

Total vertices: 260
Number of regions: 30
Points per region:
  Region 0: 9 points
  Region 1: 9 points
  Region 2: 9 points
  Region 3: 9 points
  Region 4: 9 points
  Region 5: 9 points
  Region 6: 9 points
  Region 7: 9 points
  Region 8: 9 points
  Region 9: 9 points
  Region 10: 9 points
  Region 11: 9 points
  Region 12: 9 points
  Region 13: 9 points
  Region 14: 9 points
  Region 15: 9 points
  Region 16: 9 points
  Region 17: 9 points
  Region 18: 9 points
  Region 19: 9 points
  Region 20: 8 points
  Region 21: 8 points
  Region 22: 8 points
  Region 23: 8 points
  Region 24: 8 points
  Region 25: 8 points
  Region 26: 8 points
  Region 27: 8 points
  Region 28: 8 points
  Region 29: 8 points

REGION SUMMARY:
Region_Index,Num_Points,BBox_Min_X,BBox_Max_X,BBox_Min_Y,BBox_Max_Y,Normal_X,Normal_Y,Tangent_X,Tangent_Y,Fitted_Circle_X,Fitted_Circle_Y,Fitted_Circle_Radius,Local_AoA_Rad,Union_Area,Collection_Area
0,9,-1.2041360128e-01,7.0901100894e-02,-7.0051202051e-02,2.1364133491e-01,-0.9540159844,-0.2997557364,-0.2997557364,0.9540159844,-4.7194962684e+00,-1.4309687772e+00,-4.9296986900e+00,-3.04436607e-01,3.37240364e-02,2.15213800e-02
1,9,-1.4328387120e-01,1.3495495657e-01,-1.3127072004e-01,2.4575877605e-01,-0.9678133495,-0.2516690694,-0.2516690694,0.9678133495,6.8976364760e+00,2.3411000803e+00,7.2840180608e+00,-2.54404447e-01,7.77248140e-02,5.92683807e-02
2,9,-9.9782138423e-02,2.1501335895e-02,4.9242310561e-02,2.0602473535e-01,-0.9750507282,-0.2219821556,-0.2219821556,0.9750507282,1.3263312639e-01,1.8173755309e-01,1.8205431433e-01,-2.23846876e-01,1.42871985e-02,1.27507770e-02
3,9,-1.1235553442e-01,5.2732891321e-02,4.2585431885e-03,2.2082387461e-01,0.9180358112,0.3964974771,0.3964974771,-0.9180358112,2.3131587934e-01,1.9343234105e-01,-2.7718346133e-01,2.73389420e+00,2.68217587e-02,2.28249231e-02
4,9,-1.1665573731e-01,7.3784318293e-02,-2.9235654447e-02,2.2692153970e-01,0.9613411614,0.2753600757,0.2753600757,-0.9613411614,1.5119588156e+00,4.8182664244e-01,-1.5831232386e+00,2.86262842e+00,3.73370238e-02,2.99134844e-02
5,9,-1.3504069654e-01,8.6610534135e-02,-7.7575313121e-02,2.4625266244e-01,0.6901584580,0.7236582777,0.7236582777,-0.6901584580,-5.2524699079e+00,-9.0011848296e-01,5.3287549299e+00,2.33250432e+00,5.54484929e-02,4.12504539e-02
6,9,-1.2240524446e-01,9.3131324040e-02,-6.3670294279e-02,2.3319313944e-01,0.9736475653,0.2280579281,0.2280579281,-0.9736475653,-5.1879965578e+01,-6.9563267358e+00,5.2344457913e+01,2.91151007e+00,5.14786882e-02,3.90727789e-02
7,9,-1.1732358165e-01,9.2895031354e-02,-4.4566376073e-02,2.2780275517e-01,0.7723599769,0.6351850645,0.6351850645,-0.7723599769,-7.4964711063e-02,6.2706477434e-02,8.6910626245e-02,2.45334455e+00,4.11408015e-02,3.24890306e-02
8,9,-1.5799627093e-03,2.6608800246e-02,7.2607019265e-02,1.0868615226e-01,0.8136999776,0.5812850819,0.5812850819,-0.8136999776,-4.6336940011e-01,-2.4878324303e-01,5.8474012969e-01,2.52128555e+00,3.31875966e-04,1.66597016e-04
9,9,2.0249167938e-02,4.8540518887e-02,3.8550175168e-02,7.7760897095e-02,0.8425688944,0.5385885796,0.5385885796,-0.8425688944,-8.1765059654e-01,-4.8619424259e-01,1.0112316654e+00,2.57283158e+00,3.71472771e-04,1.86153491e-04
10,9,4.1862274448e-02,6.9071366594e-02,4.1144418130e-03,4.3739796828e-02,0.8590619943,0.5118715561,0.5118715561,-0.8590619943,-1.3992429724e+00,-8.4274839549e-01,1.6934309544e+00,2.60423067e+00,3.67975086e-04,1.84289431e-04
11,9,6.2534345170e-02,8.7460764268e-02,-2.8235979028e-02,9.0714857869e-03,0.8676752510,0.4971314300,0.4971314300,-0.8676752510,-3.0193390017e+00,-1.7823370390e+00,3.5662816075e+00,2.62130306e+00,3.21596090e-04,1.60902199e-04
12,9,8.1534775073e-02,1.0297129244e-01,-5.6040045217e-02,-2.3789808324e-02,0.8692402796,0.4943898627,0.4943898627,-0.8692402796,5.6008702862e+00,3.0913645108e+00,-6.3362832745e+00,2.62445988e+00,2.40274085e-04,1.20159165e-04
13,9,9.8129924972e-02,1.1165712299e-01,-7.2994166524e-02,-5.2386823647e-02,0.8737847320,0.4863129055,0.4863129055,-0.8737847320,-9.5489144595e-02,-1.7836849566e-01,2.3191421960e-01,2.63372756e+00,1.10442327e-04,5.53995694e-05
14,9,1.0909071526e-01,1.1562044019e-01,-8.9670002419e-02,-7.1387192581e-02,0.9801043207,0.1984830484,0.1984830484,-0.9801043207,3.7937693240e-02,-9.5343453457e-02,7.6114996388e-02,2.94178272e+00,6.42865783e-05,3.25730633e-05
15,9,1.1119717632e-01,1.1577000364e-01,-1.0253968106e-01,-8.7742199429e-02,0.9910009879,-0.1338545552,-0.1338545552,-0.9910009879,9.2126585539e-02,-9.3103182773e-02,2.1907111318e-02,-3.00733513e+00,4.37871517e-05,2.26557694e-05
16,9,9.0208290466e-02,1.1253137068e-01,-1.0547552410e-01,-9.7133243703e-02,-0.0993392135,-0.9950536270,-0.9950536270,0.0993392135,1.1278760060e-01,-2.5156787147e-02,7.7573260461e-02,-1.47129300e+00,1.17569306e-04,5.95593506e-05
17,9,5.8008460088e-02,9.3587564052e-02,-1.0324927615e-01,-9.1043094694e-02,-0.1742987012,-0.9846928266,-0.9846928266,0.1742987012,3.7028539217e-01,1.5656200801e+00,1.6888838330e+00,-1.39560280e+00,2.39905982e-04,1.20036374e-04
18,9,2.2679032189e-02,6.1905861101e-02,-9.8000985283e-02,-8.3743709406e-02,-0.1977546501,-0.9802515485,-0.9802515485,0.1977546501,2.8847633239e-01,1.1291943245e+00,1.2448522470e+00,-1.37172952e+00,2.93324735e-04,1.46895023e-04
19,9,-1.3649011302e-02,2.6874176764e-02,-9.1074770479e-02,-7.5131335663e-02,-0.2316396324,-0.9728016657,-0.9728016657,0.2316396324,2.1570825018e-01,7.9540655534e-01,9.0321760952e-01,-1.33703351e+00,3.16723337e-04,1.58687292e-04
20,8,-4.5059103822e-02,-9.3674589258e-03,-8.2375927669e-02,-6.6286887179e-02,-0.2766724200,-0.9609642928,-0.9609642928,0.2766724200,1.4570815364e-01,5.2690875559e-01,6.2573456162e-01,-1.29046670e+00,2.76776574e-04,1.38810931e-04
21,8,-7.4088466177e-02,-4.0864864549e-02,-7.3082045191e-02,-5.6239534458e-02,-0.3367940412,-0.9415783418,-0.9415783418,0.3367940412,7.9509833554e-02,3.1915610500e-01,4.0767541873e-01,-1.22728639e+00,2.47517454e-04,1.24358585e-04
22,8,-1.7749396660e-01,7.8008398949e-02,-1.4338532730e-01,8.2053933853e-02,-0.6406621678,0.7678228876,0.7678228876,0.6406621678,-6.1625212135e-02,-8.2726269571e-03,-5.1229003117e-02,8.75435975e-01,4.05192517e-02,2.60362412e-02
23,8,-1.8099539983e-01,6.2419582823e-02,-1.4228139548e-01,7.2474146857e-02,0.3118450522,-0.9501329714,-0.9501329714,-0.3118450522,7.6339630017e+00,-1.4407862118e+01,-1.6305340908e+01,-1.88793063e+00,3.74186603e-02,2.48493093e-02
24,8,-1.9509041953e-01,6.1229879724e-02,-1.3850781672e-01,6.8245128864e-02,-0.5164985177,-0.8562880831,-0.8562880831,0.5164985177,-6.4502297324e-01,1.3398388721e+00,1.4862924501e+00,-1.02803958e+00,3.86642872e-02,2.67535602e-02
25,8,-1.8449700512e-01,3.8224817707e-02,-1.1474340373e-01,6.1313495876e-02,0.1250775722,-0.9921469654,-0.9921469654,-0.1250775722,-6.8749052447e-03,-2.3461509793e-01,-2.2260933625e-01,-1.69620234e+00,2.88039837e-02,2.02583397e-02
26,8,-1.8082261492e-01,-7.4908338198e-03,-9.9402912384e-02,3.9716439718e-02,-0.6721109925,-0.7404504128,-0.7404504128,0.6721109925,7.3920222370e-01,-3.1510110633e+00,-3.2347213533e+00,-8.33740258e-01,1.81274083e-02,1.49497875e-02
27,8,-1.6792278999e-01,-3.6448285887e-02,-7.4476185143e-02,2.5291343107e-02,0.0691638989,-0.9976053103,-0.9976053103,-0.0691638989,-7.0207653990e-02,-1.6086342399e-01,-1.4291904145e-01,-1.64001549e+00,9.97995671e-03,8.69303276e-03
28,8,-1.5657690461e-01,-5.9421173976e-02,-5.9998014357e-02,1.2604910426e-02,-0.2698346687,0.9629066681,0.9629066681,0.2698346687,-9.2093778170e-02,-9.9711242819e-02,8.0339110283e-02,1.29757500e+00,5.43096701e-03,5.05028806e-03
29,8,-1.6866449970e-01,5.2174134259e-02,-7.7915754526e-02,5.5511787926e-02,-0.1930989698,0.9811792843,0.9811792843,0.1930989698,-1.1850160292e+01,6.0509880909e+01,-6.1659186321e+01,1.37647674e+00,1.98463823e-02,1.20159812e-02

DETAILED CIRCLE DATA:

Region 0 (9 circles):
Circle_Index,Center_X,Center_Y,Radius
0,-3.0639209613e-03,1.0736753323e-03,2.0810969211e-03
1,-2.3160601989e-03,3.1659590424e-03,7.3217161093e-02
2,-4.7040242999e-02,1.4026797663e-01,7.3373358279e-02
3,-4.6217486173e-02,1.3787092813e-01,3.6893958305e-03
4,-4.7731294740e-02,1.4247280860e-01,6.2175894132e-03
5,-4.5271623128e-02,1.3529166467e-01,8.6276409262e-03
6,-4.8282042529e-02,1.4447542250e-01,1.1137467653e-02
7,-4.4211252732e-02,1.3254018779e-01,1.3523166694e-02
8,-4.8683887500e-02,1.4626581679e-01,1.6002408602e-02

Region 1 (9 circles):
Circle_Index,Center_X,Center_Y,Radius
0,-4.3044973849e-02,1.2962649904e-01,1.8351623718e-02
1,-4.8928230786e-02,1.4783398990e-01,2.0788103714e-02
2,-4.1781385348e-02,1.2656059997e-01,2.3088758989e-02
3,-4.9006473521e-02,1.4916994030e-01,2.5470359175e-02
4,-4.0429086094e-02,1.2335249213e-01,2.7710455858e-02
5,-4.8910016838e-02,1.5026366642e-01,3.0025137962e-02
6,-3.8996674955e-02,1.2001217708e-01,7.6143393639e-02
7,-1.7718501469e-03,5.4560866852e-03,1.3672680672e-01
8,-4.8630261870e-02,1.5110516673e-01,9.4653609329e-02

Region 2 (9 circles):
Circle_Index,Center_X,Center_Y,Radius
0,-3.7492750796e-02,1.1654965635e-01,2.0104527290e-02
1,-3.5925912485e-02,1.1297493151e-01,2.2249697623e-02
2,-4.8158609751e-02,1.5168443966e-01,4.2594702196e-02
3,-3.4304758887e-02,1.0929800409e-01,4.4637571751e-02
4,-4.7486461615e-02,1.5199148368e-01,4.6729851329e-02
5,-3.2637888869e-02,1.0552887566e-01,4.8658979538e-02
6,-4.6605218594e-02,1.5201629722e-01,5.0631041177e-02
7,-3.0933901299e-02,1.0167754775e-01,5.2435237194e-02
8,-4.5506281823e-02,1.5174887875e-01,5.4275856600e-02

Region 3 (9 circles):
Circle_Index,Center_X,Center_Y,Radius
0,-2.9201395042e-02,9.7754021933e-02,3.0378460617e-02
1,-2.7448968965e-02,9.3768299743e-02,3.2076717878e-02
2,-4.4181052435e-02,1.5117922670e-01,6.1985778500e-02
3,-2.5685221934e-02,8.9730382735e-02,6.3531130357e-02
4,-4.2620931563e-02,1.5029733954e-01,6.5094066705e-02
5,-2.3918752817e-02,8.5650272457e-02,3.5885644370e-02
6,-2.2158160479e-02,8.1537970461e-02,3.7108096069e-02
7,-4.0387861903e-02,1.4885620209e-01,7.1967672521e-02
8,-2.0412043787e-02,7.7403478297e-02,7.3144935108e-02

Region 4 (9 circles):
Circle_Index,Center_X,Center_Y,Radius
0,-3.8133442855e-02,1.4728899010e-01,7.4320260421e-02
1,-1.8689001608e-02,7.3256797514e-02,7.5447512779e-02
2,-3.5858683164e-02,1.4559907668e-01,7.6567043464e-02
3,-1.6997632809e-02,6.9107929662e-02,4.1620137294e-02
4,-1.5346536255e-02,6.4966876292e-02,4.2679490325e-02
5,-3.3564591578e-02,1.4378983495e-01,8.3091145730e-02
6,-1.3744310814e-02,6.0843638954e-02,8.4086222971e-02
7,-3.1252176842e-02,1.4186463801e-01,8.5056901689e-02
8,-1.2199555352e-02,5.6748219197e-02,8.5983873645e-02

Region 5 (9 circles):
Circle_Index,Center_X,Center_Y,Radius
0,-2.8922447703e-02,1.3982685899e-01,8.6880989044e-02
1,-1.0720868735e-02,5.2690618572e-02,8.7736289135e-02
2,-2.6576412908e-02,1.3767987098e-01,8.8556380491e-02
3,-9.3168498300e-03,4.8680838629e-02,6.6080795487e-02
4,-1.4226919387e-03,7.9340567104e-03,8.5509369831e-02
5,-2.4215081203e-02,1.3542704711e-01,1.1082561534e-01
6,-7.9960975038e-03,4.4728880918e-02,4.8105411935e-02
7,-6.7672106229e-03,4.0844746989e-02,4.8762196699e-02
8,-2.1839461334e-02,1.3307176048e-01,9.5420371738e-02

Region 6 (9 circles):
Circle_Index,Center_X,Center_Y,Radius
0,-5.6387880536e-03,3.7038438391e-02,9.5991488954e-02
1,-1.9450562048e-02,1.3061738421e-01,9.6507013085e-02
2,-4.6194286627e-03,3.3319956676e-02,9.6990250954e-02
3,-1.7049392090e-02,1.2806729141e-01,9.7413245341e-02
4,-3.7177313165e-03,2.9699303393e-02,5.9267062437e-02
5,-1.2599867077e-03,1.0589867568e-02,6.7439166553e-02
6,-1.4636960209e-02,1.2542485519e-01,1.0776828425e-01
7,-2.9422948817e-03,2.6186480091e-02,5.1689984777e-02
8,-2.3017182249e-03,2.2791488322e-02,5.1923714049e-02

Region 7 (9 circles):
Circle_Index,Center_X,Center_Y,Radius
0,-1.2214275149e-02,1.2269344867e-01,1.0510930650e-01
1,-1.2751355873e-03,1.3413517708e-02,5.7979893781e-02
2,-1.8046002125e-03,1.9524329635e-02,4.6409987063e-03
3,-1.4595397111e-03,1.6395005580e-02,5.3481942071e-02
4,-9.7823456574e-03,1.1987644495e-01,5.3802521382e-02
5,-7.3421804807e-03,1.1697721716e-01,3.8220727794e-03
6,-4.8947883652e-03,1.1399913839e-01,3.8859451793e-03
7,-2.4411780572e-03,1.1094558177e-01,3.9470358577e-03
8,1.7641696838e-05,1.0781992040e-01,4.0052812877e-03

Region 8 (9 circles):
Circle_Index,Center_X,Center_Y,Radius
0,2.4806621505e-03,1.0462552740e-01,4.0606248597e-03
1,4.9468745573e-03,1.0136577588e-01,4.1130159959e-03
2,7.4152701710e-03,9.8044038956e-02,4.1624093928e-03
3,9.8848402450e-03,9.4663689734e-02,4.2087643724e-03
4,1.2354576033e-02,9.1228101328e-02,4.2520443244e-03
5,1.4823468789e-02,8.7740646851e-02,4.2922162255e-03
6,1.7290509765e-02,8.4204699414e-02,4.3292502238e-03
7,1.9754690217e-02,8.0623632132e-02,4.3631192789e-03
8,2.2215001397e-02,7.7000818114e-02,4.3937988493e-03

Region 9 (9 circles):
Circle_Index,Center_X,Center_Y,Radius
0,2.4670434558e-02,7.3339630475e-02,4.4212666202e-03
1,2.7119980956e-02,6.9643442325e-02,4.4455022655e-03
2,2.9562631842e-02,6.5915626778e-02,4.4664872403e-03
3,3.1997378471e-02,6.2159556945e-02,4.4842045981e-03
4,3.4423212097e-02,5.8378605938e-02,4.4986388310e-03
5,3.6839123972e-02,5.4576146870e-02,4.5097757284e-03
6,3.9244105351e-02,5.0755552854e-02,4.5176022531e-03
7,4.1637147487e-02,4.6920197001e-02,4.5221064310e-03
8,4.4017241633e-02,4.3073452423e-02,4.5232772544e-03

Region 10 (9 circles):
Circle_Index,Center_X,Center_Y,Radius
0,4.6383379044e-02,3.9218692232e-02,4.5211045959e-03
1,4.8734550972e-02,3.5359289542e-02,4.5155791327e-03
2,5.1069748672e-02,3.1498617464e-02,4.5066922785e-03
3,5.3387963397e-02,2.7640049110e-02,4.4944361248e-03
4,5.5688186401e-02,2.3786957593e-02,4.4788033872e-03
5,5.7969408937e-02,1.9942716024e-02,4.4597873595e-03
6,6.0230622258e-02,1.6110697517e-02,4.4373818728e-03
7,6.2470817619e-02,1.2294275183e-02,4.4115812591e-03
8,6.4688986273e-02,8.4968221339e-03,4.3823803209e-03

Region 11 (9 circles):
Circle_Index,Center_X,Center_Y,Radius
0,6.6884119474e-02,4.7217114828e-03,4.3497743041e-03
1,6.9055208474e-02,9.7231634148e-04,4.3137588757e-03
2,7.1201244529e-02,-2.7479901777e-03,4.2743301051e-03
3,7.3321218890e-02,-6.4358349626e-03,4.2314844499e-03
4,7.5414122813e-02,-1.0087844901e-02,4.1852187450e-03
5,7.7478947550e-02,-1.3700646881e-02,4.1355301960e-03
6,7.9514684355e-02,-1.7270867789e-02,4.0824163768e-03
7,8.1520324482e-02,-2.0795134515e-02,4.0258752319e-03
8,8.3494859185e-02,-2.4270073945e-02,3.9659050833e-03

Region 12 (9 circles):
Circle_Index,Center_X,Center_Y,Radius
0,8.5437279716e-02,-2.7692312967e-02,3.9025046430e-03
1,8.7346577329e-02,-3.1058478470e-02,3.8356730326e-03
2,8.9221743279e-02,-3.4365197341e-02,3.7654098091e-03
3,9.1061768818e-02,-3.7609096467e-02,3.6917150007e-03
4,9.2865645201e-02,-4.0786802737e-02,3.6145891532e-03
5,9.4632363680e-02,-4.3894943038e-02,3.5340333887e-03
6,9.6360915509e-02,-4.6930144258e-02,3.4500494821e-03
7,9.8050291943e-02,-4.9889033285e-02,3.3626399573e-03
8,9.9699484235e-02,-5.2768237007e-02,3.2718082099e-03

Region 13 (9 circles):
Circle_Index,Center_X,Center_Y,Radius
0,1.0130748364e-01,-5.5564382311e-02,3.1775586647e-03
1,1.0287328140e-01,-5.8274096086e-02,3.0798969769e-03
2,1.0439586879e-01,-6.0894005218e-02,2.9788302925e-03
3,1.0587423705e-01,-6.3420736596e-02,2.8743675875e-03
4,1.0730737743e-01,-6.5850917108e-02,2.7665201143e-03
5,1.0869428119e-01,-6.8181173641e-02,1.8820155908e-03
6,1.0919107191e-01,-6.9108800176e-02,1.1413124746e-03
7,1.0969287613e-01,-7.0232162368e-02,1.3110904443e-03
8,1.1019371892e-01,-7.1530762458e-02,1.4634040660e-03

Region 14 (9 circles):
Circle_Index,Center_X,Center_Y,Radius
0,1.1068762536e-01,-7.2984102683e-02,1.5969101020e-03
1,1.1116862050e-01,-7.4571685283e-02,1.7109081136e-03
2,1.1163072942e-01,-7.6273012496e-02,1.8050212992e-03
3,1.1206797717e-01,-7.8067586562e-02,1.8790559028e-03
4,1.1247438883e-01,-7.9934909719e-02,1.9329353393e-03
5,1.1284398945e-01,-8.1854484205e-02,1.9666697240e-03
6,1.1317080411e-01,-8.3805812261e-02,1.9803448645e-03
7,1.1344885788e-01,-8.5768396125e-02,1.9741244839e-03
8,1.1367217581e-01,-8.7721738035e-02,1.9482643840e-03

Region 15 (9 circles):
Circle_Index,Center_X,Center_Y,Radius
0,1.1383478298e-01,-8.9645340231e-02,1.9031408015e-03
1,1.1393070444e-01,-9.1518704951e-02,1.8392991947e-03
2,1.1395396527e-01,-9.3321334435e-02,1.7575358355e-03
3,1.1389859054e-01,-9.5032730920e-02,1.6590355751e-03
4,1.1375860530e-01,-9.6632396647e-02,1.5456099878e-03
5,1.1352803462e-01,-9.8099833854e-02,1.4201198249e-03
6,1.1320090357e-01,-9.9414544779e-02,1.2872365202e-03
7,1.1277123722e-01,-1.0055603166e-01,1.1547896153e-03
8,1.1223306064e-01,-1.0150379674e-01,1.0358843175e-03

Region 16 (9 circles):
Circle_Index,Center_X,Center_Y,Radius
0,1.1158039887e-01,-1.0223734226e-01,9.5097180822e-04
1,1.1080727701e-01,-1.0273617045e-01,9.2602008294e-04
2,1.0990772010e-01,-1.0297978355e-01,9.8221314301e-04
3,1.0887575321e-01,-1.0294768380e-01,1.9952186652e-03
4,1.0595546803e-01,-1.0247701533e-01,2.9985087756e-03
5,1.0295563948e-01,-1.0199036288e-01,3.0781507457e-03
6,9.9879196729e-02,-1.0148759013e-01,3.1549277763e-03
7,9.6729068939e-02,-1.0096856078e-01,3.2288417656e-03
8,9.3508185269e-02,-1.0043313851e-01,3.2998948038e-03

Region 17 (9 circles):
Circle_Index,Center_X,Center_Y,Radius
0,9.0219474882e-02,-9.9881186985e-02,3.3680891697e-03
1,8.6865866937e-02,-9.9312569900e-02,3.4334273301e-03
2,8.3450290595e-02,-9.8727150934e-02,3.4959119416e-03
3,7.9975675017e-02,-9.8124793769e-02,3.5555458546e-03
4,7.6444949365e-02,-9.7505362087e-02,3.6123321190e-03
5,7.2861042798e-02,-9.6868719569e-02,3.6662739914e-03
6,6.9226884478e-02,-9.6214729899e-02,3.7173749447e-03
7,6.5545403565e-02,-9.5543256757e-02,3.7656386786e-03
8,6.1819529220e-02,-9.4854163826e-02,3.8110691319e-03

Region 18 (9 circles):
Circle_Index,Center_X,Center_Y,Radius
0,5.8052190604e-02,-9.4147314787e-02,3.8536704966e-03
1,5.4246316879e-02,-9.3422573323e-02,3.8934472336e-03
2,5.0404837204e-02,-9.2679803115e-02,3.9304040904e-03
3,4.6530680740e-02,-9.1918867845e-02,3.9645461200e-03
4,4.2626776649e-02,-9.1139631196e-02,3.9958787030e-03
5,3.8696054091e-02,-9.0341956850e-02,4.0244075711e-03
6,3.4741442227e-02,-8.9525708487e-02,4.0501388330e-03
7,3.0765870218e-02,-8.8690749791e-02,4.0730790038e-03
8,2.6772267225e-02,-8.7836944442e-02,4.0932350361e-03

Region 19 (9 circles):
Circle_Index,Center_X,Center_Y,Radius
0,2.2763562408e-02,-8.6964156124e-02,4.1106143552e-03
1,1.8742684929e-02,-8.6072248518e-02,4.1252248977e-03
2,1.4712563948e-02,-8.5161085305e-02,4.1370751542e-03
3,1.0676128625e-02,-8.4230530169e-02,4.1461742154e-03
4,6.6363081228e-03,-8.3280446790e-02,4.1525318247e-03
5,2.5960316009e-03,-8.2310698851e-02,4.1561584352e-03
6,-1.4417717794e-03,-8.1321150034e-02,4.1570652729e-03
7,-5.4741728575e-03,-8.0311664020e-02,4.1552644073e-03
8,-9.4982424725e-03,-7.9282104492e-02,4.1507688292e-03

Region 20 (8 circles):
Circle_Index,Center_X,Center_Y,Radius
0,-1.3511051464e-02,-7.8232335131e-02,4.1435925377e-03
1,-1.7509670670e-02,-7.7162219620e-02,4.1337506365e-03
2,-2.1491170930e-02,-7.6071621640e-02,4.1212594417e-03
3,-2.5452623085e-02,-7.4960404874e-02,4.1061366018e-03
4,-2.9391097972e-02,-7.3828433002e-02,4.0884012325e-03
5,-3.3303666431e-02,-7.2675569708e-02,4.0680740668e-03
6,-3.7187399301e-02,-7.1501678674e-02,4.0451776243e-03
7,-4.1039367421e-02,-7.0306623580e-02,4.0197364007e-03

Region 21 (8 circles):
Circle_Index,Center_X,Center_Y,Radius
0,-4.4856641631e-02,-6.9090268109e-02,3.9917770819e-03
1,-4.8636292769e-02,-6.7852475943e-02,3.9613287847e-03
2,-5.2375391675e-02,-6.6593110764e-02,3.9284233291e-03
3,-5.6071009188e-02,-6.5312036254e-02,3.8930955461e-03
4,-5.9720216148e-02,-6.4009116095e-02,3.8553836271e-03
5,-6.3320083392e-02,-6.2684213969e-02,3.8153295202e-03
6,-6.6867681761e-02,-6.1337193557e-02,3.7729793804e-03
7,-7.0360082094e-02,-5.9967918542e-02,3.7283840835e-03

Region 22 (8 circles):
Circle_Index,Center_X,Center_Y,Radius
0,-7.3794355229e-02,-5.8576252605e-02,3.6815998109e-03
1,-7.7167572007e-02,-5.7162059429e-02,3.6326887188e-03
2,-8.0476803266e-02,-5.5725202695e-02,3.5817197029e-03
3,-8.3719119845e-02,-5.4265546086e-02,4.5534411477e-02
4,-1.0452086709e-02,-6.4065518047e-03,8.8460485658e-02
5,-8.6891592584e-02,-5.2782953283e-02,9.0602374021e-02
6,-8.4397589155e-03,-5.1177131278e-03,4.8364521282e-02
7,-1.2701233895e-02,-7.6008881312e-03,3.8192341864e-03

Region 23 (8 circles):
Circle_Index,Center_X,Center_Y,Radius
0,-1.5171936510e-02,-8.7052726199e-03,4.4394733839e-02
1,-8.9991292321e-02,-5.1277287968e-02,9.1004107510e-02
2,-6.6795144796e-03,-3.7298215882e-03,5.4300681704e-02
3,-1.7848930589e-02,-9.7242557833e-03,4.8917247759e-02
4,-9.3015289896e-02,-4.9748413824e-02,8.3672782486e-02
5,-2.0716952168e-02,-1.0662388134e-02,8.3136534991e-02
6,-9.5960656148e-02,-4.8196194531e-02,8.2532536270e-02
7,-2.3760737282e-02,-1.1524220184e-02,8.1921299986e-02

Region 24 (8 circles):
Circle_Index,Center_X,Center_Y,Radius
0,-9.8824461917e-02,-4.6620493773e-02,8.1245840812e-02
1,-2.6965021967e-02,-1.2314302446e-02,8.0559431310e-02
2,-1.0160377804e-01,-4.5021175231e-02,9.3486641486e-02
3,-5.1866173656e-03,-2.2383266733e-03,6.6416497089e-02
4,-3.0314542257e-02,-1.3037185433e-02,5.3659401051e-02
5,-1.0429567536e-01,-4.3398102586e-02,7.8235534047e-02
6,-3.3794034190e-02,-1.3697419657e-02,7.7401814005e-02
7,-1.0689722471e-01,-4.1751139522e-02,7.6517358533e-02

Region 25 (8 circles):
Circle_Index,Center_X,Center_Y,Radius
0,-3.7388233800e-02,-1.4299555631e-02,7.5613051507e-02
1,-1.0940549694e-01,-4.0080149719e-02,7.4663254012e-02
2,-4.1081877123e-02,-1.4848143867e-02,7.3691320231e-02
3,-1.1181756287e-01,-3.8384996861e-02,7.2679442245e-02
4,-4.4859700194e-02,-1.5347734877e-02,3.7341837699e-02
5,-4.8706439049e-02,-1.5802879174e-02,3.6271744947e-02
6,-1.1413049336e-01,-3.6665544628e-02,6.6751228508e-02
7,-5.2606829724e-02,-1.6218127271e-02,6.5627382909e-02

Region 26 (8 circles):
Circle_Index,Center_X,Center_Y,Radius
0,-1.1634135924e-01,-3.4921656702e-02,6.4481255681e-02
1,-5.6545608254e-02,-1.6598029680e-02,3.3258768911e-02
2,-6.0507510674e-02,-1.6947136913e-02,3.2070380467e-02
3,-1.1844723135e-01,-3.3153196767e-02,5.8211063788e-02
4,-6.4477273021e-02,-1.7269999483e-02,5.6986439201e-02
5,-1.2044518053e-01,-3.1360028502e-02,5.5758382851e-02
6,-6.8439631329e-02,-1.7571167903e-02,5.4226192554e-02
7,-1.2162871163e-01,-3.0122297287e-02,5.2702016354e-02

Region 27 (8 circles):
Circle_Index,Center_X,Center_Y,Radius
0,-7.2379321634e-02,-1.7855192685e-02,2.7332671708e-02
1,-7.6281079972e-02,-1.8126624341e-02,2.5655919099e-02
2,-1.2242323958e-01,-2.8976634734e-02,4.5499550409e-02
3,-8.0129642379e-02,-1.8390013384e-02,4.3681356492e-02
4,-1.2284402834e-01,-2.7918490330e-02,4.1893284233e-02
5,-8.3909744889e-02,-1.8649910327e-02,3.9945514917e-02
6,-1.2290634189e-01,-2.6943313563e-02,3.8035643715e-02
7,-8.7606123539e-02,-1.8910865682e-02,3.5970745188e-02

Region 28 (8 circles):
Circle_Index,Center_X,Center_Y,Radius
0,-1.2262544417e-01,-2.6046553919e-02,3.3951460437e-02
1,-9.1203514363e-02,-1.9177429960e-02,3.1782340387e-02
2,-1.2201659917e-01,-2.5223660888e-02,2.9666491083e-02
3,-9.4686653398e-02,-1.9454153676e-02,2.7406423833e-02
4,-1.2109507084e-01,-2.4470083955e-02,2.5207225425e-02
5,-9.8040276679e-02,-1.9745587341e-02,2.2869775109e-02
6,-1.1987612314e-01,-2.3781272610e-02,2.0600730591e-02
7,-1.0124912024e-01,-2.0056281468e-02,1.8199687919e-02

Region 29 (8 circles):
Circle_Index,Center_X,Center_Y,Radius
0,-1.1837502005e-01,-2.3152676338e-02,1.5874522608e-02
1,-1.0429792012e-01,-2.0390786570e-02,8.6208962352e-03
2,-1.0717141235e-01,-2.0753653158e-02,6.2535027006e-03
3,-1.1660702552e-01,-2.2579744629e-02,8.2566013963e-03
4,-1.0985433297e-01,-2.1149431745e-02,5.8609917820e-03
5,-1.1458740352e-01,-2.2057926968e-02,3.5624872592e-03
6,-1.1233141802e-01,-2.1582672845e-02,5.6333081681e-02
7,-3.9763315380e-03,-6.3867787064e-04,5.6150465797e-02
