Region Metadata for: shape_74.txt
================================================================================

REGION DEFINITION: Circle union (one circle per point)
  Each point gets a circle with radius = average distance to neighbors

Total vertices: 189
Number of regions: 30
Points per region:
  Region 0: 7 points
  Region 1: 7 points
  Region 2: 7 points
  Region 3: 7 points
  Region 4: 7 points
  Region 5: 7 points
  Region 6: 7 points
  Region 7: 7 points
  Region 8: 7 points
  Region 9: 6 points
  Region 10: 6 points
  Region 11: 6 points
  Region 12: 6 points
  Region 13: 6 points
  Region 14: 6 points
  Region 15: 6 points
  Region 16: 6 points
  Region 17: 6 points
  Region 18: 6 points
  Region 19: 6 points
  Region 20: 6 points
  Region 21: 6 points
  Region 22: 6 points
  Region 23: 6 points
  Region 24: 6 points
  Region 25: 6 points
  Region 26: 6 points
  Region 27: 6 points
  Region 28: 6 points
  Region 29: 6 points

REGION SUMMARY:
Region_Index,Num_Points,BBox_Min_X,BBox_Max_X,BBox_Min_Y,BBox_Max_Y,Normal_X,Normal_Y,Tangent_X,Tangent_Y,Fitted_Circle_X,Fitted_Circle_Y,Fitted_Circle_Radius,Local_AoA_Rad,Union_Area,Collection_Area
0,7,-1.7077613186e-01,-1.5196081045e-01,-4.7973977317e-03,3.3097390018e-02,-0.9523542377,-0.3049941082,-0.3049941082,0.9523542377,-3.7545140495e-02,5.4572986363e-02,1.3136559039e-01,-3.09932243e-01,3.55451766e-04,1.81102663e-04
1,7,-1.7085461568e-01,-1.5855432565e-01,2.9105803791e-02,5.3098184294e-02,-0.9544673274,0.2983154722,0.2983154722,0.9544673274,-1.4713694653e-01,3.6102595817e-02,2.0092764192e-02,3.02927278e-01,1.49903360e-04,7.97702889e-05
2,7,-1.6265152357e-01,-1.3446996307e-01,4.8918951956e-02,6.6796334814e-02,-0.4449777613,0.8955416193,0.8955416193,0.4449777613,-1.2407577360e-01,6.2000975099e-03,5.8038547376e-02,1.10964690e+00,2.18243534e-04,1.12491265e-04
3,7,-1.3916803029e-01,-9.9051379260e-02,5.8988891592e-02,7.4469534202e-02,-0.1768251652,0.9842422776,0.9842422776,0.1768251652,-8.0447479049e-02,-1.5290782531e-01,2.2319456899e-01,1.39303648e+00,3.78421841e-04,1.91257840e-04
4,7,-1.0459054499e-01,-5.9379202667e-02,6.4071057127e-02,7.7978997596e-02,-0.0782009987,0.9969376128,0.9969376128,0.0782009987,-2.3226518340e-02,-6.8412605698e-01,7.5756084616e-01,1.49251540e+00,4.69323764e-04,2.35542198e-04
5,7,-6.5055947198e-02,-2.2099360061e-02,6.6970412594e-02,7.9620641790e-02,-0.0613251144,0.9981178439,0.9981178439,0.0613251144,-1.6469819990e-01,2.0682778077e+00,-1.9984234653e+00,1.50943271e+00,4.23573404e-04,2.11495434e-04
6,7,-2.7040398610e-02,5.7948715856e-03,7.0152639869e-02,8.1373224174e-02,-0.1329639508,0.9911208745,0.9911208745,0.1329639508,-3.6129603043e-02,2.7661024585e-01,-2.0207266478e-01,1.43743744e+00,2.54759663e-04,1.26262749e-04
7,7,2.6802081543e-03,2.4630645414e-02,7.6405779713e-02,8.4960050116e-02,-0.1826000775,0.9831872719,0.9831872719,0.1826000775,8.3732606011e-02,-2.9907353282e-01,3.8601752087e-01,1.38716598e+00,1.13611350e-04,5.70189819e-05
8,7,2.1515199475e-02,4.6735032500e-02,7.9294555380e-02,8.8214281390e-02,-0.1375418507,0.9904959562,0.9904959562,0.1375418507,1.0111937186e-01,-3.9882899598e-01,4.8727247497e-01,1.43281708e+00,1.47476244e-04,7.39864710e-05
9,6,4.3549030884e-02,6.4510183080e-02,8.2237709482e-02,8.9525606298e-02,-0.0877913075,0.9961388891,0.9961388891,0.0877913075,8.1613929943e-02,-2.2421722902e-01,3.1156859734e-01,1.48289185e+00,1.14801791e-04,5.76636473e-05
10,6,6.1748101614e-02,7.8371988349e-02,8.4154355410e-02,8.9571719500e-02,-0.0041238499,0.9999914969,0.9999914969,0.0041238499,7.1003530631e-02,-2.8924057729e-02,1.1596710729e-01,1.56667247e+00,7.26066364e-05,3.66138370e-05
11,6,7.6223644451e-02,9.4588944340e-02,8.2719080786e-02,8.9095882334e-02,0.0742451734,0.9972400184,0.9972400184,-0.0742451734,5.6253103870e-02,-2.9936426148e-01,3.8678916726e-01,1.64510988e+00,8.97976365e-05,4.50534059e-05
12,6,9.1435917350e-02,1.1394394534e-01,7.9935810442e-02,8.8699243332e-02,0.1466370650,0.9891903614,0.9891903614,-0.1466370650,7.7646900938e-02,-8.5442057773e-02,1.7178112923e-01,1.71796405e+00,1.33519262e-04,6.73797777e-05
13,6,1.1075693478e-01,1.2834631203e-01,7.5678638437e-02,8.5502496490e-02,0.3492232216,0.9370395624,0.9370395624,-0.3492232216,1.0532713434e-01,4.0221551074e-02,4.3036975645e-02,1.92753833e+00,9.00831561e-05,4.63257945e-05
14,6,1.2585810108e-01,1.3357500698e-01,6.3200941989e-02,7.8545350816e-02,0.9812937507,0.1925164276,0.1925164276,-0.9812937507,1.2249930704e-01,7.0699813978e-02,8.0335392807e-03,2.94786675e+00,7.88884892e-05,4.13473520e-05
15,6,1.2002949678e-01,1.3315451194e-01,3.4985104604e-02,6.7237562994e-02,0.9861883361,-0.1656277929,-0.1656277929,-0.9861883361,-1.2729661232e+01,2.2086724015e+00,1.3036474345e+01,-2.97519809e+00,2.77050550e-04,1.38569300e-04
16,6,1.1320552018e-01,1.2962424551e-01,1.0562837384e-03,4.0298479685e-02,0.9836452550,-0.1801166632,-0.1801166632,-0.9836452550,-1.1741810897e+00,2.5817589796e-01,1.3175222449e+00,-2.96048760e+00,4.09603897e-04,2.05198841e-04
17,6,1.0497188886e-01,1.2407778136e-01,-3.5611263138e-02,7.1903441191e-03,0.9765138158,-0.2154547924,-0.2154547924,-0.9765138158,-6.6461330981e-01,1.5776218274e-01,7.9814316855e-01,-2.92443512e+00,4.91691397e-04,2.46755051e-04
18,6,9.4901893704e-02,1.1612241281e-01,-7.2055705248e-02,-2.9091010493e-02,0.9618833664,-0.2734600325,-0.2734600325,-0.9618833664,-3.8153423779e-01,8.7717417259e-02,5.0650854075e-01,-2.86460431e+00,5.06033766e-04,2.54541301e-04
19,6,8.2542680415e-02,1.0537911529e-01,-1.0534135701e-01,-6.5536068828e-02,0.9312778916,-0.3643096053,-0.3643096053,-0.9312778916,-1.8169794558e-01,2.1968298239e-02,2.9610048273e-01,-2.76870130e+00,4.55087202e-04,2.29783404e-04
20,6,6.7372900226e-02,9.1499237449e-02,-1.3260102730e-01,-9.9104942346e-02,0.8611123883,-0.5084146484,-0.5084146484,-0.8611123883,-5.2064174704e-02,-3.8883247178e-02,1.5283264624e-01,-2.60824992e+00,3.60002780e-04,1.82897756e-04
21,6,4.8677819155e-02,7.4215509364e-02,-1.5116091021e-01,-1.2667636109e-01,0.6833447250,-0.7300958751,-0.7300958751,-0.6833447250,1.2303147439e-02,-8.7193316470e-02,7.2244636080e-02,-2.32313041e+00,2.61406569e-04,1.34519986e-04
22,6,2.4926577533e-02,5.3487934462e-02,-1.5902229933e-01,-1.4490178174e-01,0.2658930264,-0.9640025407,-0.9640025407,-0.2658930264,2.7752552799e-02,-1.0971419896e-01,4.4880219994e-02,-1.83992650e+00,2.25584075e-04,1.17279972e-04
23,6,-3.7748215912e-03,2.9422237402e-02,-1.5920628046e-01,-1.4592264716e-01,-0.1540823334,-0.9880580117,-0.9880580117,0.1540823334,2.6891694718e-02,-6.4955559601e-02,8.9753337376e-02,-1.41609770e+00,2.92484539e-04,1.49904147e-04
24,6,-3.4418607401e-02,1.5852148752e-03,-1.5467015724e-01,-1.3270940903e-01,-0.4023810912,-0.9154722592,-0.9154722592,0.4023810912,4.7473460847e-02,5.0019251899e-04,1.5844798463e-01,-1.15668002e+00,3.82077468e-04,1.94188767e-04
25,6,-6.5300513305e-02,-2.7874712843e-02,-1.4149346590e-01,-1.1250797816e-01,-0.5544788736,-0.8321978003,-0.8321978003,0.5544788736,9.1802286993e-02,8.0046372597e-02,2.4955945161e-01,-9.83059696e-01,4.69833420e-04,2.37546277e-04
26,6,-9.4850552312e-02,-5.7684872636e-02,-1.2126998790e-01,-8.7209449855e-02,-0.6573151042,-0.7536158529,-0.7536158529,0.6573151042,1.4150580518e-01,1.4517050708e-01,3.3150688017e-01,-8.53545811e-01,5.28004882e-04,2.66544334e-04
27,6,-1.2155765278e-01,-8.6455198201e-02,-9.5710897842e-02,-5.8646004083e-02,-0.7365267889,-0.6764083746,-0.6764083746,0.7365267889,1.6425394201e-01,1.6924561555e-01,3.6463162109e-01,-7.42875211e-01,5.41244600e-04,2.73120352e-04
28,6,-1.4394186205e-01,-1.1274384382e-01,-6.6579149789e-02,-2.8618701838e-02,-0.8062610278,-0.5915599336,-0.5915599336,0.8062610278,1.3553198314e-01,1.4633942342e-01,3.2789086402e-01,-6.32992246e-01,5.04109937e-04,2.54120371e-04
29,6,-1.6055221828e-01,-1.3507969108e-01,-3.5666970469e-02,1.1003867317e-03,-0.8752118164,-0.4837398852,-0.4837398852,0.8752118164,5.9980871527e-02,9.8093918375e-02,2.3822479772e-01,-5.04922811e-01,4.23503812e-04,2.14479161e-04

DETAILED CIRCLE DATA:

Region 0 (7 circles):
Circle_Index,Center_X,Center_Y,Radius
0,-1.5731033212e-01,5.5212393925e-04,5.3495216710e-03
1,-1.5934874390e-01,5.4255761162e-03,5.2130282614e-03
2,-1.6118015274e-01,1.0231955766e-02,5.0716847990e-03
3,-1.6279773767e-01,1.4962955305e-02,4.9263098405e-03
4,-1.6419467771e-01,1.9610267148e-02,4.7778826203e-03
5,-1.6536415190e-01,2.4165583711e-02,4.6275755942e-03
6,-1.6629933925e-01,2.8620597410e-02,4.4767926080e-03

Region 1 (7 circles):
Circle_Index,Center_X,Center_Y,Radius
0,-1.6699341881e-01,3.2967000660e-02,3.8611968686e-03
1,-1.6720904708e-01,3.6280913252e-02,3.2219424717e-03
2,-1.6695858050e-01,3.9393817701e-02,3.0620039262e-03
3,-1.6626111481e-01,4.2312687770e-02,2.9777858759e-03
4,-1.6513574576e-01,4.5044497225e-02,2.9659705669e-03
5,-1.6360156911e-01,4.7596219830e-02,3.0183411207e-03
6,-1.6167768059e-01,4.9974829350e-02,3.1233549442e-03

Region 2 (7 circles):
Circle_Index,Center_X,Center_Y,Radius
0,-1.5938317598e-01,5.2187299551e-02,3.2683475945e-03
1,-1.5673715100e-01,5.4240604196e-02,3.4413611412e-03
2,-1.5375870142e-01,5.6141717051e-02,3.6321406323e-03
3,-1.5046692298e-01,5.7897611880e-02,3.8324015958e-03
4,-1.4688091143e-01,5.9515262449e-02,4.0356776226e-03
5,-1.4301976253e-01,6.1001642522e-02,4.2370076908e-03
6,-1.3890257202e-01,6.2363725864e-02,4.4326089500e-03

Region 3 (7 circles):
Circle_Index,Center_X,Center_Y,Radius
0,-1.3454843565e-01,6.3608486239e-02,4.6195946471e-03
1,-1.2997644917e-01,6.4742897413e-02,4.7957511155e-03
2,-1.2520570834e-01,6.5773933151e-02,4.9593687951e-03
3,-1.2025530890e-01,6.6708567216e-02,5.1091167726e-03
4,-1.1514434660e-01,6.7553773375e-02,5.2439503854e-03
5,-1.0989191719e-01,6.8316525392e-02,5.3630432569e-03
6,-1.0451711643e-01,6.9003797031e-02,5.4657371704e-03

Region 4 (7 circles):
Circle_Index,Center_X,Center_Y,Radius
0,-9.9039040060e-02,6.9622562058e-02,5.5515049306e-03
1,-9.3476783832e-02,7.0179794237e-02,5.6199227123e-03
2,-8.7849443496e-02,7.0682467333e-02,5.6706493901e-03
3,-8.2176114803e-02,7.1137555111e-02,5.7034110623e-03
4,-7.6475893502e-02,7.1552031336e-02,5.7179895001e-03
5,-7.0767875343e-02,7.1932869773e-02,5.7142136272e-03
6,-6.5071156077e-02,7.2287044186e-02,5.6919534098e-03

Region 5 (7 circles):
Circle_Index,Center_X,Center_Y,Radius
0,-5.9404831452e-02,7.2621528340e-02,5.6511157456e-03
1,-5.3787997220e-02,7.2943296000e-02,5.5916421104e-03
2,-4.8239749130e-02,7.3259320931e-02,5.5135078662e-03
3,-4.2779182933e-02,7.3576576898e-02,5.4167232839e-03
4,-3.7425394377e-02,7.3902037665e-02,5.3013364971e-03
5,-3.2197479213e-02,7.4242676997e-02,5.1674388170e-03
6,-2.7114533191e-02,7.4605468660e-02,5.0151731304e-03

Region 6 (7 circles):
Circle_Index,Center_X,Center_Y,Radius
0,-2.2195652062e-02,7.4997386417e-02,4.8447465483e-03
1,-1.7459931574e-02,7.5425404035e-02,4.6564491580e-03
2,-1.2926467478e-02,7.5896495277e-02,4.4506818548e-03
3,-8.6143555236e-03,7.6417633908e-02,4.2279980927e-03
4,-4.5426914613e-03,7.6995793693e-02,3.9891676035e-03
5,-7.3057104066e-04,7.7637948398e-02,3.7352757756e-03
6,2.8029099882e-03,7.8351071786e-02,2.9919615974e-03

Region 7 (7 circles):
Circle_Index,Center_X,Center_Y,Radius
0,5.1283607777e-03,7.8853932337e-02,2.4481526233e-03
1,7.5935031227e-03,7.9362749318e-02,2.5798273485e-03
2,1.0185919114e-02,7.9875042313e-02,2.6990249248e-03
3,1.2893190842e-02,8.0388330902e-02,2.8057220060e-03
4,1.5702900397e-02,8.0900134668e-02,2.8999031777e-03
5,1.8602629870e-02,8.1407973191e-02,2.9815588722e-03
6,2.1579961351e-02,8.1909366053e-02,3.0506840626e-03

Region 8 (7 circles):
Circle_Index,Center_X,Center_Y,Radius
0,2.4622476931e-02,8.2401832836e-02,3.1072774566e-03
1,2.7717758701e-02,8.2882893122e-02,3.1513410313e-03
2,3.0853388750e-02,8.3350066493e-02,3.1828798191e-03
3,3.4016949170e-02,8.3800872528e-02,3.2019018929e-03
4,3.7196022050e-02,8.4232830812e-02,3.2084185325e-03
5,4.0378189482e-02,8.4643460924e-02,3.2024445711e-03
6,4.3551033557e-02,8.5030282446e-02,3.1839989437e-03

Region 9 (6 circles):
Circle_Index,Center_X,Center_Y,Radius
0,4.6702136364e-02,8.5390814961e-02,3.1531054794e-03
1,4.9819079993e-02,8.5722578050e-02,3.1097940071e-03
2,5.2889446537e-02,8.6023091294e-02,3.0541018814e-03
3,5.5900818085e-02,8.6289874275e-02,2.9860760927e-03
4,5.8840776727e-02,8.6520446574e-02,2.9057762077e-03
5,6.1696904555e-02,8.6712327774e-02,2.8132785244e-03

Region 10 (6 circles):
Circle_Index,Center_X,Center_Y,Radius
0,6.4456783659e-02,8.6863037455e-02,2.7086820450e-03
1,6.7107996129e-02,8.6970095200e-02,2.5921172412e-03
2,6.9638124055e-02,8.7031020589e-02,2.4637592315e-03
3,7.2034749530e-02,8.7043333205e-02,2.3238481459e-03
4,7.4285454642e-02,8.7004552630e-02,2.1727216160e-03
5,7.6377821482e-02,8.6912198444e-02,1.9941668669e-03

Region 11 (6 circles):
Circle_Index,Center_X,Center_Y,Radius
0,7.8268395708e-02,8.6799509600e-02,2.0447512563e-03
1,8.0459830441e-02,8.6664773487e-02,2.3280537769e-03
2,8.2915072146e-02,8.6503468360e-02,2.5747109408e-03
3,8.5597067284e-02,8.6311072470e-02,2.7848098643e-03
4,8.8468762318e-02,8.6083064071e-02,2.9584688344e-03
5,9.1493103710e-02,8.5814921416e-02,3.0958406299e-03

Region 12 (6 circles):
Circle_Index,Center_X,Center_Y,Radius
0,9.4633037923e-02,8.5502122758e-02,3.1971205736e-03
1,9.7851511421e-02,8.5140146350e-02,3.2625593445e-03
2,1.0111147066e-01,8.4724470446e-02,3.2924820177e-03
3,1.0437586212e-01,8.4250573298e-02,3.2873162089e-03
4,1.0760763224e-01,8.3713933159e-02,3.2476342580e-03
5,1.1076972750e-01,8.3110028283e-02,3.1742178404e-03

Region 13 (6 circles):
Circle_Index,Center_X,Center_Y,Radius
0,1.1382509435e-01,8.2434336922e-02,3.0681595681e-03
1,1.1673667926e-01,8.1682337330e-02,2.9310275091e-03
2,1.1946742870e-01,8.0849507760e-02,2.7651400710e-03
3,1.2198028912e-01,7.9931326464e-02,2.5740398559e-03
4,1.2423820698e-01,7.8923271697e-02,2.3633322310e-03
5,1.2620412876e-01,7.7820821710e-02,2.1421832736e-03

Region 14 (6 circles):
Circle_Index,Center_X,Center_Y,Radius
0,1.2784100090e-01,7.6619454758e-02,1.9258960583e-03
1,1.2911176988e-01,7.5314649093e-02,1.7396366978e-03
2,1.2997938216e-01,7.3901882967e-02,1.6209538763e-03
3,1.3040678420e-01,7.2376634636e-02,1.6135043668e-03
4,1.3035692246e-01,7.0734382350e-02,2.6866857672e-03
5,1.2971655403e-01,6.7059394937e-02,3.8584529481e-03

Region 15 (6 circles):
Circle_Index,Center_X,Center_Y,Radius
0,1.2904651271e-01,6.3129563763e-02,4.1079992311e-03
1,1.2834492650e-01,5.8958704528e-02,4.3442601686e-03
2,1.2760992343e-01,5.4560632931e-02,4.5672125421e-03
3,1.2683963150e-01,4.9949164671e-02,4.7768485348e-03
4,1.2603217873e-01,4.5138115447e-02,4.9731720381e-03
5,1.2518569314e-01,4.0141300958e-02,5.1561963539e-03

Region 16 (6 circles):
Circle_Index,Center_X,Center_Y,Radius
0,1.2429830273e-01,3.4972536904e-02,5.3259427811e-03
1,1.2336813553e-01,2.9645638983e-02,5.4824397907e-03
2,1.2239331955e-01,2.4174422894e-02,5.6257226107e-03
3,1.2137198280e-01,1.8572704338e-02,5.7558331151e-03
4,1.2030225330e-01,1.2854299012e-02,5.8728199521e-03
5,1.1918225906e-01,7.0330226156e-03,5.9767388772e-03

Region 17 (6 circles):
Circle_Index,Center_X,Center_Y,Radius
0,1.1801012809e-01,1.1226908485e-03,6.0676532706e-03
1,1.1678398842e-01,-4.8628805904e-03,6.1456348379e-03
2,1.1550196805e-01,-1.0909876002e-02,6.2107644991e-03
3,1.1416219500e-01,-1.7004479688e-02,6.2631334813e-03
4,1.1276279728e-01,-2.3132875948e-02,6.3028446419e-03
5,1.1130190291e-01,-2.9281249083e-02,6.3300140544e-03

Region 18 (6 circles):
Circle_Index,Center_X,Center_Y,Radius
0,1.0977763990e-01,-3.5435783395e-02,6.3447729020e-03
1,1.0818813628e-01,-4.1582663184e-02,6.3472697355e-03
2,1.0653152004e-01,-4.7708072752e-02,6.3376731663e-03
3,1.0480591921e-01,-5.3798196398e-02,6.3161750803e-03
4,1.0300946180e-01,-5.9839218424e-02,6.2829944843e-03
5,1.0114027582e-01,-6.5817323131e-02,6.2383821170e-03

Region 19 (6 circles):
Circle_Index,Center_X,Center_Y,Radius
0,9.9196489294e-02,-7.1718694820e-02,6.1826259922e-03
1,9.7176230231e-02,-7.7529517792e-02,6.1160580776e-03
2,9.5077626645e-02,-8.3235976346e-02,6.0390623616e-03
3,9.2898806553e-02,-8.8824254786e-02,5.9520846143e-03
4,9.0637897968e-02,-9.4280537410e-02,5.8556442147e-03
5,8.8293028903e-02,-9.9591008521e-02,5.7503484884e-03

Region 20 (6 circles):
Circle_Index,Center_X,Center_Y,Radius
0,8.5862327375e-02,-1.0474185242e-01,5.6369100736e-03
1,8.3343921397e-02,-1.0971925341e-01,5.5161679066e-03
2,8.0735938984e-02,-1.1450939578e-01,5.3891124532e-03
3,7.8036508150e-02,-1.1909846384e-01,5.2569157946e-03
4,7.5243756910e-02,-1.2347264190e-01,5.1209670262e-03
5,7.2355813278e-02,-1.2761811425e-01,4.9829130519e-03

Region 21 (6 circles):
Circle_Index,Center_X,Center_Y,Radius
0,6.9370805268e-02,-1.3152106519e-01,4.8447040960e-03
1,6.6286860895e-02,-1.3516767902e-01,4.7086419027e-03
2,6.3102108174e-02,-1.3854414004e-01,4.5774263936e-03
3,5.9814675118e-02,-1.4163663257e-01,4.4541933051e-03
4,5.6422689743e-02,-1.4443134088e-01,4.3425310970e-03
5,5.2924280063e-02,-1.4691444930e-01,4.2464609079e-03

Region 22 (6 circles):
Circle_Index,Center_X,Center_Y,Radius
0,4.9317574091e-02,-1.4907214211e-01,4.1703603710e-03
1,4.5600699843e-02,-1.5089060362e-01,4.1188139248e-03
2,4.1771785333e-02,-1.5235601813e-01,4.0963826806e-03
3,3.7828958576e-02,-1.5345456994e-01,4.1073078319e-03
4,3.3770347585e-02,-1.5417244336e-01,4.2667732658e-03
5,2.9376568383e-02,-1.5457230848e-01,4.4499908505e-03

Region 23 (6 circles):
Circle_Index,Center_X,Center_Y,Radius
0,2.4889669367e-02,-1.5467371243e-01,4.5325680348e-03
1,2.0316471509e-02,-1.5448496277e-01,4.6267528722e-03
2,1.5663795779e-02,-1.5401436710e-01,4.7299902224e-03
3,1.0938463150e-02,-1.5327023300e-01,4.8399514009e-03
4,6.1472945942e-03,-1.5226086805e-01,4.9545485385e-03
5,1.2971110825e-03,-1.5099457984e-01,5.0719326737e-03

Region 24 (6 circles):
Circle_Index,Center_X,Center_Y,Radius
0,-3.6052664132e-03,-1.4947967595e-01,5.1904812884e-03
1,-8.5530169211e-03,-1.4772446397e-01,5.3087798550e-03
2,-1.3539319470e-02,-1.4573725148e-01,5.4256007153e-03
3,-1.8557353087e-02,-1.4352634606e-01,5.5398815131e-03
4,-2.3600296801e-02,-1.4110005531e-01,5.6507045429e-03
5,-2.8661329641e-02,-1.3846668680e-01,5.7572777607e-03

Region 25 (6 circles):
Circle_Index,Center_X,Center_Y,Radius
0,-3.3733630634e-02,-1.3563454811e-01,5.8589177909e-03
1,-3.8810378809e-02,-1.3261194684e-01,5.9550350015e-03
2,-4.3884753194e-02,-1.2940719057e-01,6.0451205692e-03
3,-4.8949932818e-02,-1.2602858687e-01,6.1287353756e-03
4,-5.3999096708e-02,-1.2248444335e-01,6.2055005429e-03
5,-5.9025423894e-02,-1.1878306757e-01,6.2750894111e-03

Region 26 (6 circles):
Circle_Index,Center_X,Center_Y,Radius
0,-6.4022093403e-02,-1.1493276713e-01,6.3372207668e-03
1,-6.8982284263e-02,-1.1094184960e-01,6.3916531543e-03
2,-7.3899175503e-02,-1.0681862258e-01,6.4381801167e-03
3,-7.8765946151e-02,-1.0257139365e-01,6.4766262390e-03
4,-8.3575775236e-02,-9.8208470388e-02,6.5068438832e-03
5,-8.8321841785e-02,-9.3738160381e-02,6.5287105262e-03

Region 27 (6 circles):
Circle_Index,Center_X,Center_Y,Radius
0,-9.2997324828e-02,-8.9168771216e-02,6.5421266269e-03
1,-9.7595403391e-02,-8.4508610474e-02,6.5470139646e-03
2,-1.0210925650e-01,-7.9765985742e-02,6.5433144049e-03
3,-1.0653206320e-01,-7.4949204603e-02,6.5309890633e-03
4,-1.1085700249e-01,-7.0066574642e-02,6.5100178455e-03
5,-1.1507725342e-01,-6.5126403442e-02,6.4803993592e-03

Region 28 (6 circles):
Circle_Index,Center_X,Center_Y,Radius
0,-1.1918599502e-01,-6.0136998589e-02,6.4421512001e-03
1,-1.2317640630e-01,-5.5106667667e-02,6.3953106309e-03
2,-1.2704166631e-01,-5.0043718259e-02,6.3399356823e-03
3,-1.3077495406e-01,-4.4956457951e-02,6.2761067217e-03
4,-1.3436944858e-01,-3.9853194327e-02,6.2039285531e-03
5,-1.3781832892e-01,-3.4742234970e-02,6.1235331320e-03

Region 29 (6 circles):
Circle_Index,Center_X,Center_Y,Radius
0,-1.4111477408e-01,-2.9631887466e-02,6.0350830037e-03
1,-1.4425196310e-01,-2.4530459398e-02,5.9387756047e-03
2,-1.4722307502e-01,-1.9446258351e-02,5.8348486038e-03
3,-1.5002128885e-01,-1.4387591910e-02,5.7235865041e-03
4,-1.5263978362e-01,-9.3627676581e-03,5.6053287831e-03
5,-1.5507173837e-01,-4.3800931803e-03,5.4804799120e-03
