Region Metadata for: shape_86.txt
================================================================================

REGION DEFINITION: Circle union (one circle per point)
  Each point gets a circle with radius = average distance to neighbors

Total vertices: 235
Number of regions: 30
Points per region:
  Region 0: 8 points
  Region 1: 8 points
  Region 2: 8 points
  Region 3: 8 points
  Region 4: 8 points
  Region 5: 8 points
  Region 6: 8 points
  Region 7: 8 points
  Region 8: 8 points
  Region 9: 8 points
  Region 10: 8 points
  Region 11: 8 points
  Region 12: 8 points
  Region 13: 8 points
  Region 14: 8 points
  Region 15: 8 points
  Region 16: 8 points
  Region 17: 8 points
  Region 18: 8 points
  Region 19: 8 points
  Region 20: 8 points
  Region 21: 8 points
  Region 22: 8 points
  Region 23: 8 points
  Region 24: 8 points
  Region 25: 7 points
  Region 26: 7 points
  Region 27: 7 points
  Region 28: 7 points
  Region 29: 7 points

REGION SUMMARY:
Region_Index,Num_Points,BBox_Min_X,BBox_Max_X,BBox_Min_Y,BBox_Max_Y,Normal_X,Normal_Y,Tangent_X,Tangent_Y,Fitted_Circle_X,Fitted_Circle_Y,Fitted_Circle_Radius,Local_AoA_Rad,Union_Area,Collection_Area
0,8,-1.2107863634e-01,-1.0906062299e-01,-2.7252636406e-03,2.3347269420e-02,-0.9576724428,0.2878601957,0.2878601957,0.9576724428,4.6421745273e-02,-3.8566596463e-02,1.6916774597e-01,2.91991705e-01,1.48723722e-04,7.50311551e-05
1,8,-1.1431228194e-01,-9.8484101492e-02,1.9965878762e-02,4.7796130010e-02,-0.9170458800,0.3987817121,0.3987817121,0.9170458800,1.3598393659e-01,-7.1732279804e-02,2.6469515024e-01,4.10187970e-01,1.80916031e-04,9.09971904e-05
2,8,-1.0378066754e-01,-8.5440504971e-02,4.4047558856e-02,7.1930413692e-02,-0.8774236183,0.4797163684,0.4797163684,0.8774236183,1.9396476942e-01,-9.9821609111e-02,3.2912909976e-01,5.00331429e-01,1.94003816e-04,9.74641919e-05
3,8,-9.0513678217e-02,-7.0988491322e-02,6.8024829152e-02,9.4226400148e-02,-0.8352356739,0.5498921430,0.5498921430,0.8352356739,1.8808729148e-01,-9.5694297401e-02,3.2196440353e-01,5.82235099e-01,1.84622805e-04,9.27493241e-05
4,8,-7.5555949359e-02,-5.6176567481e-02,9.0387991819e-02,1.1317052001e-01,-0.7822839320,0.6229220254,0.6229220254,0.7822839320,1.2294784339e-01,-4.8155611899e-02,2.4131314595e-01,6.72472423e-01,1.53977954e-04,7.75435151e-05
5,8,-5.9962296352e-02,-4.4707186673e-02,1.0961716904e-01,1.2413766672e-01,-0.6830466175,0.7303747794,0.7303747794,0.6830466175,-5.6478552670e-03,7.0326509137e-02,6.6460697146e-02,8.18870478e-01,8.69495778e-05,4.43874174e-05
6,8,-4.5839051150e-02,-3.4887832542e-02,1.1497687878e-01,1.2424298814e-01,0.6182736859,0.7859628804,0.7859628804,-0.6182736859,-4.8500406423e-02,1.1071752520e-01,1.3119588939e-02,2.23734070e+00,3.83754812e-05,2.01765148e-05
7,8,-3.7767772711e-02,-2.5325430640e-02,9.8641650014e-02,1.1735184349e-01,0.8729289779,0.4878473117,0.4878473117,-0.8729289779,-1.5766627043e-01,3.8153475016e-02,1.4433029652e-01,2.63197066e+00,8.85603226e-05,4.46340152e-05
8,8,-2.9066756310e-02,-1.7961085284e-02,8.3941942926e-02,1.0131030053e-01,0.8846037093,0.4663435187,0.4663435187,-0.8846037093,1.6394507017e-01,1.9034545093e-01,-2.1139028548e-01,2.65643987e+00,7.55007051e-05,3.75620946e-05
9,8,-2.0352682807e-02,-3.0244040402e-03,6.8129978083e-02,8.5830040660e-02,0.7174772972,0.6965818890,0.6965818890,-0.7174772972,5.8379693158e-02,1.4772118116e-01,-9.9991365596e-02,2.37097031e+00,1.17060783e-04,5.78580797e-05
10,8,-7.3422269474e-03,2.1793725354e-02,4.7476005458e-02,7.2740254684e-02,0.6333238786,0.7738868553,0.7738868553,-0.6333238786,3.3710273975e-01,4.6464043076e-01,-5.2210857797e-01,2.25663707e+00,2.56680303e-04,1.27927937e-04
11,8,1.6530141081e-02,5.1493547951e-02,2.4532145128e-02,5.3494141575e-02,0.6085507543,0.7935149523,0.7935149523,-0.6085507543,2.7883161471e+00,3.6332813020e+00,-4.5282284870e+00,2.22502927e+00,3.54624146e-04,1.77312073e-04
12,8,4.5650451652e-02,8.2662211392e-02,1.8558157573e-04,3.1276182934e-02,0.6161556802,0.7876243888,0.7876243888,-0.6161556802,-8.4054083957e-01,-1.1412698851e+00,1.4688251558e+00,2.23464875e+00,4.01554507e-04,2.01090249e-04
13,8,7.6619253937e-02,1.1190900746e-01,-2.4698644858e-02,6.9601617191e-03,0.6514101345,0.7587257980,0.7587257980,-0.6514101345,-2.8406277644e-01,-4.5016241126e-01,5.8149924139e-01,2.28023784e+00,3.85900691e-04,1.93951385e-04
14,8,1.0601550710e-01,1.3587508694e-01,-4.9287352833e-02,-1.8558549110e-02,0.7211888939,0.6927384638,0.6927384638,-0.7211888939,-6.8644139960e-02,-2.1689028020e-01,2.6392939775e-01,2.37631334e+00,3.15490106e-04,1.58978239e-04
15,8,1.3038253219e-01,1.5129630679e-01,-7.2842067176e-02,-4.4348938482e-02,0.8409424535,0.5411245605,0.5411245605,-0.8409424535,5.2569482833e-02,-1.1625318294e-01,1.0629383953e-01,2.56981886e+00,2.17698543e-04,1.10598830e-04
16,8,1.4615281046e-01,1.5546428204e-01,-9.4952624761e-02,-6.9369155523e-02,0.9869589338,0.1609722429,0.1609722429,-0.9869589338,1.1226974257e-01,-8.8837971552e-02,4.0438008758e-02,2.97991699e+00,1.38994552e-04,7.18470756e-05
17,8,1.4089198062e-01,1.5480059148e-01,-1.1160130079e-01,-9.2203365539e-02,0.8503063143,-0.5262881073,-0.5262881073,-0.8503063143,1.3016956765e-01,-9.1458029522e-02,2.2141827801e-02,-2.58736337e+00,1.02713305e-04,5.40287350e-05
18,8,1.2014641786e-01,1.4351377118e-01,-1.1612605865e-01,-1.0816048482e-01,0.1399657481,-0.9901563459,-0.9901563459,-0.1399657481,1.2790798657e-01,-7.9855918984e-02,3.3442224591e-02,-1.71122315e+00,1.16588618e-04,6.04475116e-05
19,8,9.1382745836e-02,1.2328703404e-01,-1.1585365649e-01,-1.0198041792e-01,-0.2589194200,-0.9658989253,-0.9658989253,0.2589194200,1.4000821193e-01,9.7878903104e-03,1.2409223394e-01,-1.30889302e+00,2.21605339e-04,1.12389004e-04
20,8,5.7983527227e-02,9.5781690913e-02,-1.0879805193e-01,-8.6972788123e-02,-0.4073423630,-0.9132755331,-0.9132755331,0.4073423630,2.2364408394e-01,2.2954451504e-01,3.5931112339e-01,-1.15125417e+00,3.36410006e-04,1.69280744e-04
21,8,2.2861464892e-02,6.3287307397e-02,-9.4433762572e-02,-6.8378044614e-02,-0.4685166718,-0.8834546554,-0.8834546554,0.4685166718,4.8950176284e-01,7.5942078989e-01,9.5218429140e-01,-1.08318531e+00,4.03701304e-04,2.02389954e-04
22,8,-1.1166009046e-02,2.8479999282e-02,-7.5957332123e-02,-4.9534047426e-02,-0.4873400567,-0.8732122704,-0.8732122704,0.4873400567,8.6760502738e+00,1.5456782705e+01,1.7775768281e+01,-1.06175533e+00,3.95263662e-04,1.97698876e-04
23,8,-4.1312943454e-02,-5.8845122207e-03,-5.6644909699e-02,-3.3747175602e-02,-0.4701300470,-0.8825971555,-0.8825971555,0.4701300470,-3.8704154112e-01,-7.2557473470e-01,-7.7166097998e-01,-1.08135821e+00,3.11486667e-04,1.55302024e-04
24,8,-6.4276014681e-02,-3.7020888597e-02,-3.9802261722e-02,-2.4841180697e-02,-0.3887558051,-0.9213408294,-0.9213408294,0.3887558051,-1.1821513114e-01,-1.8877794160e-01,-1.7125159732e-01,-1.17151554e+00,1.76624723e-04,8.74381110e-05
25,7,-7.7948026957e-02,-6.1978023655e-02,-2.8193836783e-02,-2.2924314343e-02,-0.1089498881,-0.9940472433,-0.9940472433,0.1089498881,-7.7139261821e-02,-9.7061753487e-02,-7.1778638106e-02,-1.46162974e+00,6.00484625e-05,2.96115386e-05
26,7,-9.5887740372e-02,-7.5552220706e-02,-2.7618662780e-02,-2.2082376343e-02,-0.0342029983,-0.9994149063,-0.9994149063,0.0342029983,-4.0011544435e-02,1.3472895059e+00,1.3729895432e+00,-1.53658666e+00,9.46149731e-05,4.73570232e-05
27,7,-1.1188194576e-01,-9.3327905983e-02,-2.7063126580e-02,-2.0678051614e-02,-0.1263160272,-0.9919900510,-0.9919900510,0.1263160272,-9.2297442872e-02,6.0704527951e-02,8.5284047943e-02,-1.44414195e+00,8.02176852e-05,4.06452699e-05
28,7,-1.2099337325e-01,-1.0981004873e-01,-2.4171734693e-02,-1.5798085768e-02,-0.5411198224,-0.8409455023,-0.8409455023,0.5411198224,-1.0919027146e-01,-9.2925512283e-03,1.3136230224e-02,-9.99028164e-01,3.86912138e-05,2.04101659e-05
29,7,-1.2273691967e-01,-1.1609516079e-01,-1.7289509658e-02,1.2380303831e-04,-0.9950762499,0.0991123448,0.0991123448,0.9950762499,-7.4986935314e-02,-1.4395988486e-02,4.5356824306e-02,9.92753339e-02,7.63267645e-05,3.92412871e-05

DETAILED CIRCLE DATA:

Region 0 (8 circles):
Circle_Index,Center_X,Center_Y,Radius
0,-1.1826284594e-01,9.0526764133e-05,2.8157904047e-03
1,-1.1760089623e-01,2.8570469063e-03,2.8723840493e-03
2,-1.1686855123e-01,5.6632155830e-03,2.9268091277e-03
3,-1.1606786361e-01,8.5060718005e-03,2.9789271257e-03
4,-1.1520088602e-01,1.1382654565e-02,3.0286168748e-03
5,-1.1426967115e-01,1.4290002884e-02,3.0757721508e-03
6,-1.1327627165e-01,1.7225155762e-02,3.1202996394e-03
7,-1.1222274021e-01,2.0185152208e-02,3.1621172124e-03

Region 1 (8 circles):
Circle_Index,Center_X,Center_Y,Radius
0,-1.1111112947e-01,2.3167031226e-02,3.2011524642e-03
1,-1.0994349213e-01,2.6167831824e-02,3.2373414695e-03
2,-1.0872188083e-01,2.9184593007e-02,3.2706277268e-03
3,-1.0744834826e-01,3.2214353784e-02,3.3009612591e-03
4,-1.0612494708e-01,3.5254153158e-02,3.3282978473e-03
5,-1.0475372996e-01,3.8301030138e-02,3.3525983771e-03
6,-1.0333674956e-01,4.1352023730e-02,3.3738282823e-03
7,-1.0187605856e-01,4.4404172940e-02,3.3919570700e-03

Region 2 (8 circles):
Circle_Index,Center_X,Center_Y,Radius
0,-1.0037370963e-01,4.7454516774e-02,3.4069579176e-03
1,-9.8831755422e-02,5.0500094239e-02,3.4188073306e-03
2,-9.7252248620e-02,5.3537944342e-02,3.4274848547e-03
3,-9.5637241887e-02,5.6565106088e-02,3.4329728341e-03
4,-9.3988787893e-02,5.9578618485e-02,3.4352562133e-03
5,-9.2308939305e-02,6.2575520538e-02,3.4343223756e-03
6,-9.0599748792e-02,6.5552851255e-02,3.4301610169e-03
7,-8.8863269023e-02,6.8507649641e-02,3.4227640518e-03

Region 3 (8 circles):
Circle_Index,Center_X,Center_Y,Radius
0,-8.7101552666e-02,7.1436954703e-02,3.4121255505e-03
1,-8.5316652390e-02,7.4337805447e-02,3.3982417058e-03
2,-8.3510620863e-02,7.7207240880e-02,3.3811108300e-03
3,-8.1685510754e-02,8.0042300009e-02,3.3607333822e-03
4,-7.9843374731e-02,8.2840021839e-02,3.3371120287e-03
5,-7.7986265463e-02,8.5597445378e-02,3.3102517363e-03
6,-7.6116235618e-02,8.8311609631e-02,3.2801599050e-03
7,-7.4235337865e-02,9.0979553605e-02,3.2468465427e-03

Region 4 (8 circles):
Circle_Index,Center_X,Center_Y,Radius
0,-7.2345624871e-02,9.3598316307e-02,3.2103244879e-03
1,-7.0449149307e-02,9.6164936742e-02,3.1706096896e-03
2,-6.8547963840e-02,9.8676453918e-02,3.1277215519e-03
3,-6.6644121138e-02,1.0112990684e-01,3.0816833586e-03
4,-6.4739673871e-02,1.0352233452e-01,3.0325227904e-03
5,-6.2836674707e-02,1.0585077595e-01,2.9802725572e-03
6,-6.0937176313e-02,1.0811227015e-01,2.9249711689e-03
7,-5.9043231360e-02,1.1030385613e-01,2.8666638786e-03

Region 5 (8 circles):
Circle_Index,Center_X,Center_Y,Radius
0,-5.7156892515e-02,1.1242257288e-01,2.8054038371e-03
1,-5.5280212446e-02,1.1446545942e-01,2.7412535130e-03
2,-5.3415243823e-02,1.1642955475e-01,2.6742864451e-03
3,-5.1564039314e-02,1.1831189788e-01,2.6045894149e-03
4,-4.9728651586e-02,1.2010952781e-01,2.5322651521e-03
5,-4.7911133310e-02,1.2181948356e-01,1.8921952862e-03
6,-4.6876679723e-02,1.2258840971e-01,1.2159293923e-03
7,-4.5820257860e-02,1.2302459553e-01,1.1130711863e-03

Region 6 (8 circles):
Circle_Index,Center_X,Center_Y,Radius
0,-4.4744100487e-02,1.2314803747e-01,1.0949506629e-03
1,-4.3650440371e-02,1.2297873197e-01,1.1502397731e-03
2,-4.2541510279e-02,1.2253667547e-01,1.2567394802e-03
3,-4.1419542978e-02,1.2184186439e-01,1.3918878344e-03
4,-4.0286771235e-02,1.2091429520e-01,1.5387382374e-03
5,-3.9145427816e-02,1.1977396431e-01,1.6862277345e-03
6,-3.7997745488e-02,1.1844086819e-01,1.8274587926e-03
7,-3.6845957017e-02,1.1693500325e-01,1.9581244755e-03

Region 7 (8 circles):
Circle_Index,Center_X,Center_Y,Radius
0,-3.5692295172e-02,1.1527636595e-01,2.0754775390e-03
1,-3.4538992717e-02,1.1348495272e-01,2.1777171075e-03
2,-3.3388282421e-02,1.1158076001e-01,2.2636305035e-03
3,-3.2242397049e-02,1.0958378425e-01,2.3323818632e-03
4,-3.1103569370e-02,1.0751402188e-01,2.3833847835e-03
5,-2.9974032148e-02,1.0539146934e-01,2.4162239410e-03
6,-2.8856018152e-02,1.0323612308e-01,2.4306061031e-03
7,-2.7751760148e-02,1.0106797952e-01,2.4263295074e-03

Region 8 (8 circles):
Circle_Index,Center_X,Center_Y,Radius
0,-2.6663490902e-02,9.8907035119e-02,2.4032654079e-03
1,-2.5593443182e-02,9.6773286308e-02,2.3613484658e-03
2,-2.4543849754e-02,9.4686729528e-02,2.3005745925e-03
3,-2.3516943385e-02,9.2667361218e-02,2.2210064801e-03
4,-2.2514956842e-02,9.0735177818e-02,2.1227889567e-03
5,-2.1540122891e-02,8.8910175768e-02,2.0061792783e-03
6,-2.0594674300e-02,8.7212351508e-02,1.8716030796e-03
7,-1.9680843835e-02,8.5661701477e-02,1.7197585505e-03

Region 9 (8 circles):
Circle_Index,Center_X,Center_Y,Radius
0,-1.8800864262e-02,8.4278222115e-02,1.5518185453e-03
1,-1.7956968349e-02,8.3081909862e-02,1.3698474101e-03
2,-1.7151388862e-02,8.2092761157e-02,1.9938463395e-03
3,-1.5313650157e-02,8.0098344088e-02,2.7904864957e-03
4,-1.3313678120e-02,7.8041385988e-02,2.9453953168e-03
5,-1.1158122113e-02,7.5923603277e-02,3.0959621779e-03
6,-8.8536315012e-03,7.3746712371e-02,3.2417581839e-03
7,-6.4068556474e-03,7.1512429690e-02,3.3824516072e-03

Region 10 (8 circles):
Circle_Index,Center_X,Center_Y,Radius
0,-3.8244439152e-03,6.9222471652e-02,3.5177830322e-03
1,-1.1130456680e-03,6.6878554676e-02,3.6475476371e-03
2,1.7206897306e-03,6.4482395179e-02,3.7715823944e-03
3,4.6701129172e-03,6.2035709581e-02,3.8897567039e-03
4,7.7285745283e-03,5.9540214299e-02,4.0019654560e-03
5,1.0889425200e-02,5.6997625752e-02,4.1081238373e-03
6,1.4146015570e-02,5.4409660359e-02,4.2081634029e-03
7,1.7491696274e-02,5.1778034538e-02,4.3020290800e-03

Region 11 (8 circles):
Circle_Index,Center_X,Center_Y,Radius
0,2.0919817948e-02,4.9104464707e-02,4.3896768674e-03
1,2.4423731229e-02,4.6390667285e-02,4.4710720584e-03
2,2.7996786754e-02,4.3638358690e-02,4.5461878656e-03
3,3.1632335159e-02,4.0849255341e-02,4.6150043563e-03
4,3.5323727081e-02,3.8025073656e-02,4.6775076315e-03
5,3.9064313156e-02,3.5167530053e-02,4.7336892014e-03
6,4.2847444020e-02,3.2278340951e-02,4.7835455178e-03
7,4.6666470311e-02,2.9359222768e-02,4.8270776401e-03

Region 12 (8 circles):
Circle_Index,Center_X,Center_Y,Radius
0,5.0514742664e-02,2.6411891923e-02,4.8642910116e-03
1,5.4385611716e-02,2.3438064834e-02,4.8951953349e-03
2,5.8272428105e-02,2.0439457919e-02,4.9198045347e-03
3,6.2168542465e-02,1.7417787597e-02,4.9381368036e-03
4,6.6067305434e-02,1.4374770287e-02,4.9502147265e-03
5,6.9962067649e-02,1.1312122406e-02,4.9560654856e-03
6,7.3846179745e-02,8.2315603739e-03,4.9557211465e-03
7,7.7712992360e-02,5.1348006079e-03,4.9492190322e-03

Region 13 (8 circles):
Circle_Index,Center_X,Center_Y,Radius
0,8.1555856129e-02,2.0235595269e-03,4.9366021922e-03
1,8.5368121690e-02,-1.1004464507e-03,4.9179199783e-03
2,8.9143139678e-02,-4.2355009065e-03,4.8932287406e-03
3,9.2874260731e-02,-7.3798874221e-03,4.8625926622e-03
4,9.6554835485e-02,-1.0531889579e-02,4.8260847558e-03
5,1.0017821458e-01,-1.3689790959e-02,4.7837880490e-03
6,1.0373774864e-01,-1.6851875144e-02,4.7357969941e-03
7,1.0722678832e-01,-2.0016425714e-02,4.6822191433e-03

Region 14 (8 circles):
Circle_Index,Center_X,Center_Y,Radius
0,1.1063868424e-01,-2.3181726253e-02,4.6231771430e-03
1,1.1396678705e-01,-2.6346060340e-02,4.5588111085e-03
2,1.1720444737e-01,-2.9507711559e-02,4.4892814581e-03
3,1.2034501585e-01,-3.2664963490e-02,4.4147723006e-03
4,1.2338184313e-01,-3.5816099715e-02,4.3354954889e-03
5,1.2630827984e-01,-3.8959403816e-02,4.2516954801e-03
6,1.2911767661e-01,-4.2093159374e-02,4.1636551649e-03
7,1.3180338408e-01,-4.5215649970e-02,4.0717028625e-03

Region 15 (8 circles):
Circle_Index,Center_X,Center_Y,Radius
0,1.3435875289e-01,-4.8325159188e-02,3.9762207054e-03
1,1.3677713368e-01,-5.1419970607e-02,3.8776546682e-03
2,1.3905187708e-01,-5.4498367810e-02,3.7765265109e-03
3,1.4117633373e-01,-5.7558634377e-02,3.6734479012e-03
4,1.4314385427e-01,-6.0599053892e-02,3.5691369300e-03
5,1.4494778932e-01,-6.3617909935e-02,3.4644371001e-03
6,1.4658148954e-01,-6.6613486088e-02,3.3603386055e-03
7,1.4803830554e-01,-6.9584065933e-02,3.2580012432e-03

Region 16 (8 circles):
Circle_Index,Center_X,Center_Y,Radius
0,1.4931158798e-01,-7.2527933050e-02,3.1587775270e-03
1,1.5039468749e-01,-7.5443371022e-02,3.0642334054e-03
2,1.5128095470e-01,-7.8328663431e-02,2.9761623870e-03
3,1.5196374026e-01,-8.1182093857e-02,2.8965869575e-03
4,1.5243639479e-01,-8.4001945883e-02,2.8277393689e-03
5,1.5269226893e-01,-8.6786503090e-02,2.7720131043e-03
6,1.5272471333e-01,-8.9534049059e-02,2.7318779787e-03
7,1.5252707861e-01,-9.2242867373e-02,2.7097573880e-03

Region 17 (8 circles):
Circle_Index,Center_X,Center_Y,Radius
0,1.5209271541e-01,-9.4911241612e-02,2.7078760734e-03
1,1.5141497438e-01,-9.7537455359e-02,2.7280988791e-03
2,1.5048720614e-01,-1.0011979219e-01,2.6533016437e-03
3,1.4938710144e-01,-1.0243431218e-01,2.5001544061e-03
4,1.4810055654e-01,-1.0450480184e-01,2.3928410978e-03
5,1.4663300880e-01,-1.0633771501e-01,2.3213570883e-03
6,1.4498989558e-01,-1.0793950550e-01,2.2857935183e-03
7,1.4317665427e-01,-1.0931662715e-01,2.2846736420e-03

Region 18 (8 circles):
Circle_Index,Center_X,Center_Y,Radius
0,1.4119872221e-01,-1.1047553379e-01,2.3150489716e-03
1,1.3906153679e-01,-1.1142267925e-01,2.3728859354e-03
2,1.3677053537e-01,-1.1216451735e-01,2.4535974602e-03
3,1.3433115532e-01,-1.1270750193e-01,2.5525461232e-03
4,1.3174883401e-01,-1.1305808681e-01,2.6654073262e-03
5,1.2902900880e-01,-1.1322272582e-01,2.7883670526e-03
6,1.2617711707e-01,-1.1320787280e-01,2.9181858523e-03
7,1.2319859618e-01,-1.1301998156e-01,3.0521783125e-03

Region 19 (8 circles):
Circle_Index,Center_X,Center_Y,Radius
0,1.2009888349e-01,-1.1266550595e-01,3.1881505466e-03
1,1.1688341639e-01,-1.1215089978e-01,3.3243239414e-03
2,1.1355763223e-01,-1.1148261688e-01,3.4592606736e-03
3,1.1012696838e-01,-1.1066711110e-01,3.5917979210e-03
4,1.0659686221e-01,-1.0971083624e-01,3.7209928132e-03
5,1.0297275110e-01,-1.0862024615e-01,3.8460777620e-03
6,9.9260072402e-02,-1.0740179465e-01,3.9664248427e-03
7,9.5464263491e-02,-1.0606193558e-01,4.0815176543e-03

Region 20 (8 circles):
Circle_Index,Center_X,Center_Y,Radius
0,9.1590761733e-02,-1.0460712275e-01,4.1909291796e-03
1,8.7645004498e-02,-1.0304381000e-01,4.2943043800e-03
2,8.3632429153e-02,-1.0137845116e-01,4.3913464909e-03
3,7.9558473067e-02,-9.9617500050e-02,4.4818062011e-03
4,7.5428573607e-02,-9.7767410508e-02,4.5654730764e-03
5,7.1248168141e-02,-9.5834636360e-02,4.6421687329e-03
6,6.7022694038e-02,-9.3825631435e-02,4.7117413802e-03
7,6.2757588666e-02,-9.1746849561e-02,4.7740614383e-03

Region 21 (8 circles):
Circle_Index,Center_X,Center_Y,Radius
0,5.8458289392e-02,-8.9604744568e-02,4.8290180043e-03
1,5.4130233586e-02,-8.7405770284e-02,4.8765159927e-03
2,4.9778858614e-02,-8.5156380537e-02,4.9164738146e-03
3,4.5409601846e-02,-8.2863029158e-02,4.9488214909e-03
4,4.1027900648e-02,-8.0532169974e-02,4.9734991177e-03
5,3.6639192390e-02,-7.8170256815e-02,4.9904556202e-03
6,3.2248914439e-02,-7.5783743509e-02,4.9996477482e-03
7,2.7862504163e-02,-7.3379083885e-02,5.0010392714e-03

Region 22 (8 circles):
Circle_Index,Center_X,Center_Y,Radius
0,2.3485398931e-02,-7.0962731773e-02,4.9946003503e-03
1,1.9123036111e-02,-6.8541141000e-02,4.9803070580e-03
2,1.4780853070e-02,-6.6120765396e-02,4.9581410394e-03
3,1.0464287177e-02,-6.3708058790e-02,4.9280892995e-03
4,6.1787757998e-03,-6.1309475010e-02,4.8901441152e-03
5,1.9297563065e-03,-5.8931467885e-02,4.8443030735e-03
6,-2.2773339349e-03,-5.6580491244e-02,4.7905692427e-03
7,-6.4370575561e-03,-5.4262998917e-02,4.7289514901e-03

Region 23 (8 circles):
Circle_Index,Center_X,Center_Y,Radius
0,-1.0543977189e-02,-5.1985444731e-02,4.6594649685e-03
1,-1.4592655466e-02,-4.9754282516e-02,4.5821318005e-03
2,-1.8577655018e-02,-4.7575966100e-02,4.4969820072e-03
3,-2.2493538478e-02,-4.5456949313e-02,4.4040547387e-03
4,-2.6334868478e-02,-4.3403685982e-02,4.3033998919e-03
5,-3.0096207649e-02,-4.1422629938e-02,4.1950802304e-03
6,-3.3772118623e-02,-3.9520235009e-02,4.0791741650e-03
7,-3.7357164032e-02,-3.7702955023e-02,3.9557794216e-03

Region 24 (8 circles):
Circle_Index,Center_X,Center_Y,Radius
0,-4.0845906509e-02,-3.5977243810e-02,3.8250179115e-03
1,-4.4232908684e-02,-3.4349555199e-02,3.6870422614e-03
2,-4.7512733191e-02,-3.2826343017e-02,3.5420446608e-03
3,-5.0679942660e-02,-3.1414061095e-02,3.3902690020e-03
4,-5.3729099724e-02,-3.0119163261e-02,3.2320277607e-03
5,-5.6654767015e-02,-2.8948103343e-02,3.0677258178e-03
6,-5.9451507165e-02,-2.7907335171e-02,2.8978945956e-03
7,-6.2113882805e-02,-2.7003312574e-02,2.1621318766e-03

Region 25 (7 circles):
Circle_Index,Center_X,Center_Y,Radius
0,-6.3571745782e-02,-2.6600114656e-02,1.5937221272e-03
1,-6.5211904414e-02,-2.6260981294e-02,1.7516262831e-03
2,-6.7018423152e-02,-2.5978960210e-02,1.8995154122e-03
3,-6.8975366446e-02,-2.5747099127e-02,2.0352773149e-03
4,-7.1066798749e-02,-2.5558445769e-02,2.1575788623e-03
5,-7.3276784509e-02,-2.5406047859e-02,2.2655557490e-03
6,-7.5589388180e-02,-2.5282953120e-02,2.3586387767e-03

Region 26 (7 circles):
Circle_Index,Center_X,Center_Y,Radius
0,-7.7988674211e-02,-2.5182209276e-02,2.4364535044e-03
1,-8.0458707053e-02,-2.5096864049e-02,2.4987608609e-03
2,-8.2983551158e-02,-2.5019965163e-02,2.5454216879e-03
3,-8.5547270977e-02,-2.4944560341e-02,2.5763760593e-03
4,-8.8133930959e-02,-2.4863697307e-02,2.5916324184e-03
5,-9.0727595557e-02,-2.4770423783e-02,2.5912639579e-03
6,-9.3312329222e-02,-2.4657787493e-02,2.5754111500e-03

Region 27 (7 circles):
Circle_Index,Center_X,Center_Y,Radius
0,-9.5872196403e-02,-2.4518836160e-02,2.5442904200e-03
1,-9.8391261553e-02,-2.4346617508e-02,2.4982099601e-03
2,-1.0085358912e-01,-2.4134179259e-02,2.4375948324e-03
3,-1.0324324356e-01,-2.3874569137e-02,2.3630250955e-03
4,-1.0554428932e-01,-2.3560834864e-02,2.2752930469e-03
5,-1.0774079085e-01,-2.3186024165e-02,2.1754893173e-03
6,-1.0981681261e-01,-2.2743184763e-02,2.0651331484e-03

Region 28 (7 circles):
Circle_Index,Center_X,Center_Y,Radius
0,-1.1175641904e-01,-2.2225364380e-02,1.9463703126e-03
1,-1.1354367459e-01,-2.1625610740e-02,1.8222721322e-03
2,-1.1516264372e-01,-2.0936971567e-02,1.6972748434e-03
3,-1.1659739088e-01,-2.0152494582e-02,1.5777771514e-03
4,-1.1783198052e-01,-1.9265227511e-02,1.4728028785e-03
5,-1.1885047708e-01,-1.8268218075e-02,1.3943311304e-03
6,-1.1963694502e-01,-1.7154513998e-02,1.3564282308e-03

Region 29 (7 circles):
Circle_Index,Center_X,Center_Y,Radius
0,-1.2017544880e-01,-1.5917163004e-02,1.3723466542e-03
1,-1.2045005285e-01,-1.4549212816e-02,1.4503754545e-03
2,-1.2044482164e-01,-1.3043711156e-02,2.0223838155e-03
3,-1.2016563844e-01,-1.0519848589e-02,2.5712812273e-03
4,-1.1980579660e-01,-7.9415325203e-03,2.6347065768e-03
5,-1.1936734879e-01,-5.3117239428e-03,2.6967557189e-03
6,-1.1885234768e-01,-2.6333838501e-03,2.7571868884e-03
