Region Metadata for: shape_62.txt
================================================================================

REGION DEFINITION: Circle union (one circle per point)
  Each point gets a circle with radius = average distance to neighbors

Total vertices: 216
Number of regions: 30
Points per region:
  Region 0: 8 points
  Region 1: 8 points
  Region 2: 8 points
  Region 3: 8 points
  Region 4: 8 points
  Region 5: 8 points
  Region 6: 7 points
  Region 7: 7 points
  Region 8: 7 points
  Region 9: 7 points
  Region 10: 7 points
  Region 11: 7 points
  Region 12: 7 points
  Region 13: 7 points
  Region 14: 7 points
  Region 15: 7 points
  Region 16: 7 points
  Region 17: 7 points
  Region 18: 7 points
  Region 19: 7 points
  Region 20: 7 points
  Region 21: 7 points
  Region 22: 7 points
  Region 23: 7 points
  Region 24: 7 points
  Region 25: 7 points
  Region 26: 7 points
  Region 27: 7 points
  Region 28: 7 points
  Region 29: 7 points

REGION SUMMARY:
Region_Index,Num_Points,BBox_Min_X,BBox_Max_X,BBox_Min_Y,BBox_Max_Y,Normal_X,Normal_Y,Tangent_X,Tangent_Y,Fitted_Circle_X,Fitted_Circle_Y,Fitted_Circle_Radius,Local_AoA_Rad,Union_Area,Collection_Area
0,8,-3.9568395855e-02,-2.6521994824e-02,-2.6013445059e-03,3.8521007400e-02,-0.9927288153,-0.1203723358,-0.1203723358,0.9927288153,1.2530990832e+00,1.7404203258e-01,1.2957356407e+00,-1.20664937e-01,3.49256358e-04,1.74950078e-04
1,8,-4.2453144646e-02,-3.1028206440e-02,3.3988096502e-02,7.3133596276e-02,-0.9960404156,-0.0889015779,-0.0889015779,0.9960404156,9.3733703638e-01,1.4075120238e-01,9.7821823939e-01,-8.90191019e-02,3.15032275e-04,1.57884659e-04
2,8,-4.3568788003e-02,-3.4367769701e-02,6.8934927250e-02,1.0452388005e-01,-0.9988956839,-0.0469831114,-0.0469831114,0.9988956839,5.9562257444e-01,1.1692979438e-01,6.3566437455e-01,-4.70004137e-02,2.59475030e-04,1.30148798e-04
3,8,-4.3569559656e-02,-3.6243160154e-02,1.0082478013e-01,1.2778715899e-01,-0.9998145024,0.0192603436,0.0192603436,0.9998145024,2.2174072205e-01,1.1145517370e-01,2.6172143837e-01,1.92615346e-02,1.63421702e-04,8.25073206e-05
4,8,-4.0435630627e-02,-2.7122170718e-02,1.2628213803e-01,1.3783329071e-01,-0.6331049292,0.7740659847,0.7740659847,0.6331049292,-2.2084650695e-02,1.1653888969e-01,2.0358776271e-02,8.85238468e-01,5.58796112e-05,2.91282623e-05
5,8,-2.9551715132e-02,-8.4197486782e-03,1.3425915538e-01,1.4327930741e-01,-0.2533030323,0.9673869825,0.9673869825,0.2533030323,-2.2220497207e-03,7.4155038504e-02,6.7235179188e-02,1.31470320e+00,9.65145026e-05,4.91325487e-05
6,7,-1.0851718777e-02,6.3280990906e-03,1.3871570850e-01,1.4364901020e-01,0.0355851633,0.9993666475,0.9993666475,-0.0355851633,-3.3765321720e-03,9.8386163141e-02,4.3012926422e-02,1.60638900e+00,6.84860298e-05,3.50851229e-05
7,7,4.4819970736e-03,1.5159104233e-02,1.3151230631e-01,1.4191352467e-01,0.6918314920,0.7220589911,0.7220589911,-0.6918314920,4.2441481310e-03,1.3150998192e-01,8.8716479873e-03,2.33481879e+00,4.42993646e-05,2.32557893e-05
8,7,1.1258523071e-02,2.1395882297e-02,1.1348222352e-01,1.3409462003e-01,0.9539073624,0.3001012229,0.3001012229,-0.9539073624,-1.0906352422e-01,8.4735908705e-02,1.3143179771e-01,2.83679389e+00,1.04624738e-04,5.27904589e-05
9,7,1.6261897152e-02,2.6124273741e-02,9.1900731517e-02,1.1648350970e-01,0.9808982783,0.1945213808,0.1945213808,-0.9808982783,-2.3761056115e-01,5.3154980495e-02,2.6382714234e-01,2.94582317e+00,1.42359599e-04,7.15851671e-05
10,7,2.0057270110e-02,2.9514238805e-02,6.8094061314e-02,9.5234346268e-02,0.9916403752,0.1290324234,0.1290324234,-0.9916403752,-4.2340790286e-01,2.3526622504e-02,4.5198598930e-01,3.01219947e+00,1.70499363e-04,8.55617861e-05
11,7,2.2869035995e-02,3.1753143843e-02,4.3371037824e-02,7.1618926938e-02,0.9963309412,0.0855842021,0.0855842021,-0.9963309412,-6.6122521417e-01,-1.5672219851e-03,6.9113138379e-01,3.05590363e+00,1.83355421e-04,9.18945379e-05
12,7,2.4906738565e-02,3.3034571484e-02,1.9034269680e-02,4.6923899220e-02,0.9984545078,0.0555751365,0.0555751365,-0.9984545078,-9.4788852667e-01,-2.1403887319e-02,9.7848472566e-01,3.08598887e+00,1.78175875e-04,8.92620293e-05
13,7,2.6374477148e-02,3.3554727886e-02,-3.6162580142e-03,2.2441355046e-02,0.9993950427,0.0347785659,0.0347785659,-0.9993950427,-1.3142000505e+00,-3.7455349684e-02,1.3451505652e+00,3.10680707e+00,1.55406919e-04,7.77797964e-05
14,7,2.7474004276e-02,3.3593519716e-02,-2.3281839684e-02,-5.3426685325e-04,0.9997690688,0.0214897411,0.0214897411,-0.9997690688,-2.0491448079e+00,-5.6742269547e-02,2.0803505683e+00,3.12010126e+00,1.18630867e-04,5.93633199e-05
15,7,2.8405901936e-02,3.3470394639e-02,-3.4290864309e-02,-2.0707357201e-02,0.9957446688,-0.0921550571,-0.0921550571,-0.9957446688,9.2407023673e-03,-2.6359111347e-02,2.1864493354e-02,-3.04930666e+00,4.78010764e-05,2.42725738e-05
16,7,2.3169312695e-02,3.0943123641e-02,-4.4132445258e-02,-3.2793432435e-02,0.8699525088,-0.4931355113,-0.4931355113,-0.8699525088,-2.5525843895e-02,-8.2945402590e-03,6.0853741391e-02,-2.62590233e+00,3.62997806e-05,1.83670854e-05
17,7,1.6930014628e-02,2.5617264247e-02,-5.3796493930e-02,-4.2172220863e-02,0.8389370363,-0.5442284899,-0.5442284899,-0.8389370363,2.2181360115e-01,-1.7861347282e-01,-2.3940287295e-01,-2.56612344e+00,4.00377247e-05,1.99558490e-05
18,7,1.2421872666e-02,1.9241189049e-02,-6.3908718514e-02,-5.2043215495e-02,0.9335706408,-0.3583934412,-0.3583934412,-0.9335706408,3.8445698481e-02,-6.6281164591e-02,-2.4301003915e-02,-2.77504621e+00,3.69967531e-05,1.81326425e-05
19,7,8.3199548671e-03,1.6511089876e-02,-8.4705629521e-02,-6.1602600086e-02,0.9901949027,-0.1396927153,-0.1396927153,-0.9901949027,2.7554038239e-01,-1.0944882113e-01,-2.6534067874e-01,-3.00144157e+00,1.25694744e-04,6.25067399e-05
20,7,5.3854472815e-03,1.4778234115e-02,-1.1041511674e-01,-8.1270001606e-02,0.9951769226,-0.0980963446,-0.0980963446,-0.9951769226,1.4414655236e+00,-2.3642554589e-01,-1.4381835971e+00,-3.04333830e+00,1.95639834e-04,9.77060354e-05
21,7,3.4095780542e-03,1.2549004642e-02,-1.3518656204e-01,-1.0664813612e-01,0.9954229535,-0.0955674826,-0.0955674826,-0.9954229535,-1.9519155581e+00,6.6527829183e-02,1.9686786307e+00,-3.04587910e+00,1.87777198e-04,9.39678899e-05
22,7,2.1643552987e-03,9.5936306006e-03,-1.5318856732e-01,-1.3190738451e-01,0.9910931445,-0.1331704879,-0.1331704879,-0.9910931445,-2.4067024238e-01,-1.1033955974e-01,2.4829405603e-01,-3.00802537e+00,1.07300599e-04,5.39424752e-05
23,7,9.6429322833e-04,5.7017702512e-03,-1.5904722835e-01,-1.5119869850e-01,0.9158163430,-0.4015973431,-0.4015973431,-0.9158163430,-5.3630597102e-03,-1.5267416206e-01,9.1765733508e-03,-2.72833230e+00,2.09689929e-05,1.09708400e-05
24,7,-6.0330293047e-03,1.8205641040e-03,-1.5896850770e-01,-1.4340951388e-01,-0.9500145232,-0.3122057106,-0.3122057106,0.9500145232,6.1966563587e-02,-1.3280234826e-01,6.6235182409e-02,-3.17513915e-01,7.73927990e-05,3.91724674e-05
25,7,-1.2505041200e-02,-4.5104720093e-04,-1.4672797279e-01,-1.1935561647e-01,-0.9704579166,-0.2412704543,-0.2412704543,0.9704579166,6.6210301707e-01,3.2788660741e-02,6.8874528025e-01,-2.43674767e-01,1.79511860e-04,8.99829328e-05
26,7,-1.8855676993e-02,-5.8191549101e-03,-1.2321926430e-01,-9.1832744451e-02,-0.9773784383,-0.2114979628,-0.2114979628,0.9773784383,1.0127958698e+00,1.1402025262e-01,1.0487288223e+00,-2.13107340e-01,2.33240597e-04,1.16898535e-04
27,7,-2.4887076291e-02,-1.1306276609e-02,-9.6108076491e-02,-6.1786955870e-02,-0.9822381592,-0.1876384785,-0.1876384785,0.9822381592,1.3048789123e+00,1.7359764499e-01,1.3468290296e+00,-1.88757367e-01,2.76540169e-04,1.38430426e-04
28,7,-3.0402211898e-02,-1.6716781439e-02,-6.6338237872e-02,-3.0163475578e-02,-0.9860890715,-0.1662177577,-0.1662177577,0.9860890715,1.4588931995e+00,2.0154801228e-01,1.5033600112e+00,-1.66992820e-01,3.05349524e-04,1.52884671e-04
29,7,-3.5204516261e-02,-2.1854292518e-02,-3.4854322984e-02,2.0929312094e-03,-0.9894287628,-0.1450197345,-0.1450197345,0.9894287628,1.4411557596e+00,1.9903638024e-01,1.4854476974e+00,-1.45532918e-01,3.16834872e-04,1.58677874e-04

DETAILED CIRCLE DATA:

Region 0 (8 circles):
Circle_Index,Center_X,Center_Y,Radius
0,-3.1171460276e-02,2.0481209456e-03,4.6494654515e-03
1,-3.1778587877e-02,6.6535080379e-03,4.6396244028e-03
2,-3.2368774614e-02,1.1249786700e-02,4.6270303632e-03
3,-3.2941447123e-02,1.5834202237e-02,4.6116859958e-03
4,-3.3496032045e-02,2.0403999952e-02,4.5935942263e-03
5,-3.4031956016e-02,2.4956425149e-02,4.5727582658e-03
6,-3.4548645675e-02,2.9488723133e-02,4.5491816351e-03
7,-3.5045527661e-02,3.3998139207e-02,4.5228681937e-03

Region 1 (8 circles):
Circle_Index,Center_X,Center_Y,Radius
0,-3.5522028612e-02,3.8481918675e-02,4.4938221723e-03
1,-3.5977575166e-02,4.2937306841e-02,4.4620482091e-03
2,-3.6411593962e-02,4.7361549010e-02,4.4275513925e-03
3,-3.6823511637e-02,5.1751890486e-02,4.3903373087e-03
4,-3.7212754830e-02,5.6105576571e-02,4.3504120963e-03
5,-3.7578750180e-02,6.0419852572e-02,4.3077825093e-03
6,-3.7920924325e-02,6.4691963791e-02,4.2624559883e-03
7,-3.8238703902e-02,6.8919155532e-02,4.2144407436e-03

Region 2 (8 circles):
Circle_Index,Center_X,Center_Y,Radius
0,-3.8531515551e-02,7.3098673100e-02,4.1637458500e-03
1,-3.8798785909e-02,7.7227761799e-02,4.1103813566e-03
2,-3.9039941615e-02,8.1303666932e-02,4.0543584144e-03
3,-3.9254409308e-02,8.5323633804e-02,3.9956894242e-03
4,-3.9441615625e-02,8.9284907718e-02,3.9343882093e-03
5,-3.9600987205e-02,9.3184733980e-02,3.8704702184e-03
6,-3.9731950686e-02,9.7020357892e-02,3.8039527625e-03
7,-3.9833932706e-02,1.0078902476e-01,3.7348552964e-03

Region 3 (8 circles):
Circle_Index,Center_X,Center_Y,Radius
0,-3.9906359905e-02,1.0448797988e-01,3.6631997510e-03
1,-3.9948658919e-02,1.0811446857e-01,3.5890109291e-03
2,-3.9960256388e-02,1.1166573613e-01,3.5123169789e-03
3,-3.9940578949e-02,1.1513902785e-01,3.4331499632e-03
4,-3.9889053242e-02,1.1853158906e-01,3.3515465459e-03
5,-3.9805105903e-02,1.2184066504e-01,3.2675488268e-03
6,-3.9688163573e-02,1.2506350110e-01,2.2925794620e-03
7,-3.9484088545e-02,1.2640830688e-01,1.3788521063e-03

Region 4 (8 circles):
Circle_Index,Center_X,Center_Y,Radius
0,-3.8998890921e-02,1.2771887774e-01,1.4367397055e-03
1,-3.8251503756e-02,1.2899163884e-01,1.5281883613e-03
2,-3.7260860103e-02,1.3022301536e-01,1.6392773320e-03
3,-3.6045893016e-02,1.3140943245e-01,1.7590490443e-03
4,-3.4625535550e-02,1.3254731530e-01,1.8796052729e-03
5,-3.3018720760e-02,1.3363308906e-01,1.9954705047e-03
6,-3.1244381699e-02,1.3466317890e-01,2.1028898968e-03
7,-2.9321451421e-02,1.3563401000e-01,2.1992807033e-03

Region 5 (8 circles):
Circle_Index,Center_X,Center_Y,Radius
0,-2.7268862982e-02,1.3654200753e-01,2.2828521502e-03
1,-2.5105549435e-02,1.3738359664e-01,2.3523540976e-03
2,-2.2850443834e-02,1.3815520251e-01,2.4069136425e-03
3,-2.0522479234e-02,1.3885325031e-01,2.4459296265e-03
4,-1.8140588690e-02,1.3947416521e-01,2.4690052922e-03
5,-1.5723705254e-02,1.4001437237e-01,2.4759067802e-03
6,-1.3290761982e-02,1.4047029697e-01,2.4665401753e-03
7,-1.0860691928e-02,1.4083836416e-01,2.4409432496e-03

Region 6 (7 circles):
Circle_Index,Center_X,Center_Y,Radius
0,-8.4524281456e-03,1.4111499913e-01,2.3992906319e-03
1,-6.0849036898e-03,1.4129662703e-01,2.3419134565e-03
2,-3.7770516145e-03,1.4137967304e-01,2.2693371573e-03
3,-1.5478049741e-03,1.4136056233e-01,2.1823446173e-03
4,5.8390317711e-04,1.4123572006e-01,2.0820772275e-03
5,2.5991397850e-03,1.4100157140e-01,1.9701947378e-03
6,4.4789717952e-03,1.4065454152e-01,1.8491272953e-03

Region 7 (7 circles):
Circle_Index,Center_X,Center_Y,Radius
0,6.2044661536e-03,1.4019105559e-01,1.7224690799e-03
1,7.7566898057e-03,1.3960753877e-01,1.5955723417e-03
2,9.1167096975e-03,1.3890041625e-01,1.4763612143e-03
3,1.0265592775e-02,1.3806611317e-01,1.3761783719e-03
4,1.1184405983e-02,1.3710105472e-01,1.3099309276e-03
5,1.1854216267e-02,1.3600166606e-01,1.8056073276e-03
6,1.2794756266e-02,1.3387665428e-01,2.3643479670e-03

Region 8 (7 circles):
Circle_Index,Center_X,Center_Y,Radius
0,1.3703161585e-02,1.3164998152e-01,2.4446385144e-03
1,1.4580012686e-02,1.2932542939e-01,2.5233662660e-03
2,1.5425890030e-02,1.2690677952e-01,2.6002329137e-03
3,1.6241374079e-02,1.2439781350e-01,2.6749874301e-03
4,1.7027045294e-02,1.2180231296e-01,2.7474176509e-03
5,1.7783484136e-02,1.1912405951e-01,2.8173434538e-03
6,1.8511271067e-02,1.1636683475e-01,2.8846112301e-03

Region 9 (7 circles):
Circle_Index,Center_X,Center_Y,Radius
0,1.9210986548e-02,1.1353442031e-01,2.9490893959e-03
1,1.9883211041e-02,1.1063059778e-01,3.0106647404e-03
2,2.0528525006e-02,1.0765914879e-01,3.0692394446e-03
3,2.1147508907e-02,1.0462385495e-01,3.1247286387e-03
4,2.1740743203e-02,1.0152849787e-01,3.1770583938e-03
5,2.2308808356e-02,9.8376859158e-02,3.2261640642e-03
6,2.2852284827e-02,9.5172720430e-02,3.2719889132e-03

Region 10 (7 circles):
Circle_Index,Center_X,Center_Y,Radius
0,2.3371753079e-02,9.1919863299e-02,3.3144829688e-03
1,2.3867793572e-02,8.8622069376e-02,3.3536020683e-03
2,2.4340986768e-02,8.5283120273e-02,3.3893070565e-03
3,2.4791913128e-02,8.1906797603e-02,3.4215631097e-03
4,2.5221153113e-02,7.8496882979e-02,3.4503391651e-03
5,2.5629287185e-02,7.5057158011e-02,3.4756074361e-03
6,2.6016895806e-02,7.1591404313e-02,3.4973429991e-03

Region 11 (7 circles):
Circle_Index,Center_X,Center_Y,Radius
0,2.6384559436e-02,6.8103403497e-02,3.5155234409e-03
1,2.6732858538e-02,6.4596937176e-02,3.5301285562e-03
2,2.7062373572e-02,6.1075786960e-02,3.5411400867e-03
3,2.7373685000e-02,5.7543734463e-02,3.5485414972e-03
4,2.7667373283e-02,5.4004561297e-02,3.5523177802e-03
5,2.7944018883e-02,5.0462049074e-02,3.5524552873e-03
6,2.8204202261e-02,4.6919979407e-02,3.5489415824e-03

Region 12 (7 circles):
Circle_Index,Center_X,Center_Y,Radius
0,2.8448503878e-02,4.3382133907e-02,3.5417653129e-03
1,2.8677504196e-02,3.9852294187e-02,3.5309160976e-03
2,2.8891783677e-02,3.6334241859e-02,3.5163844283e-03
3,2.9091922781e-02,3.2831758536e-02,3.4981615832e-03
4,2.9278501970e-02,2.9348625829e-02,3.4762395508e-03
5,2.9452101706e-02,2.5888625352e-02,3.4506109627e-03
6,2.9613302449e-02,2.2455538715e-02,3.4212690346e-03

Region 13 (7 circles):
Circle_Index,Center_X,Center_Y,Radius
0,2.9762684662e-02,1.9053147532e-02,3.3882075137e-03
1,2.9900828805e-02,1.5685233415e-02,3.3514206331e-03
2,3.0028315340e-02,1.2355577975e-02,3.3109030706e-03
3,3.0145724729e-02,9.0679628262e-03,3.2666499134e-03
4,3.0253637432e-02,5.8261695796e-03,3.2186566267e-03
5,3.0352633912e-02,2.6339798477e-03,3.1669190267e-03
6,3.0443294629e-02,-5.0482475716e-04,3.1114332571e-03

Region 14 (7 circles):
Circle_Index,Center_X,Center_Y,Radius
0,3.0526200045e-02,-3.5864626228e-03,3.0521957695e-03
1,3.0601930622e-02,-6.6071521368e-03,2.9892033079e-03
2,3.0671066820e-02,-9.5631116871e-03,2.9224528959e-03
3,3.0734189102e-02,-1.2450559661e-02,2.8519418290e-03
4,3.0791877928e-02,-1.5265714447e-02,2.7776676701e-03
5,3.0844713760e-02,-1.8004794433e-02,2.6996282509e-03
6,3.0893277059e-02,-2.0664018005e-02,2.6178216789e-03

Region 15 (7 circles):
Circle_Index,Center_X,Center_Y,Radius
0,3.0938148287e-02,-2.3239603553e-02,2.5322463515e-03
1,3.0979907906e-02,-2.5727769463e-02,2.4429009805e-03
2,3.1019136375e-02,-2.8124734123e-02,1.7678481570e-03
3,3.0966025435e-02,-2.9261905211e-02,1.1677491939e-03
4,3.0777963503e-02,-3.0444128419e-02,1.2297490662e-03
5,3.0466084300e-02,-3.1667407381e-02,1.2961687947e-03
6,3.0041521548e-02,-3.2927745732e-02,1.3631185772e-03

Region 16 (7 circles):
Circle_Index,Center_X,Center_Y,Radius
0,2.9515408970e-02,-3.4221147106e-02,1.4277146713e-03
1,2.8898880287e-02,-3.5543615139e-02,1.4878492989e-03
2,2.8203069221e-02,-3.6891153464e-02,1.5419882143e-03
3,2.7439109495e-02,-3.8259765716e-02,1.5890146312e-03
4,2.6618134830e-02,-3.9645455531e-02,1.6281160499e-03
5,2.5751278948e-02,-4.1044226541e-02,1.6587047228e-03
6,2.4849675570e-02,-4.2452082383e-02,1.6803628755e-03

Region 17 (7 circles):
Circle_Index,Center_X,Center_Y,Radius
0,2.3924458420e-02,-4.3865026690e-02,1.6928058270e-03
1,2.2986761219e-02,-4.5279063097e-02,1.6958582303e-03
2,2.2047717689e-02,-4.6690195239e-02,1.6894403643e-03
3,2.1118461551e-02,-4.8094426750e-02,1.6735627626e-03
4,2.0210126528e-02,-4.9487761264e-02,1.6483285948e-03
5,1.9333846342e-02,-5.0866202418e-02,1.6139442910e-03
6,1.8500754714e-02,-5.2225753844e-02,1.5707400861e-03

Region 18 (7 circles):
Circle_Index,Center_X,Center_Y,Radius
0,1.7721985367e-02,-5.3562419177e-02,1.5192036820e-03
1,1.7008672022e-02,-5.4872202053e-02,1.4600323130e-03
2,1.6371948402e-02,-5.6151106105e-02,1.3942114036e-03
3,1.5822948228e-02,-5.7395134968e-02,1.3231317554e-03
4,1.5372805223e-02,-5.8600292277e-02,1.2487608582e-03
5,1.5032653107e-02,-5.9762581666e-02,1.6263418504e-03
6,1.4577701841e-02,-6.1752889339e-02,2.1558291753e-03

Region 19 (7 circles):
Circle_Index,Center_X,Center_Y,Radius
0,1.4134475969e-02,-6.3979213993e-02,2.3766139071e-03
1,1.3702330545e-02,-6.6424534715e-02,2.5819432768e-03
2,1.3280620625e-02,-6.9071830589e-02,2.7713611053e-03
3,1.2868701265e-02,-7.1904080699e-02,2.9445733695e-03
4,1.2465927519e-02,-7.4904264130e-02,3.1013825470e-03
5,1.2071654443e-02,-7.8055359968e-02,3.2416514511e-03
6,1.1685237092e-02,-8.1340347296e-02,3.3652822249e-03

Region 20 (7 circles):
Circle_Index,Center_X,Center_Y,Radius
0,1.1306030521e-02,-8.4742205200e-02,3.4722035938e-03
1,1.0933389786e-02,-8.8243912763e-02,3.5623628434e-03
2,1.0566669941e-02,-9.1828449072e-02,3.6357206198e-03
3,1.0205226043e-02,-9.5478793210e-02,3.6922474833e-03
4,9.8484131456e-03,-9.9177924263e-02,3.7319215902e-03
5,9.4955863048e-03,-1.0290882131e-01,3.7547271305e-03
6,9.1461005758e-03,-1.0665446345e-01,3.7606532943e-03

Region 21 (7 circles):
Circle_Index,Center_X,Center_Y,Radius
0,8.7993110137e-03,-1.1039782975e-01,3.7496936288e-03
1,8.4545726738e-03,-1.1412189931e-01,3.7218457094e-03
2,8.1112406113e-03,-1.1780965120e-01,3.6771110881e-03
3,7.7686698816e-03,-1.2144406452e-01,3.6154955209e-03
4,7.4262155398e-03,-1.2500811835e-01,3.5370095131e-03
5,7.0832326412e-03,-1.2848479176e-01,3.4416692669e-03
6,6.7390762410e-03,-1.3185706386e-01,3.3294981868e-03

Region 22 (7 circles):
Circle_Index,Center_X,Center_Y,Radius
0,6.3931013945e-03,-1.3510791371e-01,3.2005292061e-03
1,6.0446631569e-03,-1.3822032041e-01,3.0548083876e-03
2,5.6931165834e-03,-1.4117726305e-01,2.8924005899e-03
3,5.3378167294e-03,-1.4396172069e-01,2.7133986377e-03
4,4.9781186500e-03,-1.4655667244e-01,2.5179387232e-03
5,4.6133774005e-03,-1.4894509738e-01,2.3062275158e-03
6,4.2429480362e-03,-1.5110997458e-01,2.0785927375e-03

Region 23 (7 circles):
Circle_Index,Center_X,Center_Y,Radius
0,3.8661856122e-03,-1.5303428314e-01,1.8355846390e-03
1,3.4824451838e-03,-1.5470100213e-01,1.5781993534e-03
2,3.0910818064e-03,-1.5609311065e-01,1.3084334917e-03
3,2.6914505350e-03,-1.5719358778e-01,1.0309001306e-03
4,2.2829064249e-03,-1.5798541261e-01,7.5859592581e-04
5,1.8648045315e-03,-1.5845156421e-01,5.3596341479e-04
6,1.4364999099e-03,-1.5857502167e-01,4.7220668159e-04

Region 24 (7 circles):
Circle_Index,Center_X,Center_Y,Radius
0,9.9734761541e-04,-1.5833876408e-01,6.2974362187e-04
1,5.4670270322e-04,-1.5772577053e-01,9.3441960887e-04
2,8.3920228608e-05,-1.5671902009e-01,1.3015988090e-03
3,-3.9164475319e-04,-1.5530149185e-01,2.2122088572e-03
4,-1.2122439701e-03,-1.5248953885e-01,2.9772370008e-03
5,-2.0382634279e-03,-1.4957926114e-01,3.0718990998e-03
6,-2.8691297650e-03,-1.4657341341e-01,3.1638995397e-03

Region 25 (7 circles):
Circle_Index,Center_X,Center_Y,Radius
0,-3.7042696198e-03,-1.4347475037e-01,3.2532224189e-03
1,-4.5431096304e-03,-1.4028602669e-01,3.3398542391e-03
2,-5.3850764353e-03,-1.3700999709e-01,3.4237834850e-03
3,-6.2295966727e-03,-1.3364941625e-01,3.5050002898e-03
4,-7.0760969809e-03,-1.3020703888e-01,3.5834961672e-03
5,-7.9240039982e-03,-1.2668561967e-01,3.6592637947e-03
6,-8.7727443630e-03,-1.2308791331e-01,3.7322968372e-03

Region 26 (7 circles):
Circle_Index,Center_X,Center_Y,Radius
0,-9.6217447135e-03,-1.1941667450e-01,3.8025898035e-03
1,-1.0470431688e-02,-1.1567465794e-01,3.8701379267e-03
2,-1.1318231925e-02,-1.1186461832e-01,3.9349370671e-03
3,-1.2164572063e-02,-1.0798931033e-01,3.9969836299e-03
4,-1.3008878739e-02,-1.0405148869e-01,4.0562744974e-03
5,-1.3850578593e-02,-1.0005390807e-01,4.1128069724e-03
6,-1.4689098263e-02,-9.5999323181e-02,4.1665787299e-03

Region 27 (7 circles):
Circle_Index,Center_X,Center_Y,Radius
0,-1.5523864386e-02,-9.1890488714e-02,4.2175877769e-03
1,-1.6354303602e-02,-8.7730159365e-02,4.2658324190e-03
2,-1.7179842548e-02,-8.3521089830e-02,4.3113112314e-03
3,-1.7999907863e-02,-7.9266034806e-02,4.3540230349e-03
4,-1.8813926185e-02,-7.4967748989e-02,4.3939668760e-03
5,-1.9621324153e-02,-7.0628987073e-02,4.4311420098e-03
6,-2.0421528404e-02,-6.6252503756e-02,4.4655478863e-03

Region 28 (7 circles):
Circle_Index,Center_X,Center_Y,Radius
0,-2.1213965578e-02,-6.1841053733e-02,4.4971841387e-03
1,-2.1998062312e-02,-5.7397391700e-02,4.5260505741e-03
2,-2.2773245244e-02,-5.2924272354e-02,4.5521471667e-03
3,-2.3538941014e-02,-4.8424450390e-02,4.5754740519e-03
4,-2.4294576259e-02,-4.3900680503e-02,4.5960315230e-03
5,-2.5039577617e-02,-3.9355717391e-02,4.6138200283e-03
6,-2.5773371727e-02,-3.4792315750e-02,4.6288401711e-03

Region 29 (7 circles):
Circle_Index,Center_X,Center_Y,Radius
0,-2.6495385228e-02,-3.0213230274e-02,4.6410927099e-03
1,-2.7205044757e-02,-2.5621215660e-02,4.6505785603e-03
2,-2.7901776953e-02,-2.1019026604e-02,4.6572987988e-03
3,-2.8585008454e-02,-1.6409417802e-02,4.6612546671e-03
4,-2.9254165898e-02,-1.1795143951e-02,4.6624475785e-03
5,-2.9908675925e-02,-7.1789597446e-03,4.6608791258e-03
6,-3.0547965171e-02,-2.5636198806e-03,4.6565510900e-03
