Region Metadata for: shape_54.txt
================================================================================

REGION DEFINITION: Circle union (one circle per point)
  Each point gets a circle with radius = average distance to neighbors

Total vertices: 223
Number of regions: 30
Points per region:
  Region 0: 8 points
  Region 1: 8 points
  Region 2: 8 points
  Region 3: 8 points
  Region 4: 8 points
  Region 5: 8 points
  Region 6: 8 points
  Region 7: 8 points
  Region 8: 8 points
  Region 9: 8 points
  Region 10: 8 points
  Region 11: 8 points
  Region 12: 8 points
  Region 13: 7 points
  Region 14: 7 points
  Region 15: 7 points
  Region 16: 7 points
  Region 17: 7 points
  Region 18: 7 points
  Region 19: 7 points
  Region 20: 7 points
  Region 21: 7 points
  Region 22: 7 points
  Region 23: 7 points
  Region 24: 7 points
  Region 25: 7 points
  Region 26: 7 points
  Region 27: 7 points
  Region 28: 7 points
  Region 29: 7 points

REGION SUMMARY:
Region_Index,Num_Points,BBox_Min_X,BBox_Max_X,BBox_Min_Y,BBox_Max_Y,Normal_X,Normal_Y,Tangent_X,Tangent_Y,Fitted_Circle_X,Fitted_Circle_Y,Fitted_Circle_Radius,Local_AoA_Rad,Union_Area,Collection_Area
0,8,-1.0298623224e-01,-8.8947021755e-02,-2.1989491031e-03,8.1891308538e-03,-0.5331172720,-0.8460413550,-0.8460413550,0.5331172720,-3.8223771421e-02,9.4831109356e-02,1.0859665515e-01,-1.00851548e+00,5.37112843e-05,2.69979824e-05
1,8,-1.1561560031e-01,-1.0064730344e-01,5.3909819226e-03,1.8544907172e-02,-0.6408063564,-0.7677025554,-0.7677025554,0.6408063564,-4.5836895167e-02,8.6743227241e-02,9.7586542690e-02,-8.75248171e-01,6.84207083e-05,3.45616092e-05
2,8,-1.2319069897e-01,-1.1305524213e-01,1.6007969767e-02,2.9249268796e-02,-0.8251448527,-0.5649212088,-0.5649212088,0.8251448527,-9.3843215747e-02,3.9895314951e-02,3.0449918162e-02,-6.00337763e-01,4.90079611e-05,2.51793083e-05
3,8,-1.2368759571e-01,-1.1790273623e-01,2.7783908776e-02,4.1812639594e-02,-0.9785079594,0.2062090527,0.2062090527,0.9785079594,-1.0400694895e-01,3.0544311280e-02,1.8312106261e-02,2.07699155e-01,4.39933870e-05,2.28075867e-05
4,8,-1.2112984438e-01,-1.0813797425e-01,3.9587749655e-02,5.8064137249e-02,-0.8555407608,0.5177354601,0.5177354601,0.8555407608,-3.3090139887e-02,-9.8882696675e-04,9.5970804879e-02,5.44201914e-01,8.90462875e-05,4.50166718e-05
5,8,-1.1168860086e-01,-9.4898597918e-02,5.5061051688e-02,7.3830911946e-02,-0.7599417418,0.6499911916,0.6499911916,0.7599417418,-7.1970397113e-05,-2.3847237740e-02,1.3613144771e-01,7.07572846e-01,1.08990096e-04,5.50068450e-05
6,8,-9.8178043121e-02,-8.0803782753e-02,7.0552353489e-02,8.5757970969e-02,-0.6383614196,0.7697367718,0.7697367718,0.6383614196,-3.1781135190e-02,9.1695588504e-03,9.0344137433e-02,8.78428699e-01,9.20340729e-05,4.66743321e-05
7,8,-8.3240674890e-02,-6.7494230361e-02,8.2683334117e-02,9.1206514092e-02,-0.3600776851,0.9329223230,0.9329223230,0.3600776851,-6.4972714840e-02,6.0650690284e-02,2.9009060820e-02,1.20244516e+00,5.71067985e-05,2.93135635e-05
8,8,-6.9475557801e-02,-4.8426694179e-02,8.6592106676e-02,9.2140929640e-02,0.0182001385,0.9998343638,0.9998343638,-0.0182001385,-6.0984315555e-02,3.4198149548e-03,8.6360744011e-02,1.58899747e+00,9.14861669e-05,4.63466873e-05
9,8,-5.1104242670e-02,-2.5706928084e-02,8.2384597997e-02,9.1623619535e-02,0.1778176804,0.9840634494,0.9840634494,-0.1778176804,-7.1356575474e-02,-9.3971775946e-02,1.8433857690e-01,1.74956467e+00,1.35265166e-04,6.81600678e-05
10,8,-2.8776419857e-02,-2.8607153777e-03,7.5726104473e-02,8.7656992450e-02,0.2880392998,0.9576185889,0.9576185889,-0.2880392998,-7.7668626470e-02,-1.2418178550e-01,2.1519199794e-01,1.86297506e+00,1.46742597e-04,7.38808557e-05
11,8,-5.9365889477e-03,1.6639425588e-02,6.7538185079e-02,8.0534949111e-02,0.4059391476,0.9139001086,0.9139001086,-0.4059391476,-5.1881990385e-02,-5.5804709227e-02,1.4210098378e-01,1.98880255e+00,1.20103030e-04,6.05984407e-05
12,8,1.3922183752e-02,3.1111063403e-02,5.7057025147e-02,7.1199596452e-02,0.5990678388,0.8006982730,0.8006982730,-0.5990678388,-8.9942640317e-03,2.2283436280e-02,5.2953677733e-02,2.21313274e+00,8.45036963e-05,4.27963808e-05
13,7,2.7516527070e-02,4.9265053539e-02,3.9458765779e-02,6.0748671716e-02,0.6959655501,0.7180751723,0.7180751723,-0.6959655501,-8.9013714478e-01,-9.0691062644e-01,1.3334832321e+00,2.34055999e+00,1.75993602e-04,8.81894189e-05
14,7,4.4111170775e-02,7.1425735267e-02,1.7093926571e-02,4.4647732277e-02,0.7116188871,0.7025656977,0.7025656977,-0.7116188871,-7.7306749209e-01,-7.8884717112e-01,1.1672163268e+00,2.36259611e+00,2.83346454e-04,1.42323491e-04
15,7,6.5264441219e-02,9.4884397353e-02,-8.0887542861e-03,2.3119710274e-02,0.7336915015,0.6794827302,0.6794827302,-0.7336915015,-5.7081535084e-01,-5.9519004901e-01,8.8719554922e-01,2.39453527e+00,3.47808545e-04,1.74303610e-04
16,7,8.8257314593e-02,1.1693762917e-01,-3.4145839214e-02,-1.8763435286e-03,0.7654712477,0.6434700994,0.6434700994,-0.7654712477,-3.3674762567e-01,-3.8765640435e-01,5.7436103115e-01,2.44256969e+00,3.50875290e-04,1.76289104e-04
17,7,1.1036470894e-01,1.3489673657e-01,-5.9148607096e-02,-2.8375320212e-02,0.8136306047,0.5813821799,0.5813821799,-0.8136306047,-1.2476315122e-01,-2.2120278483e-01,3.0480797214e-01,2.52116621e+00,2.93275643e-04,1.47664528e-04
18,7,1.2884419696e-01,1.4612569338e-01,-8.1221004810e-02,-5.4394765537e-02,0.8903240519,0.4553274454,0.4553274454,-0.8903240519,2.9293500326e-02,-1.2398736574e-01,1.2258136718e-01,2.66885269e+00,1.97025253e-04,9.98922930e-05
19,7,1.4088846563e-01,1.4867922393e-01,-9.8746011432e-02,-7.7887339501e-02,0.9915491833,0.1297313263,0.1297313263,-0.9915491833,1.1149144760e-01,-9.3283934527e-02,3.4694228404e-02,3.01149464e+00,1.03303697e-04,5.34992037e-05
20,7,1.3468638307e-01,1.4770887767e-01,-1.1110019950e-01,-9.6476866174e-02,0.7666351001,-0.6420830346,-0.6420830346,-0.7666351001,1.3052623263e-01,-9.4419423129e-02,1.5604279721e-02,-2.44438036e+00,7.46311720e-05,3.95946795e-05
21,7,1.1475534773e-01,1.3755714818e-01,-1.1609945438e-01,-1.0691147265e-01,0.1928571599,-0.9812268422,-0.9812268422,-0.1928571599,1.1797768169e-01,-6.8605905867e-02,4.4404393448e-02,-1.76486947e+00,1.23509281e-04,6.36317831e-05
22,7,9.0921167324e-02,1.1786995296e-01,-1.1614046668e-01,-1.0598163777e-01,-0.1635187917,-0.9865402195,-0.9865402195,0.1635187917,1.1935164124e-01,-2.3417238849e-02,8.9706064972e-02,-1.40653992e+00,1.70406408e-04,8.67691576e-05
23,7,6.4348748073e-02,9.4781834635e-02,-1.1238012347e-01,-9.5771566158e-02,-0.3582963674,-0.9336079012,-0.9336079012,0.3582963674,1.4694288472e-01,7.0249318035e-02,1.8741693682e-01,-1.20435386e+00,2.35102834e-04,1.18720017e-04
24,7,3.6191883931e-02,6.9017556535e-02,-1.0252721112e-01,-8.1079712512e-02,-0.4636650320,-0.8860105745,-0.8860105745,0.4636650320,2.1937126252e-01,2.2609489441e-01,3.5930894045e-01,-1.08866903e+00,2.94689462e-04,1.48274049e-04
25,7,7.5228308200e-03,4.1477956866e-02,-8.8088152093e-02,-6.3583917009e-02,-0.5227265615,-0.8525004058,-0.8525004058,0.5227265615,3.6708835633e-01,4.8242055236e-01,6.5517512049e-01,-1.02075019e+00,3.33257076e-04,1.67247579e-04
26,7,-2.0616714260e-02,1.3134577369e-02,-7.0640072384e-02,-4.4931460910e-02,-0.5546393122,-0.8320908805,-0.8320908805,0.5546393122,7.2260403983e-01,1.0316198158e+00,1.3094162935e+00,-9.82866895e-01,3.40929288e-04,1.70693716e-04
27,7,-4.7198295598e-02,-1.5014256302e-02,-5.1786881910e-02,-2.6756384184e-02,-0.5668693797,-0.8238076877,-0.8238076877,0.5668693797,4.9340450176e+00,7.1743262729e+00,8.7571859464e+00,-9.68095646e-01,3.14331856e-04,1.57223930e-04
28,7,-7.1201670020e-02,-4.1958210432e-02,-3.3144498647e-02,-1.0684514266e-02,-0.5595279048,-0.8288115128,-0.8288115128,0.5595279048,-7.7415862307e-01,-1.0836821963e+00,-1.2816380414e+00,-9.76980241e-01,2.57794374e-04,1.28692263e-04
29,7,-9.1617538427e-02,-6.6678865549e-02,-1.6336926326e-02,1.6692654861e-03,-0.5230797164,-0.8522837616,-0.8522837616,0.5230797164,-2.6616536298e-01,-3.1076020148e-01,-3.5669996547e-01,-1.02033588e+00,1.80640454e-04,8.98101055e-05

DETAILED CIRCLE DATA:

Region 0 (8 circles):
Circle_Index,Center_X,Center_Y,Radius
0,-9.1164481872e-02,1.8511014277e-05,2.2174601174e-03
1,-9.2342660332e-02,6.7650092344e-04,1.4128103436e-03
2,-9.3618044531e-02,1.4197582104e-03,1.5333076913e-03
3,-9.4978716121e-02,2.2432472392e-03,1.6414134533e-03
4,-9.6412756754e-02,3.1419323735e-03,1.7371321010e-03
5,-9.7908248082e-02,4.1107779773e-03,1.8204903475e-03
6,-9.9453271758e-02,5.1447484145e-03,1.8915331882e-03
7,-1.0103590943e-01,6.2388080490e-03,1.9503228048e-03

Region 1 (8 circles):
Circle_Index,Center_X,Center_Y,Radius
0,-1.0264424276e-01,7.3879212446e-03,1.9969393220e-03
1,-1.0426635339e-01,8.5870523653e-03,2.0314830290e-03
2,-1.0589032297e-01,9.8311657748e-03,2.0540780217e-03
3,-1.0750423316e-01,1.1115225837e-02,2.0648774489e-03
4,-1.0909616561e-01,1.2434196916e-02,2.0640707603e-03
5,-1.1065420197e-01,1.3783043376e-02,2.0518935940e-03
6,-1.1216642389e-01,1.5156729580e-02,2.0286412667e-03
7,-1.1362091303e-01,1.6550219892e-02,1.9946872791e-03

Region 2 (8 circles):
Circle_Index,Center_X,Center_Y,Radius
0,-1.1500575104e-01,1.7958478677e-02,1.9505089104e-03
1,-1.1630901957e-01,1.9376470298e-02,1.8967229256e-03
2,-1.1751880026e-01,2.0799159119e-02,1.8341357841e-03
3,-1.1862317478e-01,2.2221509503e-02,1.7638145967e-03
4,-1.1961022478e-01,2.3638485816e-02,1.6871873593e-03
5,-1.2046803190e-01,2.5045052420e-02,1.6061830333e-03
6,-1.2118467780e-01,2.6436173680e-02,1.5234215640e-03
7,-1.2174824414e-01,2.7806813959e-02,1.4424548373e-03

Region 3 (8 circles):
Circle_Index,Center_X,Center_Y,Radius
0,-1.2214681255e-01,2.9151937621e-02,1.3680288452e-03
1,-1.2236846470e-01,3.0466509030e-02,1.3062657556e-03
2,-1.2240128224e-01,3.1745492551e-02,1.2645497810e-03
3,-1.2223334682e-01,3.2983852547e-02,1.4542488951e-03
4,-1.2182153917e-01,3.4590725566e-02,1.7095239362e-03
5,-1.2129188082e-01,3.6269393208e-02,1.8093480293e-03
6,-1.2064949785e-01,3.8013292251e-02,1.9054068936e-03
7,-1.1989951635e-01,3.9815859472e-02,1.9967801216e-03

Region 4 (8 circles):
Circle_Index,Center_X,Center_Y,Radius
0,-1.1904706239e-01,4.1670531651e-02,2.0827819955e-03
1,-1.1809726205e-01,4.3570745563e-02,2.1628960726e-03
2,-1.1705524141e-01,4.5509937988e-02,2.2367296290e-03
3,-1.1592612654e-01,4.7481545703e-02,2.3039817304e-03
4,-1.1471504354e-01,4.9479005486e-02,2.3644206647e-03
5,-1.1342711848e-01,5.1495754115e-02,2.4178678518e-03
6,-1.1206747743e-01,5.3525228367e-02,2.4641862904e-03
7,-1.1064124648e-01,5.5560865021e-02,2.5032722283e-03

Region 5 (8 circles):
Circle_Index,Center_X,Center_Y,Radius
0,-1.0915355170e-01,5.7596100854e-02,2.5350491657e-03
1,-1.0760951918e-01,5.9624372644e-02,2.5594635862e-03
2,-1.0601427499e-01,6.1639117169e-02,2.5764820056e-03
3,-1.0437294521e-01,6.3633771207e-02,2.5860890635e-03
4,-1.0269065593e-01,6.5601771536e-02,2.5882864838e-03
5,-1.0097253322e-01,6.7536554933e-02,2.5830928051e-03
6,-9.9223703153e-02,6.9431558176e-02,2.5705438425e-03
7,-9.7449291821e-02,7.1280218044e-02,2.5506939024e-03

Region 6 (8 circles):
Circle_Index,Center_X,Center_Y,Radius
0,-9.5654425297e-02,7.3075971313e-02,2.5236178243e-03
1,-9.3844229661e-02,7.4812254763e-02,2.4894139914e-03
2,-9.2023830992e-02,7.6482505170e-02,2.4482085282e-03
3,-9.0198355370e-02,7.8080159312e-02,2.4001610056e-03
4,-8.8372928873e-02,7.9598653968e-02,2.3454721079e-03
5,-8.6552677580e-02,8.1031425915e-02,2.2843939042e-03
6,-8.4742727572e-02,8.2371911932e-02,2.2172436221e-03
7,-8.2948204927e-02,8.3613548795e-02,2.1444221738e-03

Region 7 (8 circles):
Circle_Index,Center_X,Center_Y,Radius
0,-8.1174235724e-02,8.4749773282e-02,2.0664391656e-03
1,-7.9425946042e-02,8.5774022173e-02,1.9839467456e-03
2,-7.7708461962e-02,8.6679732244e-02,1.8977854021e-03
3,-7.6026909561e-02,8.7460340273e-02,1.8090455833e-03
4,-7.4386414919e-02,8.8109283038e-02,1.7191493451e-03
5,-7.2792104115e-02,8.8619997317e-02,1.6299550829e-03
6,-7.1249103229e-02,8.8985919887e-02,1.7246594044e-03
7,-6.9410584116e-02,8.9290160338e-02,1.9163537546e-03

Region 8 (8 circles):
Circle_Index,Center_X,Center_Y,Radius
0,-6.7454936723e-02,8.9520669079e-02,2.0206210776e-03
1,-6.5388958014e-02,8.9679260732e-02,2.1216868666e-03
2,-6.3219444950e-02,8.9767749916e-02,2.2188287169e-03
3,-6.0953194495e-02,8.9787951251e-02,2.3114928420e-03
4,-5.8597003612e-02,8.9741679359e-02,2.3992502815e-03
5,-5.6157669262e-02,8.9630748858e-02,2.4817654743e-03
6,-5.3641988409e-02,8.9456974369e-02,2.5587735583e-03
7,-5.1056758016e-02,8.9222170513e-02,2.6300638364e-03

Region 9 (8 circles):
Circle_Index,Center_X,Center_Y,Radius
0,-4.8408775044e-02,8.8928151909e-02,2.6954676259e-03
1,-4.5704836458e-02,8.8576733178e-02,2.7548492469e-03
2,-4.2951739219e-02,8.8169728940e-02,2.8080992849e-03
3,-4.0156280291e-02,8.7708953815e-02,2.8551295171e-03
4,-3.7325256636e-02,8.7196222423e-02,2.8958690721e-03
5,-3.4465465216e-02,8.6633349385e-02,2.9302615170e-03
6,-3.1583702995e-02,8.6022149320e-02,2.9582626512e-03
7,-2.8686766936e-02,8.5364436849e-02,2.9798388520e-03

Region 10 (8 circles):
Circle_Index,Center_X,Center_Y,Radius
0,-2.5781454000e-02,8.4662026593e-02,2.9949658569e-03
1,-2.2874561151e-02,8.3916733170e-02,3.0036279051e-03
2,-1.9972885352e-02,8.3130371203e-02,3.0058171840e-03
3,-1.7083223565e-02,8.2304755309e-02,3.0015335447e-03
4,-1.4212372753e-02,8.1441700111e-02,2.9907844710e-03
5,-1.1367129878e-02,8.0543020228e-02,2.9735852977e-03
6,-8.5542919036e-03,7.9610530280e-02,2.9499596903e-03
7,-5.7806557924e-03,7.8646044888e-02,2.9199404147e-03

Region 11 (8 circles):
Circle_Index,Center_X,Center_Y,Radius
0,-3.0530185069e-03,7.7651378671e-02,2.8835704408e-03
1,-3.7817701002e-04,7.6628346250e-02,2.8409044501e-03
2,2.2370717356e-03,7.5578762245e-02,2.7920108427e-03
3,4.7859307673e-03,7.4504441276e-02,2.7369743787e-03
4,7.2616031222e-03,7.3407197964e-02,2.6758996425e-03
5,9.6572918377e-03,7.2288846929e-02,2.6089155890e-03
6,1.1966199951e-02,7.1151202790e-02,2.5361815330e-03
7,1.4181530500e-02,6.9996080168e-02,2.4578950887e-03

Region 12 (8 circles):
Circle_Index,Center_X,Center_Y,Radius
0,1.6296486520e-02,6.8825293684e-02,2.3743027684e-03
1,1.8304271051e-02,6.7640657957e-02,2.2857142496e-03
2,2.0198087128e-02,6.6443987607e-02,2.1925217336e-03
3,2.1971137790e-02,6.5237097256e-02,2.0952264169e-03
4,2.3616626073e-02,6.4021801522e-02,1.9944749115e-03
5,2.5127755015e-02,6.2799915027e-02,1.8911095082e-03
6,2.6497727653e-02,6.1573252390e-02,2.2262453227e-03
7,2.8393736824e-02,5.9774351726e-02,2.7173265793e-03

Region 13 (7 circles):
Circle_Index,Center_X,Center_Y,Radius
0,3.0436488165e-02,5.7828710621e-02,2.9199610950e-03
1,3.2618070256e-02,5.5742024833e-02,3.1129531553e-03
2,3.4930571676e-02,5.3519990116e-02,3.2963088899e-03
3,3.7366081004e-02,5.1168302228e-02,3.4700349788e-03
4,3.9916686819e-02,4.8692656923e-02,3.6341386909e-03
5,4.2574477700e-02,4.6098749959e-02,3.7886279333e-03
6,4.5331542227e-02,4.3392277091e-02,3.9335113120e-03

Region 14 (7 circles):
Circle_Index,Center_X,Center_Y,Radius
0,4.8179968977e-02,4.0578934075e-02,4.0687982021e-03
1,5.1111846531e-02,3.7664416668e-02,4.1944988302e-03
2,5.4119263467e-02,3.4654420626e-02,4.3106243680e-03
3,5.7194308364e-02,3.1554641704e-02,4.4171870409e-03
4,6.0329069801e-02,2.8370775659e-02,4.5142002510e-03
5,6.3515636358e-02,2.5108518247e-02,4.6016787202e-03
6,6.6746096613e-02,2.1773565224e-02,4.6796386532e-03

Region 15 (7 circles):
Circle_Index,Center_X,Center_Y,Radius
0,7.0012539146e-02,1.8371612347e-02,4.7480979269e-03
1,7.3307052535e-02,1.4908355370e-02,4.8070763084e-03
2,7.6621725360e-02,1.1389490051e-02,4.8565957088e-03
3,7.9948646200e-02,7.8207121453e-03,4.8966804780e-03
4,8.3279903633e-02,4.2077174092e-03,4.9273577500e-03
5,8.6607586239e-02,5.5620159867e-04,4.9486578470e-03
6,8.9923782597e-02,-3.1281395301e-03,4.9606147560e-03

Region 16 (7 circles):
Circle_Index,Center_X,Center_Y,Radius
0,9.3220581286e-02,-6.8396102210e-03,4.9632666924e-03
1,9.6490070884e-02,-1.0572514718e-02,4.9566567685e-03
2,9.9724339971e-02,-1.4321157265e-02,4.9408337926e-03
3,1.0291547713e-01,-1.8079842106e-02,4.9158532259e-03
4,1.0605557093e-01,-2.1842873484e-02,4.8817783363e-03
5,1.0913670996e-01,-2.5604555644e-02,4.8386815959e-03
6,1.1215098279e-01,-2.9359192830e-02,4.7866463840e-03

Region 17 (7 circles):
Circle_Index,Center_X,Center_Y,Radius
0,1.1509047801e-01,-3.3101089285e-02,4.7257690727e-03
1,1.1794728419e-01,-3.6824549253e-02,4.6561615991e-03
2,1.2071348991e-01,-4.0523876979e-02,4.5779546551e-03
3,1.2338118376e-01,-4.4193376706e-02,4.4913016713e-03
4,1.2594245430e-01,-4.7827352678e-02,4.3963838246e-03
5,1.2838939013e-01,-5.1420109138e-02,4.2934163782e-03
6,1.3071407981e-01,-5.4965950332e-02,4.1826567646e-03

Region 18 (7 circles):
Circle_Index,Center_X,Center_Y,Radius
0,1.3290861193e-01,-5.8459180502e-02,4.0644149647e-03
1,1.3496507507e-01,-6.1894103893e-02,3.9390669301e-03
2,1.3687555780e-01,-6.5265024748e-02,3.8070720578e-03
3,1.3863214871e-01,-6.8566247312e-02,3.6689960781e-03
4,1.4022693637e-01,-7.1792075828e-02,3.5255411826e-03
5,1.4165200936e-01,-7.4936814541e-02,3.3775858017e-03
6,1.4289945626e-01,-7.7994767693e-02,3.2262371167e-03

Region 19 (7 circles):
Circle_Index,Center_X,Center_Y,Radius
0,1.4396136566e-01,-8.0960239530e-02,3.0729000291e-03
1,1.4482982613e-01,-8.3827534294e-02,2.9193665373e-03
2,1.4549692624e-01,-8.6590956230e-02,2.7679284363e-03
3,1.4595475458e-01,-8.9244809582e-02,2.6215121542e-03
4,1.4619539973e-01,-9.1783398594e-02,2.4838241941e-03
5,1.4621095027e-01,-9.4201027509e-02,2.3594745558e-03
6,1.4599349477e-01,-9.6492000571e-02,2.2540108613e-03

Region 20 (7 circles):
Circle_Index,Center_X,Center_Y,Radius
0,1.4553512182e-01,-9.8650622025e-02,2.1737558504e-03
1,1.4482791998e-01,-1.0067119611e-01,2.1253301887e-03
2,1.4386397786e-01,-1.0254802708e-01,2.1148234812e-03
3,1.4263538401e-01,-1.0427541917e-01,2.1467802029e-03
4,1.4113422702e-01,-1.0584767663e-01,2.2233857486e-03
5,1.3935259547e-01,-1.0725910370e-01,2.3442403703e-03
6,1.3728257794e-01,-1.0850400462e-01,2.5961948741e-03

Region 21 (7 circles):
Circle_Index,Center_X,Center_Y,Radius
0,1.3477393793e-01,-1.0969468290e-01,2.7832102494e-03
1,1.3217023835e-01,-1.1069586126e-01,2.8031278555e-03
2,1.2947444931e-01,-1.1151227534e-01,2.8366980905e-03
3,1.2668954090e-01,-1.1214866078e-01,2.8822709344e-03
4,1.2381848321e-01,-1.1260975323e-01,2.9381683100e-03
5,1.2086424633e-01,-1.1290028834e-01,3.0027482875e-03
6,1.1782980036e-01,-1.1302500175e-01,3.0744526233e-03

Region 22 (7 circles):
Circle_Index,Center_X,Center_Y,Radius
0,1.1471811539e-01,-1.1298862911e-01,3.1518375739e-03
1,1.1153216151e-01,-1.1279590606e-01,3.2335902098e-03
2,1.0827490882e-01,-1.1245156824e-01,3.3185334760e-03
3,1.0494932742e-01,-1.1196035131e-01,3.4056233385e-03
4,1.0155838739e-01,-1.1132699091e-01,3.4939409132e-03
5,9.8105058821e-02,-1.1055622268e-01,3.5826818376e-03
6,9.4592311819e-02,-1.0965278226e-01,3.6711444954e-03

Region 23 (7 circles):
Circle_Index,Center_X,Center_Y,Radius
0,9.1023116472e-02,-1.0862140531e-01,3.7587181629e-03
1,8.7400442873e-02,-1.0746682747e-01,3.8448717253e-03
2,8.3727261117e-02,-1.0619378438e-01,3.9291433135e-03
3,8.0006541296e-02,-1.0480701169e-01,4.0111310149e-03
4,7.6241253504e-02,-1.0331124504e-01,4.0904846830e-03
5,7.2434367834e-02,-1.0171122009e-01,4.1668988000e-03
6,6.8588854380e-02,-1.0001167247e-01,4.2401063070e-03

Region 24 (7 circles):
Circle_Index,Center_X,Center_Y,Radius
0,6.4707683235e-02,-9.8217337823e-02,4.3098732996e-03
1,6.0793824493e-02,-9.6332951805e-02,4.3759944840e-03
2,5.6850248247e-02,-9.4363250058e-02,4.4382892925e-03
3,5.2879924591e-02,-9.2312968226e-02,4.4965985676e-03
4,4.8885823618e-02,-9.0186841955e-02,4.5507817312e-03
5,4.4870915421e-02,-8.7989606890e-02,4.6007143685e-03
6,4.0838170094e-02,-8.5725998675e-02,4.6462861635e-03

Region 25 (7 circles):
Circle_Index,Center_X,Center_Y,Radius
0,3.6790557731e-02,-8.3400752958e-02,4.6873991351e-03
1,3.2731048425e-02,-8.1018605381e-02,4.7239661264e-03
2,2.8662612269e-02,-7.8584291592e-02,4.7559095116e-03
3,2.4588219357e-02,-7.6102547235e-02,4.7831600868e-03
4,2.0510839782e-02,-7.3578107954e-02,4.8056561191e-03
5,1.6433443638e-02,-7.1015709397e-02,4.8233425306e-03
6,1.2359001018e-02,-6.8420087207e-02,4.8361701979e-03

Region 26 (7 circles):
Circle_Index,Center_X,Center_Y,Radius
0,8.2904820156e-03,-6.5795977030e-02,4.8440953536e-03
1,4.2308567243e-03,-6.3148114512e-02,4.8470790739e-03
2,1.8309523759e-04,-6.0481235296e-02,4.8450868434e-03
3,-3.8498323512e-03,-5.7800075030e-02,4.8380881874e-03
4,-7.8649559485e-03,-5.5109369357e-02,4.8260563651e-03
5,-1.1859305461e-02,-5.2413853924e-02,4.8089681173e-03
6,-1.5829910795e-02,-4.9718264375e-02,4.7868034650e-03

Region 27 (7 circles):
Circle_Index,Center_X,Center_Y,Radius
0,-1.9773801857e-02,-4.7027336355e-02,4.7595455553e-03
1,-2.3688008554e-02,-4.4345805510e-02,4.7271805539e-03
2,-2.7569560793e-02,-4.1678407486e-02,4.6896975820e-03
3,-3.1415488479e-02,-3.9029877927e-02,4.6470886998e-03
4,-3.5222821519e-02,-3.6404952478e-02,4.5993489379e-03
5,-3.8988589821e-02,-3.3808366785e-02,4.5464763810e-03
6,-4.2709823290e-02,-3.1244856492e-02,4.4884723085e-03

Region 28 (7 circles):
Circle_Index,Center_X,Center_Y,Radius
0,-4.6383551833e-02,-2.8719157247e-02,4.4253414007e-03
1,-5.0006805356e-02,-2.6236004692e-02,4.3570920212e-03
2,-5.3576613767e-02,-2.3800134474e-02,4.2837365889e-03
3,-5.7090006971e-02,-2.1416282239e-02,4.2052920592e-03
4,-6.0544014876e-02,-1.9089183630e-02,4.1217805390e-03
5,-6.3935667387e-02,-1.6823574293e-02,4.0332300679e-03
6,-6.7261994411e-02,-1.4624189875e-02,3.9396756089e-03

Region 29 (7 circles):
Circle_Index,Center_X,Center_Y,Radius
0,-7.0520025856e-02,-1.2495766019e-02,3.8411603072e-03
1,-7.3706791627e-02,-1.0443038371e-02,3.7377370931e-03
2,-7.6819321630e-02,-8.4707425762e-03,3.6294707361e-03
3,-7.9854645774e-02,-6.5836142802e-03,3.5164404914e-03
4,-8.2809793963e-02,-4.7863891278e-03,3.3987435379e-03
5,-8.5681796105e-02,-3.0838027645e-03,3.2764994828e-03
6,-8.8467682106e-02,-1.4805908354e-03,3.1498563215e-03
