Region Metadata for: shape_60.txt
================================================================================

REGION DEFINITION: Circle union (one circle per point)
  Each point gets a circle with radius = average distance to neighbors

Total vertices: 234
Number of regions: 30
Points per region:
  Region 0: 8 points
  Region 1: 8 points
  Region 2: 8 points
  Region 3: 8 points
  Region 4: 8 points
  Region 5: 8 points
  Region 6: 8 points
  Region 7: 8 points
  Region 8: 8 points
  Region 9: 8 points
  Region 10: 8 points
  Region 11: 8 points
  Region 12: 8 points
  Region 13: 8 points
  Region 14: 8 points
  Region 15: 8 points
  Region 16: 8 points
  Region 17: 8 points
  Region 18: 8 points
  Region 19: 8 points
  Region 20: 8 points
  Region 21: 8 points
  Region 22: 8 points
  Region 23: 8 points
  Region 24: 7 points
  Region 25: 7 points
  Region 26: 7 points
  Region 27: 7 points
  Region 28: 7 points
  Region 29: 7 points

REGION SUMMARY:
Region_Index,Num_Points,BBox_Min_X,BBox_Max_X,BBox_Min_Y,BBox_Max_Y,Normal_X,Normal_Y,Tangent_X,Tangent_Y,Fitted_Circle_X,Fitted_Circle_Y,Fitted_Circle_Radius,Local_AoA_Rad,Union_Area,Collection_Area
0,8,-8.3617971377e-02,-5.6990785166e-02,-3.5309479072e-03,2.6782987754e-02,-0.7682207696,-0.6401850117,-0.6401850117,0.7682207696,4.6372795298e-01,4.5690338591e-01,6.9546803030e-01,-6.94739073e-01,2.79372888e-04,1.40151377e-04
1,8,-1.0199535962e-01,-7.8028050997e-02,2.1861718806e-02,5.1732023322e-02,-0.8066678938,-0.5910049993,-0.5910049993,0.8066678938,2.2393925643e-01,2.6724655363e-01,3.8972235851e-01,-6.32304138e-01,2.52607696e-04,1.26973941e-04
2,8,-1.1572380219e-01,-9.6608821480e-02,4.7383000458e-02,7.5348824437e-02,-0.8652946042,-0.5012636511,-0.5012636511,0.8652946042,6.4175898358e-02,1.6060513378e-01,1.9760143401e-01,-5.25058530e-01,1.99902094e-04,1.00797800e-04
3,8,-1.2292575177e-01,-1.1071282600e-01,7.1848741780e-02,9.6591959115e-02,-0.9466589601,-0.3222372003,-0.3222372003,0.9466589601,-3.6756177073e-02,1.1202273682e-01,8.5517895941e-02,-3.28091799e-01,1.37149418e-04,6.96770874e-05
4,8,-1.2286843595e-01,-1.1402374830e-01,9.4410316843e-02,1.0759824179e-01,-0.8832499948,0.4689023850,0.4689023850,0.8832499948,-1.1192789484e-01,9.7679596700e-02,8.9420916886e-03,4.88047667e-01,4.76594280e-05,2.55009760e-05
5,8,-1.1614719613e-01,-9.4785583986e-02,1.0472309458e-01,1.1334578047e-01,-0.2236706631,0.9746647806,0.9746647806,0.2236706631,-9.5179156418e-02,6.0594435283e-02,4.9903098094e-02,1.34521740e+00,9.94738560e-05,5.08936693e-05
6,8,-9.7712981499e-02,-6.8799641699e-02,1.0684913791e-01,1.1409995194e-01,0.0201140421,0.9997976922,0.9997976922,-0.0201140421,-8.6886893521e-02,-5.2289949251e-02,1.6317625628e-01,1.59091173e+00,1.71332161e-04,8.65348506e-05
7,8,-7.2199943740e-02,-4.2667833989e-02,1.0328975003e-01,1.1331902852e-01,0.1499006654,0.9887010623,0.9887010623,-0.1499006654,-9.0909086211e-02,-1.1359821005e-01,2.2461113780e-01,1.72126413e+00,1.81512108e-04,9.14147709e-05
8,8,-4.5841372841e-02,-2.2792163052e-02,9.8324423200e-02,1.0884869186e-01,0.2850203042,0.9585214793,0.9585214793,-0.2850203042,-6.6674335762e-02,-7.9768775158e-03,1.1622831687e-01,1.85982394e+00,1.17756130e-04,5.95417534e-05
9,8,-2.5034707345e-02,-5.8135242490e-03,8.8170533211e-02,1.0164287318e-01,0.5163466891,0.8563796452,0.8563796452,-0.5163466891,-7.3268308514e-02,4.4584438978e-04,1.1121900136e-01,2.11337577e+00,9.75864150e-05,4.92883282e-05
10,8,-9.1190688077e-03,1.3708163099e-02,7.2805799530e-02,9.2142593410e-02,0.6207065267,0.7840429885,0.7840429885,-0.6207065267,-1.5561903633e-01,-1.1634980172e-01,2.5416316521e-01,2.24043984e+00,1.54244730e-04,7.74966770e-05
11,8,9.6495475760e-03,3.3730580726e-02,5.4254619282e-02,7.7195182042e-02,0.6826643033,0.7307321322,0.7307321322,-0.6826643033,-2.3517302975e-01,-2.0897523560e-01,3.7627485235e-01,2.32219885e+00,1.89709724e-04,9.52747105e-05
12,8,2.9251325167e-02,5.2588427203e-02,3.4182917718e-02,5.8728971155e-02,0.7316823379,0.6816457704,0.6816457704,-0.7316823379,-2.4930150681e-01,-2.2401501149e-01,3.9690088620e-01,2.39158307e+00,1.96651536e-04,9.89306806e-05
13,8,4.8033651270e-02,6.8626641005e-02,1.4246380191e-02,3.8397197271e-02,0.7812164312,0.6242602723,0.6242602723,-0.7812164312,-1.7747704175e-01,-1.6249761091e-01,3.0232556654e-01,2.46740837e+00,1.73272395e-04,8.71971941e-05
14,8,6.4333947716e-02,8.0205021044e-02,-3.9141683837e-03,1.7863062384e-02,0.8432787681,0.5374764361,0.5374764361,-0.8432787681,-6.3925009919e-02,-8.0431838941e-02,1.6219770891e-01,2.57415097e+00,1.26295246e-04,6.37338081e-05
15,8,7.6472757567e-02,8.6651579097e-02,-2.0058157953e-02,-1.1933527431e-03,0.9329977240,0.3598822683,0.3598822683,-0.9329977240,2.2493165125e-02,-3.3468053349e-02,6.3796639004e-02,2.77345095e+00,8.11344542e-05,4.11202490e-05
16,8,8.2466771358e-02,9.1039672972e-02,-4.1906864777e-02,-1.7604486019e-02,0.9863468527,0.1646811650,0.1646811650,-0.9863468527,-6.7041882211e-02,-5.4989431138e-02,1.5591916788e-01,2.97615790e+00,1.23965098e-04,6.25192380e-05
17,8,8.5320480712e-02,9.2572071333e-02,-6.7277898276e-02,-3.8880289455e-02,0.9990273480,0.0440948740,0.0440948740,-0.9990273480,-1.3522112744e-01,-6.2857011299e-02,2.2456009326e-01,3.09748348e+00,1.65068457e-04,8.31388325e-05
18,8,8.4512804367e-02,9.2534433485e-02,-9.2606633199e-02,-6.4042124745e-02,0.9971045725,-0.0760425643,-0.0760425643,-0.9971045725,-9.8986138910e-02,-6.4186961329e-02,1.8830303966e-01,-3.06547661e+00,1.67535370e-04,8.44532537e-05
19,8,7.9679280689e-02,9.0185002685e-02,-1.1438105526e-01,-8.9508776532e-02,0.9694631853,-0.2452368901,-0.2452368901,-0.9694631853,-1.3645875608e-02,-7.7438105190e-02,1.0190182093e-01,-2.89382862e+00,1.33317986e-04,6.75411460e-05
20,8,7.0798622049e-02,8.3852898004e-02,-1.2926505369e-01,-1.1164085418e-01,0.8380044754,-0.5456633570,-0.5456633570,-0.8380044754,4.5883938887e-02,-1.0059340488e-01,3.7926117028e-02,-2.56441215e+00,8.44416389e-05,4.34043055e-05
21,8,5.8435637485e-02,7.3105052157e-02,-1.3223051866e-01,-1.2673392718e-01,0.1081491570,-0.9941346789,-0.9941346789,-0.1081491570,6.4842204353e-02,-1.1943946766e-01,1.1200832429e-02,-1.67915742e+00,4.76540269e-05,2.53299898e-05
22,8,4.2289580444e-02,6.0495213090e-02,-1.3102062535e-01,-1.1689715283e-01,-0.5723732126,-0.8199932350,-0.8199932350,0.5723732126,8.2618905035e-02,-8.0515376933e-02,5.4220941568e-02,-9.61399199e-01,9.32197613e-05,4.76116465e-05
23,8,2.5859755009e-02,4.5761714918e-02,-1.2051927395e-01,-9.9561641314e-02,-0.7321786171,-0.6811126725,-0.6811126725,0.7321786171,1.7863367130e-01,2.2302542929e-02,1.9498070683e-01,-7.49281236e-01,1.43628518e-04,7.24349009e-05
24,7,1.3173476628e-02,2.9978235855e-02,-1.0330794396e-01,-8.3756606558e-02,-0.7807663699,-0.6248230755,-0.6248230755,0.7807663699,4.3844672410e-01,2.4010674295e-01,5.3403761200e-01,-6.74904909e-01,1.25450382e-04,6.29302096e-05
25,7,3.6674816036e-03,1.6948992791e-02,-8.7050553151e-02,-7.1339123607e-02,-0.7881463765,-0.6154878465,-0.6154878465,0.7881463765,-6.6940894684e-01,-6.0866644682e-01,-8.6156515279e-01,-6.63004797e-01,8.09111327e-05,4.03988077e-05
26,7,-8.7488504298e-03,6.2051821611e-03,-7.3610199237e-02,-5.7246858111e-02,-0.7513374371,-0.6599182189,-0.6599182189,0.7513374371,-3.1547889853e-01,-3.4292741132e-01,-4.1933079208e-01,-7.20709908e-01,9.72605782e-05,4.84736824e-05
27,7,-2.5040734054e-02,-4.6942845606e-03,-6.1093779208e-02,-3.9590585463e-02,-0.7352291158,-0.6778186685,-0.6778186685,0.7352291158,-1.7764900644e+00,-1.6754150485e+00,-2.3967361339e+00,-7.44791689e-01,1.65100149e-04,8.24485715e-05
28,7,-4.3410902601e-02,-2.0262751394e-02,-4.4175389791e-02,-1.9717236416e-02,-0.7351108561,-0.6779469221,-0.6779469221,0.7351108561,2.3067064104e+00,2.1248847781e+00,3.1813173988e+00,-7.44966143e-01,2.13148306e-04,1.06592270e-04
29,7,-6.2534622140e-02,-3.8137484505e-02,-2.4731923769e-02,1.6085870592e-03,-0.7457547028,-0.6662206265,-0.6662206265,0.7457547028,8.6336947139e-01,8.0473556804e-01,1.2252900608e+00,-7.29129391e-01,2.42072165e-04,1.21257148e-04

DETAILED CIRCLE DATA:

Region 0 (8 circles):
Circle_Index,Center_X,Center_Y,Radius
0,-6.1120889200e-02,5.9915612642e-04,4.1301040336e-03
1,-6.3819178639e-02,3.7290756184e-03,4.1327402028e-03
2,-6.6502287378e-02,6.8727754937e-03,4.1312666902e-03
3,-6.9166349561e-02,1.0028022935e-02,4.1257066561e-03
4,-7.1807499332e-02,1.3192585123e-02,4.1160856969e-03
5,-7.4421870835e-02,1.6364229241e-02,4.1024321158e-03
6,-7.7005598216e-02,1.9540722471e-02,4.0847772357e-03
7,-7.9554815618e-02,2.2719831994e-02,4.0631557597e-03

Region 1 (8 circles):
Circle_Index,Center_X,Center_Y,Radius
0,-8.2065657185e-02,2.5899324994e-02,4.0376061877e-03
1,-8.4534257062e-02,2.9076968651e-02,4.0081712985e-03
2,-8.6956749393e-02,3.2250530149e-02,3.9748987082e-03
3,-8.9329268322e-02,3.5417776668e-02,3.9378415186e-03
4,-9.1647947994e-02,3.8576475392e-02,3.8970590708e-03
5,-9.3908922553e-02,4.1724393503e-02,3.8526178249e-03
6,-9.6108326143e-02,4.4859298181e-02,3.8045923868e-03
7,-9.8242292909e-02,4.7978956611e-02,3.7530667115e-03

Region 2 (8 circles):
Circle_Index,Center_X,Center_Y,Radius
0,-1.0030695699e-01,5.1081135972e-02,3.6981355145e-03
1,-1.0229845254e-01,5.4163603449e-02,3.6399059336e-03
2,-1.0421291370e-01,5.7224126222e-02,3.5784994854e-03
3,-1.0604647461e-01,6.0260471474e-02,3.5140543777e-03
4,-1.0779526942e-01,6.3270406387e-02,3.4467282418e-03
5,-1.0945543227e-01,6.6251698143e-02,3.3767013670e-03
6,-1.1102309731e-01,6.9202113925e-02,3.3041805297e-03
7,-1.1249439867e-01,7.2119420913e-02,3.2294035235e-03

Region 3 (8 circles):
Circle_Index,Center_X,Center_Y,Radius
0,-1.1386547051e-01,7.5001386291e-02,3.1526445104e-03
1,-1.1513244697e-01,7.7845777240e-02,3.0742203202e-03
2,-1.1629146219e-01,8.0650360942e-02,2.9944978262e-03
3,-1.1733865032e-01,8.3412904581e-02,2.9139025104e-03
4,-1.1827014550e-01,8.6131175336e-02,2.8329282861e-03
5,-1.1908208187e-01,8.8802940392e-02,2.7521485578e-03
6,-1.1977059359e-01,9.1425966929e-02,2.6722283393e-03
7,-1.2033181479e-01,9.3998022130e-02,2.5939369849e-03

Region 4 (8 circles):
Circle_Index,Center_X,Center_Y,Radius
0,-1.2076187961e-01,9.6516873177e-02,2.1065563340e-03
1,-1.2086315381e-01,9.8171587962e-02,1.6043294895e-03
2,-1.2067580885e-01,9.9711078514e-02,1.5256053342e-03
3,-1.2021233035e-01,1.0113805995e-01,1.5024605098e-03
4,-1.1948520391e-01,1.0245524740e-01,1.5303234230e-03
5,-1.1850691516e-01,1.0366535596e-01,1.6001872916e-03
6,-1.1728994970e-01,1.0477110077e-01,1.7011922012e-03
7,-1.1584679315e-01,1.0577519694e-01,1.8230448475e-03

Region 5 (8 circles):
Circle_Index,Center_X,Center_Y,Radius
0,-1.1418993113e-01,1.0668035958e-01,1.9572650031e-03
1,-1.1233184924e-01,1.0748930382e-01,2.0973948104e-03
2,-1.1028503309e-01,1.0820474477e-01,2.2387041844e-03
3,-1.0806196832e-01,1.0882939755e-01,2.3777778850e-03
4,-1.0567514051e-01,1.0936597728e-01,2.5121502071e-03
5,-1.0313703530e-01,1.0981719908e-01,2.6400272886e-03
6,-1.0046013829e-01,1.1018577807e-01,2.7600889931e-03
7,-9.7656935099e-02,1.1047442936e-01,2.8713511134e-03

Region 6 (8 circles):
Circle_Index,Center_X,Center_Y,Radius
0,-9.4739911336e-02,1.1068586806e-01,2.9730701631e-03
1,-9.1721552615e-02,1.1082280931e-01,3.0646773930e-03
2,-8.8614344551e-02,1.1088796822e-01,3.1457326909e-03
3,-8.5430772756e-02,1.1088405990e-01,3.2158920389e-03
4,-8.2183322845e-02,1.1081379948e-01,3.2748842880e-03
5,-7.8884480430e-02,1.1067990207e-01,3.3224944062e-03
6,-7.5546731126e-02,1.1048508279e-01,3.3585512909e-03
7,-7.2182560544e-02,1.1023205675e-01,3.3829188456e-03

Region 7 (8 circles):
Circle_Index,Center_X,Center_Y,Radius
0,-6.8804454300e-02,1.0992353908e-01,3.3954894406e-03
1,-6.5424898006e-02,1.0956224490e-01,3.3961791530e-03
2,-6.2056377275e-02,1.0915088932e-01,3.3849243803e-03
3,-5.8711377721e-02,1.0869218746e-01,3.3616795576e-03
4,-5.5402384958e-02,1.0818885444e-01,3.3264158208e-03
5,-5.2141884598e-02,1.0764360537e-01,3.2791205419e-03
6,-4.8942362256e-02,1.0705915538e-01,3.2197977516e-03
7,-4.5816303544e-02,1.0643821958e-01,3.1484695549e-03

Region 8 (8 circles):
Circle_Index,Center_X,Center_Y,Radius
0,-4.2776194076e-02,1.0578351309e-01,3.0651787657e-03
1,-3.9834519465e-02,1.0509775104e-01,2.9699931508e-03
2,-3.7003765325e-02,1.0438364852e-01,2.8630119318e-03
3,-3.4296417269e-02,1.0364392068e-01,2.7443756009e-03
4,-3.1724960910e-02,1.0288128261e-01,2.6142807946e-03
5,-2.9301881863e-02,1.0209844945e-01,2.4730031655e-03
6,-2.7039665740e-02,1.0129813631e-01,2.3209333438e-03
7,-2.4950798154e-02,1.0048305830e-01,2.1586351024e-03

Region 9 (8 circles):
Circle_Index,Center_X,Center_Y,Radius
0,-2.3047764719e-02,9.9655930552e-02,1.9869426255e-03
1,-2.1343051049e-02,9.8819468175e-02,2.0893222494e-03
2,-1.9338603096e-02,9.7733398524e-02,2.3268241481e-03
3,-1.7280025462e-02,9.6551219035e-02,2.4193758576e-03
4,-1.5170556788e-02,9.5276169570e-02,2.5087135432e-03
5,-1.3013435717e-02,9.3911489987e-02,2.5946423417e-03
6,-1.0811900890e-02,9.2460420147e-02,2.6770034952e-03
7,-8.5691909474e-03,9.0926199909e-02,2.7556666984e-03

Region 10 (8 circles):
Circle_Index,Center_X,Center_Y,Radius
0,-6.2885445316e-03,8.9312069133e-02,2.8305242761e-03
1,-3.9732002840e-03,8.7621267680e-02,2.9014867139e-03
2,-1.6263968459e-03,8.5857035409e-02,2.9684792004e-03
3,7.4862714111e-04,8.4022612180e-02,3.0314389304e-03
4,3.1486330356e-03,8.2121237852e-02,3.0903129856e-03
5,5.5703821961e-03,8.0156152287e-02,3.1450566588e-03
6,8.0106359811e-03,7.8130595343e-02,3.1956321201e-03
7,1.0466155749e-02,7.6047806880e-02,3.2420073502e-03

Region 11 (8 circles):
Circle_Index,Center_X,Center_Y,Radius
0,1.2933702859e-02,7.3911026759e-02,3.2841552828e-03
1,1.5410038669e-02,7.1723494839e-02,3.3220531149e-03
2,1.7891924537e-02,6.9488450981e-02,3.3556817496e-03
3,2.0376121822e-02,6.7209135043e-02,3.3850253477e-03
4,2.2859391883e-02,6.4888786886e-02,3.4100709675e-03
5,2.5338496079e-02,6.2530646371e-02,3.4308082787e-03
6,2.7810195767e-02,6.0137953356e-02,3.4472293384e-03
7,3.0271252306e-02,5.7713947701e-02,3.4593284196e-03

Region 12 (8 circles):
Circle_Index,Center_X,Center_Y,Radius
0,3.2718427055e-02,5.5261869267e-02,3.4671018878e-03
1,3.5148481372e-02,5.2784957914e-02,3.4705481188e-03
2,3.7558176617e-02,5.0286453500e-02,3.4696674557e-03
3,3.9944274146e-02,4.7769595887e-02,3.4644622037e-03
4,4.2303535319e-02,4.5237624934e-02,3.4549366616e-03
5,4.4632721495e-02,4.2693780501e-02,3.4410971903e-03
6,4.6928594032e-02,4.0141302447e-02,3.4229523226e-03
7,4.9187914288e-02,3.7583430634e-02,3.4005129156e-03

Region 13 (8 circles):
Circle_Index,Center_X,Center_Y,Radius
0,5.1407443622e-02,3.5023404919e-02,3.3737923516e-03
1,5.3583943392e-02,3.2464465165e-02,3.3428067954e-03
2,5.5714174957e-02,2.9909851229e-02,3.3075755158e-03
3,5.7794899676e-02,2.7362802973e-02,3.2681212843e-03
4,5.9822878907e-02,2.4826560256e-02,3.2244708666e-03
5,6.1794874009e-02,2.2304362938e-02,3.1766556265e-03
6,6.3707646340e-02,1.9799450879e-02,3.1247122675e-03
7,6.5557957258e-02,1.7315063939e-02,3.0686837476e-03

Region 14 (8 circles):
Circle_Index,Center_X,Center_Y,Radius
0,6.7342568122e-02,1.4854441977e-02,3.0086204066e-03
1,6.9058240291e-02,1.2420824854e-02,2.9445813665e-03
2,7.0701735124e-02,1.0017452430e-02,2.8766362744e-03
3,7.2269813978e-02,7.6475645633e-03,2.8048674874e-03
4,7.3759238212e-02,5.3144011152e-03,2.7293728268e-03
5,7.5166769185e-02,3.0212019452e-03,2.6502690727e-03
6,7.6489168255e-02,7.7120691318e-04,2.5676964281e-03
7,7.7723196781e-02,-1.4323441210e-03,2.4818242627e-03

Region 15 (8 circles):
Circle_Index,Center_X,Center_Y,Radius
0,7.8865616122e-02,-3.5862112974e-03,2.3928585543e-03
1,7.9913187635e-02,-5.6871547562e-03,2.3010515961e-03
2,8.0862672680e-02,-7.7319346374e-03,2.2067147401e-03
3,8.1710832614e-02,-9.7173110812e-03,2.0448124779e-03
4,8.2403384182e-02,-1.1519490724e-02,1.9910834652e-03
5,8.3069817015e-02,-1.3459726512e-02,2.1096020561e-03
6,8.3709023237e-02,-1.5531045271e-02,2.2232681285e-03
7,8.4319894971e-02,-1.7726473827e-02,2.3316841262e-03

Region 16 (8 circles):
Circle_Index,Center_X,Center_Y,Radius
0,8.4901324343e-02,-2.0039039004e-02,2.4345529846e-03
1,8.5452203475e-02,-2.2461767629e-02,2.5316501760e-03
2,8.5971424493e-02,-2.4987686526e-02,2.6228045647e-03
3,8.6457879519e-02,-2.7609822523e-02,2.7078850802e-03
4,8.6910460679e-02,-3.0321202443e-02,2.7867913003e-03
5,8.7328060097e-02,-3.3114853113e-02,2.8594467154e-03
6,8.7709569896e-02,-3.5983801359e-02,2.9257938595e-03
7,8.8053882200e-02,-3.8921074005e-02,2.9857907722e-03

Region 17 (8 circles):
Circle_Index,Center_X,Center_Y,Radius
0,8.8359889134e-02,-4.1919697877e-02,3.0394084222e-03
1,8.8626482822e-02,-4.4972699801e-02,3.0866288460e-03
2,8.8852555387e-02,-4.8073106603e-02,3.1274438265e-03
3,8.9036998954e-02,-5.1213945108e-02,3.1618539959e-03
4,8.9178705647e-02,-5.4388242141e-02,3.1898682799e-03
5,8.9276567591e-02,-5.7589024528e-02,3.2115036293e-03
6,8.9329476908e-02,-6.0809319095e-02,3.2267850066e-03
7,8.9336325723e-02,-6.4042152667e-02,3.2357456091e-03

Region 18 (8 circles):
Circle_Index,Center_X,Center_Y,Radius
0,8.9296006161e-02,-6.7280552069e-02,3.2384273241e-03
1,8.9207410345e-02,-7.0517544128e-02,3.2348814254e-03
2,8.9069430400e-02,-7.3746155669e-02,3.2251695290e-03
3,8.8880958449e-02,-7.6959413517e-02,3.2093648419e-03
4,8.8640886617e-02,-8.0150344498e-02,3.1875537486e-03
5,8.8348107027e-02,-8.3311975438e-02,3.1598377964e-03
6,8.8001511804e-02,-8.6437333161e-02,3.1263361624e-03
7,8.7599993072e-02,-8.9519444494e-02,3.0871887044e-03

Region 19 (8 circles):
Circle_Index,Center_X,Center_Y,Radius
0,8.7142442955e-02,-9.2551336262e-02,3.0425597305e-03
1,8.6627753577e-02,-9.5526035291e-02,2.9926426569e-03
2,8.6054817062e-02,-9.8436568406e-02,2.9376657670e-03
3,8.5422525534e-02,-1.0127596243e-01,2.8778993403e-03
4,8.4729771117e-02,-1.0403724420e-01,2.8136644832e-03
5,8.3975445936e-02,-1.0671344052e-01,2.7453440652e-03
6,8.3158442114e-02,-1.0929757824e-01,2.6733962387e-03
7,8.2277651775e-02,-1.1178268417e-01,2.5983710865e-03

Region 20 (8 circles):
Circle_Index,Center_X,Center_Y,Radius
0,8.1331967045e-02,-1.1416178514e-01,2.5209309598e-03
1,8.0320280045e-02,-1.1642790797e-01,2.4418750053e-03
2,7.9241482902e-02,-1.1857407950e-01,2.3621681122e-03
3,7.8094467739e-02,-1.2059332654e-01,2.2829739065e-03
4,7.6878126679e-02,-1.2247867592e-01,2.2056902251e-03
5,7.5591351847e-02,-1.2422315447e-01,2.1319834300e-03
6,7.4233035368e-02,-1.2581978901e-01,2.0638147185e-03
7,7.2802069364e-02,-1.2726160637e-01,2.0034473151e-03

Region 21 (8 circles):
Circle_Index,Center_X,Center_Y,Radius
0,7.1297345961e-02,-1.2854163338e-01,1.8077061961e-03
1,6.9926444607e-02,-1.2944157291e-01,1.6096520354e-03
2,6.8481873023e-02,-1.3008011821e-01,1.5711157796e-03
3,6.6968019308e-02,-1.3046827649e-01,1.5742834507e-03
4,6.5389271563e-02,-1.3061705494e-01,1.6134637272e-03
5,6.3750017885e-02,-1.3053746076e-01,1.6811837483e-03
6,6.2054646375e-02,-1.3024050117e-01,1.7696693479e-03
7,6.0307545133e-02,-1.2973718335e-01,1.8719076481e-03

Region 22 (8 circles):
Circle_Index,Center_X,Center_Y,Radius
0,5.8513102257e-02,-1.2903851452e-01,1.9821108324e-03
1,5.6675705847e-02,-1.2815550187e-01,2.0957461165e-03
2,5.4799744003e-02,-1.2709915261e-01,2.2093604464e-03
3,5.2889604825e-02,-1.2588047393e-01,2.3203534207e-03
4,5.0949676410e-02,-1.2451047305e-01,2.4267696002e-03
5,4.8984346860e-02,-1.2300015715e-01,2.5271318709e-03
6,4.6998004273e-02,-1.2136053345e-01,2.6203156082e-03
7,4.4995036749e-02,-1.1960260914e-01,2.7054563046e-03

Region 23 (8 circles):
Circle_Index,Center_X,Center_Y,Radius
0,4.2979832387e-02,-1.1773739142e-01,2.7818825306e-03
1,4.0956779287e-02,-1.1577588751e-01,2.8490673759e-03
2,3.8930265549e-02,-1.1372910459e-01,2.9065931555e-03
3,3.6904679271e-02,-1.1160804987e-01,2.9541255917e-03
4,3.4884408553e-02,-1.0942373056e-01,2.9913947767e-03
5,3.2873841496e-02,-1.0718715385e-01,3.0181810120e-03
6,3.0877366197e-02,-1.0490932695e-01,3.0343041873e-03
7,2.8899370757e-02,-1.0260125706e-01,3.0396157477e-03

Region 24 (7 circles):
Circle_Index,Center_X,Center_Y,Radius
0,2.6944243275e-02,-1.0027395138e-01,3.0339925802e-03
1,2.5016371850e-02,-9.7938417110e-02,3.0173323393e-03
2,2.3120144583e-02,-9.5605661454e-02,2.9895498708e-03
3,2.1259949572e-02,-9.3286691613e-02,2.9505744911e-03
4,1.9440174917e-02,-9.0992514790e-02,2.9003479556e-03
5,1.7665208717e-02,-8.8734138186e-02,2.8388230068e-03
6,1.5939439072e-02,-8.6522569002e-02,2.7659624441e-03

Region 25 (7 circles):
Circle_Index,Center_X,Center_Y,Radius
0,1.4267254081e-02,-8.4368814441e-02,2.6817387100e-03
1,1.2653041844e-02,-8.2283881705e-02,2.5861340445e-03
2,1.1101190461e-02,-8.0278777995e-02,2.4791413475e-03
3,9.6160880295e-03,-7.8364510512e-02,2.3607660173e-03
4,8.2021226507e-03,-7.6552086460e-02,2.2310292661e-03
5,6.8636824234e-03,-7.4852513039e-02,2.0899738318e-03
6,5.6051554472e-03,-7.3276797451e-02,1.9376738436e-03

Region 26 (7 circles):
Circle_Index,Center_X,Center_Y,Radius
0,4.4309298215e-03,-7.1835946898e-02,1.7742523397e-03
1,3.3453936457e-03,-7.0540968582e-02,2.1073278612e-03
2,1.6985187530e-03,-6.8627124612e-02,2.5820716247e-03
3,-3.7553543320e-05,-6.6639214176e-02,2.6944118893e-03
4,-1.8589573876e-03,-6.4579470090e-02,2.8026279301e-03
5,-3.7618269240e-03,-6.2450125174e-02,2.9066845397e-03
6,-5.7422962970e-03,-6.0253412244e-02,3.0065541328e-03

Region 27 (7 circles):
Circle_Index,Center_X,Center_Y,Radius
0,-7.7964996508e-03,-5.7991564118e-02,3.1022150901e-03
1,-9.9205711297e-03,-5.5666813615e-02,3.1936505369e-03
2,-1.2110644878e-02,-5.3281393553e-02,3.2808474310e-03
3,-1.4362855040e-02,-5.0837536749e-02,3.3637958757e-03
4,-1.6673335760e-02,-4.8337476021e-02,3.4424885981e-03
5,-1.9038221182e-02,-4.5783444187e-02,3.5169205499e-03
6,-2.1453645451e-02,-4.3177674066e-02,3.5870886030e-03

Region 28 (7 circles):
Circle_Index,Center_X,Center_Y,Radius
0,-2.3915742711e-02,-4.0522398474e-02,3.6529913169e-03
1,-2.6420647106e-02,-3.7819850230e-02,3.7146287618e-03
2,-2.8964492781e-02,-3.5072262153e-02,3.7720023874e-03
3,-3.1543413879e-02,-3.2281867059e-02,3.8251149276e-03
4,-3.4153544545e-02,-2.9450897766e-02,3.8739703351e-03
5,-3.6791018924e-02,-2.6581587093e-02,3.9185737420e-03
6,-3.9451971159e-02,-2.3676167858e-02,3.9589314417e-03

Region 29 (7 circles):
Circle_Index,Center_X,Center_Y,Radius
0,-4.2132535396e-02,-2.0736872878e-02,3.9950508912e-03
1,-4.4828845778e-02,-1.7765934971e-02,4.0269407310e-03
2,-4.7537036449e-02,-1.4765586956e-02,4.0546108229e-03
3,-5.0253241554e-02,-1.1738061649e-02,4.0780723046e-03
4,-5.2973595238e-02,-8.6855918700e-03,4.0973376605e-03
5,-5.5694231644e-02,-5.6104104357e-03,4.1124208117e-03
6,-5.8411284916e-02,-2.5147501642e-03,4.1233372235e-03
