Region Metadata for: shape_93.txt
================================================================================

REGION DEFINITION: Circle union (one circle per point)
  Each point gets a circle with radius = average distance to neighbors

Total vertices: 217
Number of regions: 30
Points per region:
  Region 0: 8 points
  Region 1: 8 points
  Region 2: 8 points
  Region 3: 8 points
  Region 4: 8 points
  Region 5: 8 points
  Region 6: 8 points
  Region 7: 7 points
  Region 8: 7 points
  Region 9: 7 points
  Region 10: 7 points
  Region 11: 7 points
  Region 12: 7 points
  Region 13: 7 points
  Region 14: 7 points
  Region 15: 7 points
  Region 16: 7 points
  Region 17: 7 points
  Region 18: 7 points
  Region 19: 7 points
  Region 20: 7 points
  Region 21: 7 points
  Region 22: 7 points
  Region 23: 7 points
  Region 24: 7 points
  Region 25: 7 points
  Region 26: 7 points
  Region 27: 7 points
  Region 28: 7 points
  Region 29: 7 points

REGION SUMMARY:
Region_Index,Num_Points,BBox_Min_X,BBox_Max_X,BBox_Min_Y,BBox_Max_Y,Normal_X,Normal_Y,Tangent_X,Tangent_Y,Fitted_Circle_X,Fitted_Circle_Y,Fitted_Circle_Radius,Local_AoA_Rad,Union_Area,Collection_Area
0,8,-6.7260968870e-02,-3.4846871073e-02,-2.8148101418e-03,2.3175716746e-02,-0.5905722691,-0.8069847551,-0.8069847551,0.5905722691,1.0103147105e+00,1.4606525407e+00,1.7973723751e+00,-9.39028525e-01,2.97071432e-04,1.48704208e-04
1,8,-9.2773333530e-02,-6.2275842732e-02,1.7346079136e-02,4.2508446599e-02,-0.6062747006,-0.7952552970,-0.7952552970,0.6062747006,8.6621890232e-01,1.2682188316e+00,1.5569665173e+00,-9.19428555e-01,2.68831739e-04,1.34630738e-04
2,8,-1.1553000246e-01,-8.8075911760e-02,3.7136741036e-02,6.0550448349e-02,-0.6242885552,-0.7811938299,-0.7811938299,0.6242885552,6.1468891628e-01,9.4598155024e-01,1.1481791939e+00,-8.96575840e-01,2.23777390e-04,1.12032683e-04
3,8,-1.3161328611e-01,-1.1129489196e-01,5.5840752067e-02,7.3895470261e-02,-0.6488582561,-0.7609093004,-0.7609093004,0.6488582561,2.2690068970e-01,4.7712654711e-01,5.3972706666e-01,-8.64713351e-01,1.43203722e-04,7.19070741e-05
4,8,-1.3176239355e-01,-1.2479172399e-01,7.2581931635e-02,7.6066919760e-02,-0.2340216188,0.9722313932,0.9722313932,0.2340216188,-1.2859986612e-01,7.1458941089e-02,3.5627473428e-03,1.33458421e+00,1.68552474e-05,8.99529553e-06
5,8,-1.2652790026e-01,-1.0544087511e-01,6.6589230484e-02,7.5961980576e-02,0.2739902148,0.9617324795,0.9617324795,-0.2739902148,-1.6852773730e-01,-1.0956342491e-01,1.8887567397e-01,1.84833591e+00,9.89134150e-05,4.97903296e-05
6,8,-1.0850296527e-01,-8.2597915229e-02,5.8634453560e-02,7.1523076878e-02,0.3300476086,0.9439642875,0.9439642875,-0.3300476086,-3.2977714483e-01,-6.0445976699e-01,7.0939735789e-01,1.90715034e+00,1.49957722e-04,7.51364524e-05
7,7,-8.5660446619e-02,-6.7089288546e-02,5.3412686694e-02,6.3417874726e-02,0.3540161464,0.9352393106,0.9352393106,-0.3540161464,-3.6045077182e-01,-6.9392005271e-01,8.0395042349e-01,1.93265820e+00,8.87240291e-05,4.44303919e-05
8,7,-6.9039689996e-02,-5.8036051069e-02,4.9521608451e-02,5.6399262678e-02,0.4233626514,0.9059603001,0.9059603001,-0.4233626514,-8.8539742274e-02,-7.3062817458e-04,5.9336915660e-02,2.00795014e+00,3.21703299e-05,1.62183604e-05
9,7,-5.9796086974e-02,-4.7730802540e-02,4.3255922373e-02,5.1890896463e-02,0.5182644779,0.8552203991,0.8552203991,-0.5182644779,-1.5467377905e-01,-1.1852460305e-01,1.9444586529e-01,2.11561670e+00,4.19667479e-05,2.10567191e-05
10,7,-4.9784989096e-02,-3.7397524998e-02,3.6516778989e-02,4.5847812009e-02,0.5484563835,0.8361791646,0.8361791646,-0.5484563835,-5.2703279848e-01,-6.9552075222e-01,8.8117034568e-01,2.15131341e+00,4.56137344e-05,2.28364577e-05
11,7,-3.9389438999e-02,-2.8403260880e-02,3.0800522165e-02,3.8993318676e-02,0.5426173545,0.8399800037,0.8399800037,-0.5426173545,1.5792296617e-01,3.3116091905e-01,-3.5301563614e-01,2.14434628e+00,3.58229937e-05,1.78762139e-05
12,7,-2.9969712005e-02,-1.2754246614e-02,2.1222989719e-02,3.2816993213e-02,0.4934705128,0.8697625268,0.8697625268,-0.4934705128,1.6623916016e-01,3.6015957258e-01,-3.8210857419e-01,2.08687177e+00,9.06996913e-05,4.52077332e-05
13,7,-1.6026594929e-02,6.6948392070e-03,1.0795836596e-02,2.5672175395e-02,0.4648856433,0.8853707351,0.8853707351,-0.4648856433,4.7065495655e-01,9.2427037780e-01,-1.0231268494e+00,2.05430177e+00,1.41397076e-04,7.05876702e-05
14,7,3.0596875319e-03,2.8013038373e-02,-1.9913863895e-04,1.5845964748e-02,0.4541574124,0.8909214582,0.8909214582,-0.4541574124,2.8399311807e+00,5.5501442747e+00,-6.2204585662e+00,2.04222256e+00,1.68915135e-04,8.44895980e-05
15,7,2.4133374288e-02,5.0243561995e-02,-1.1658406453e-02,5.2117468450e-03,0.4570059134,0.8894636559,0.8894636559,-0.4570059134,-1.1022799549e+00,-2.2213141822e+00,2.4936960002e+00,2.04542243e+00,1.85348144e-04,9.27339775e-05
16,7,4.6239092178e-02,7.2431838195e-02,-2.3480654325e-02,-6.1283645078e-03,0.4718462237,0.8816808613,0.8816808613,-0.4718462237,-4.4027891046e-01,-9.4863556137e-01,1.0591319619e+00,2.06217992e+00,1.88811920e-04,9.45804894e-05
17,7,6.8419308580e-02,9.3625656840e-02,-3.5566931480e-02,-1.8070096048e-02,0.4995820352,0.8662665814,0.8662665814,-0.4995820352,-2.2169248867e-01,-5.5207322543e-01,6.0630888990e-01,2.09391255e+00,1.79418600e-04,8.99421648e-05
18,7,8.9714007558e-02,1.1287668646e-01,-4.7822165799e-02,-3.0506691194e-02,0.5435205756,0.8393958446,0.8393958446,-0.5435205756,-9.3879923582e-02,-3.4103260294e-01,3.5957072909e-01,2.14542195e+00,1.58580968e-04,7.96305937e-05
19,7,1.0915891688e-01,1.2924462729e-01,-6.0159316891e-02,-4.3327137067e-02,0.6100825351,0.7923378701,0.7923378701,-0.6100825351,-4.9489641898e-03,-2.1348313269e-01,2.0406179790e-01,2.22696108e+00,1.29635807e-04,6.53344993e-05
20,7,1.2578073730e-01,1.3481827753e-01,-6.7800641939e-02,-5.6411393797e-02,0.8311133794,0.5561030036,0.5561030036,-0.8311133794,1.2515525083e-01,-6.7393393864e-02,8.7292889528e-03,2.55190314e+00,5.10553178e-05,2.65742592e-05
21,7,1.2299766636e-01,1.3429100211e-01,-7.5842122323e-02,-6.6523710788e-02,0.6012184097,-0.7990847413,-0.7990847413,-0.6012184097,1.1683182084e-01,-5.4112737268e-02,2.1258150099e-02,-2.21582132e+00,4.26298206e-05,2.21079684e-05
22,7,1.0710735174e-01,1.2536211135e-01,-8.1708935404e-02,-7.2450010105e-02,0.3202529160,-0.9473320800,-0.9473320800,-0.3202529160,9.0603875734e-02,-6.2476170343e-04,8.0880943091e-02,-1.89679278e+00,8.28871410e-05,4.20601535e-05
23,7,9.2255815064e-02,1.0960194821e-01,-8.3276615277e-02,-7.7383009910e-02,0.1101090166,-0.9939195161,-0.9939195161,-0.1101090166,9.4346294730e-02,-2.4825804748e-02,5.6444715914e-02,-1.68112906e+00,7.02762240e-05,3.58316489e-05
24,7,7.6995956336e-02,9.4039327714e-02,-8.2839479774e-02,-7.2696548229e-02,-0.3990528185,-0.9169279405,-0.9169279405,0.3990528185,1.0157646437e-01,-4.4862894997e-02,3.7571454049e-02,-1.16031271e+00,8.46204337e-05,4.29878663e-05
25,7,5.6131403860e-02,8.0536502048e-02,-7.7491669405e-02,-6.0600712653e-02,-0.4978257421,-0.8672770783,-0.8672770783,0.4978257421,3.8143275495e-01,4.7571935678e-01,6.2848483669e-01,-1.04970635e+00,1.68161604e-04,8.43182441e-05
26,7,3.3366138482e-02,6.0244716962e-02,-6.5959866344e-02,-4.6475330371e-02,-0.5253084602,-0.8509118766,-0.8509118766,0.5253084602,5.5765394214e-01,7.7076252132e-01,9.7215403041e-01,-1.01771875e+00,2.09545308e-04,1.04994710e-04
27,7,9.3395576044e-03,3.7924212652e-02,-5.2247947030e-02,-3.0801856192e-02,-0.5456397008,-0.8380198786,-0.8380198786,0.5456397008,7.4872301187e-01,1.0717653043e+00,1.3286825767e+00,-9.93644054e-01,2.41994467e-04,1.21183594e-04
28,7,-1.5309880293e-02,1.4210888778e-02,-3.6833868524e-02,-1.4060805998e-02,-0.5620082374,-0.8271316347,-0.8271316347,0.5620082374,9.1580292478e-01,1.3230092707e+00,1.6304116346e+00,-9.73984570e-01,2.62984522e-04,1.31691256e-04
29,7,-3.9944162833e-02,-1.0258519775e-02,-2.0196423115e-02,3.2677504313e-03,-0.5762492676,-0.8172739942,-0.8172739942,0.5762492676,1.0158815696e+00,1.4679025514e+00,1.8065084152e+00,-9.56664422e-01,2.70383636e-04,1.35375707e-04

DETAILED CIRCLE DATA:

Region 0 (8 circles):
Circle_Index,Center_X,Center_Y,Radius
0,-3.9135895276e-02,1.4742140607e-03,4.2890242025e-03
1,-4.2611265784e-02,3.9802987645e-03,4.2792263233e-03
2,-4.6071895453e-02,6.4880861109e-03,4.2671263384e-03
3,-4.9515925521e-02,8.9961778129e-03,4.2527241551e-03
4,-5.2941497227e-02,1.1503175584e-02,4.2360197575e-03
5,-5.6346751810e-02,1.4007681137e-02,4.2170132078e-03
6,-5.9729830510e-02,1.6508296185e-02,4.1957046483e-03
7,-6.3088874566e-02,1.9003622442e-02,4.1720943036e-03

Region 1 (8 circles):
Circle_Index,Center_X,Center_Y,Radius
0,-6.6422025216e-02,2.1492261620e-02,4.1461824846e-03
1,-6.9727423701e-02,2.3972815434e-02,4.1179695920e-03
2,-7.3003211258e-02,2.6443885595e-02,4.0874561220e-03
3,-7.6247529128e-02,2.8904073817e-02,4.0546426721e-03
4,-7.9458518549e-02,3.1351981813e-02,4.0195299486e-03
5,-8.2634320761e-02,3.3786211297e-02,3.9821187749e-03
6,-8.5773077002e-02,3.6205363981e-02,3.9424101018e-03
7,-8.8872928511e-02,3.8608041580e-02,3.9004050190e-03

Region 2 (8 circles):
Circle_Index,Center_X,Center_Y,Radius
0,-9.1932016529e-02,4.0992845805e-02,3.8561047691e-03
1,-9.4948482293e-02,4.3358378370e-02,3.8095107629e-03
2,-9.7920467044e-02,4.5703240989e-02,3.7606245988e-03
3,-1.0084611202e-01,4.8026035374e-02,3.7094480836e-03
4,-1.0372355846e-01,5.0325363238e-02,3.6559832586e-03
5,-1.0655094760e-01,5.2599826296e-02,3.6002324285e-03
6,-1.0932642069e-01,5.4848026259e-02,3.5421981969e-03
7,-1.1204811896e-01,5.7068564842e-02,3.4818835070e-03

Region 3 (8 circles):
Circle_Index,Center_X,Center_Y,Radius
0,-1.1471418365e-01,5.9260043757e-02,3.4192916901e-03
1,-1.1732275600e-01,6.1421064717e-02,3.3544265237e-03
2,-1.1987197724e-01,6.3550229436e-02,3.2872922994e-03
3,-1.2235998863e-01,6.5646139627e-02,3.2178939058e-03
4,-1.2478493139e-01,6.7707397003e-02,3.1462369276e-03
5,-1.2714494677e-01,6.9732603276e-02,3.0723277650e-03
6,-1.2943817601e-01,7.1720360162e-02,2.1751100990e-03
7,-1.3039044114e-01,7.2627825034e-02,1.1296136617e-03

Region 4 (8 circles):
Circle_Index,Center_X,Center_Y,Radius
0,-1.3097739045e-01,7.3366934734e-02,7.8500309906e-04
1,-1.3121723242e-01,7.3945369988e-02,5.3042537041e-04
2,-1.3112817552e-01,7.4370811521e-02,4.6139581132e-04
3,-1.3072842825e-01,7.4650940061e-02,5.9743624717e-04
4,-1.3003619907e-01,7.4793436333e-02,8.3666376919e-04
5,-1.2906969647e-01,7.4805981065e-02,1.0970328267e-03
6,-1.2784712894e-01,7.4696254983e-02,1.3525161606e-03
7,-1.2638670494e-01,7.4471938813e-02,1.5949809479e-03

Region 5 (8 circles):
Circle_Index,Center_X,Center_Y,Radius
0,-1.2470663296e-01,7.4140713281e-02,1.8212672949e-03
1,-1.2282512149e-01,7.3710259115e-02,2.0299146926e-03
2,-1.2076037900e-01,7.3188257040e-02,2.2201592063e-03
3,-1.1853061397e-01,7.2582387783e-02,2.3915634669e-03
4,-1.1615403489e-01,7.1900332071e-02,2.5438593370e-03
5,-1.1364885022e-01,7.1149770630e-02,2.6768733970e-03
6,-1.1103326847e-01,7.0338384186e-02,2.7904885685e-03
7,-1.0832549809e-01,6.9473853465e-02,2.8846229810e-03

Region 6 (8 circles):
Circle_Index,Center_X,Center_Y,Radius
0,-1.0554374758e-01,6.8563859196e-02,2.9592176824e-03
1,-1.0270622542e-01,6.7616082102e-02,3.0142291596e-03
2,-9.9831140083e-02,6.6638202912e-02,3.0496246106e-03
3,-9.6936700052e-02,6.5637902352e-02,3.0653788568e-03
4,-9.4041113809e-02,6.4622861148e-02,3.0614722695e-03
5,-9.1162589832e-02,6.3600760026e-02,3.0378893442e-03
6,-8.8319336604e-02,6.2579279713e-02,2.9946177014e-03
7,-8.5529562604e-02,6.1566100936e-02,2.9316473754e-03

Region 7 (7 circles):
Circle_Index,Center_X,Center_Y,Radius
0,-8.2811476313e-02,6.0568904420e-02,2.8489703059e-03
1,-8.0183286211e-02,5.9595370893e-02,2.7465799745e-03
2,-7.7663200779e-02,5.8653181081e-02,2.6244711575e-03
3,-7.5269428498e-02,5.7750015710e-02,2.4826397773e-03
4,-7.3020177847e-02,5.6893555506e-02,2.3210828583e-03
5,-7.0933657308e-02,5.6091481197e-02,2.1397986219e-03
6,-6.9028075360e-02,5.5351473508e-02,1.9387868144e-03

Region 8 (7 circles):
Circle_Index,Center_X,Center_Y,Radius
0,-6.7321640485e-02,5.4681213166e-02,1.7180495116e-03
1,-6.5832561162e-02,5.4088380898e-02,1.4303222096e-03
2,-6.4673098202e-02,5.3600585655e-02,1.2934097395e-03
3,-6.3463747614e-02,5.3049665719e-02,1.3622119777e-03
4,-6.2208482658e-02,5.2439971320e-02,1.4264121532e-03
5,-6.0911276590e-02,5.1775852687e-02,1.4857558791e-03
6,-5.9576102670e-02,5.1061660052e-02,1.5400516010e-03

Region 9 (7 circles):
Circle_Index,Center_X,Center_Y,Radius
0,-5.8206934156e-02,5.0301743645e-02,1.5891528181e-03
1,-5.6807744306e-02,4.9500453696e-02,1.6329459429e-03
2,-5.5382506378e-02,4.8662140436e-02,1.6713418592e-03
3,-5.3935193631e-02,4.7791154095e-02,1.7042699523e-03
4,-5.2469779323e-02,4.6891844903e-02,1.7316738233e-03
5,-5.0990236712e-02,4.5968563091e-02,1.7535081737e-03
6,-4.9500539056e-02,4.5025658889e-02,1.7697365160e-03

Region 10 (7 circles):
Circle_Index,Center_X,Center_Y,Radius
0,-4.8004659614e-02,4.4067482527e-02,1.7803294819e-03
1,-4.6506571645e-02,4.3098384237e-02,1.7852635690e-03
2,-4.5010248406e-02,4.2122714247e-02,1.7845202192e-03
3,-4.3519663155e-02,4.1144822790e-02,1.7780851565e-03
4,-4.2038789152e-02,4.0169060094e-02,1.7659479347e-03
5,-4.0571599654e-02,3.9199776391e-02,1.7481016665e-03
6,-3.9122067919e-02,3.8241321911e-02,1.7245429214e-03

Region 11 (7 circles):
Circle_Index,Center_X,Center_Y,Radius
0,-3.7694167206e-02,3.7298046884e-02,1.6952717923e-03
1,-3.6291870774e-02,3.6374301540e-02,1.6602921507e-03
2,-3.4919151880e-02,3.5474436110e-02,1.6196121280e-03
3,-3.3579983782e-02,3.4602800825e-02,1.5732448889e-03
4,-3.2278339740e-02,3.3763745914e-02,1.5212098055e-03
5,-3.1018193011e-02,3.2961621609e-02,1.4635342052e-03
6,-2.9803516854e-02,3.2200778139e-02,1.4002559739e-03

Region 12 (7 circles):
Circle_Index,Center_X,Center_Y,Radius
0,-2.8638284527e-02,3.1485565735e-02,1.3314274784e-03
1,-2.7526469288e-02,3.0820334627e-02,1.9441424553e-03
2,-2.5287362519e-02,2.9513336752e-02,2.6279291002e-03
3,-2.2976857328e-02,2.8188861420e-02,2.6972744138e-03
4,-2.0597740600e-02,2.6847207882e-02,2.7641836399e-03
5,-1.8152799222e-02,2.5488675388e-02,2.8286255168e-03
6,-1.5644820082e-02,2.4113563187e-02,2.8905734679e-03

Region 13 (7 circles):
Circle_Index,Center_X,Center_Y,Radius
0,-1.3076590064e-02,2.2722170531e-02,2.9500048642e-03
1,-1.0450896058e-02,2.1314796668e-02,3.0069004291e-03
2,-7.7705249484e-03,1.9891740849e-02,3.0612437523e-03
3,-5.0382636229e-03,1.8453302325e-02,3.1130208933e-03
4,-2.2568989680e-03,1.6999780346e-02,3.1622200562e-03
5,5.7078212945e-04,1.5531474161e-02,3.2088313213e-03
6,3.4419927828e-03,1.4048683020e-02,3.2528464242e-03

Region 14 (7 circles):
Circle_Index,Center_X,Center_Y,Radius
0,6.3539461053e-03,1.2551706174e-02,3.2942585734e-03
1,9.3038552102e-03,1.1040842874e-02,3.3330623001e-03
2,1.2288933211e-02,9.5163923682e-03,3.3692533339e-03
3,1.5306393220e-02,7.9786539078e-03,3.4028285023e-03
4,1.8353448352e-02,6.4279267427e-03,3.4337856477e-03
5,2.1427311719e-02,4.8645101231e-03,3.4621235627e-03
6,2.4525196435e-02,3.2887032990e-03,3.4878419380e-03

Region 15 (7 circles):
Circle_Index,Center_X,Center_Y,Radius
0,2.7644315613e-02,1.7008055207e-03,3.5109413243e-03
1,3.0781882366e-02,1.0111603816e-04,3.5314231049e-03
2,3.3935109807e-02,-1.5100658984e-03,3.5492894785e-03
3,3.7101211051e-02,-3.1324410389e-03,3.5645434525e-03
4,4.0277399209e-02,-4.7657101331e-03,3.5771888439e-03
5,4.3460887396e-02,-6.4095739310e-03,3.5872302908e-03
6,4.6648888724e-02,-8.0637331824e-03,3.5946732709e-03

Region 16 (7 circles):
Circle_Index,Center_X,Center_Y,Radius
0,4.9838616307e-02,-9.7278886373e-03,3.5995241295e-03
1,5.3027283258e-02,-1.1401741045e-02,3.6017901167e-03
2,5.6212102691e-02,-1.3084991157e-02,3.6014794328e-03
3,5.9390287718e-02,-1.4777339721e-02,3.5986012848e-03
4,6.2559051453e-02,-1.6478487488e-02,3.5931659522e-03
5,6.5715607009e-02,-1.8188135208e-02,3.5851848651e-03
6,6.8857167500e-02,-1.9905983631e-02,3.5746706948e-03

Region 17 (7 circles):
Circle_Index,Center_X,Center_Y,Radius
0,7.1980946038e-02,-2.1631733506e-02,3.5616374577e-03
1,7.5084155737e-02,-2.3365085583e-02,3.5461006353e-03
2,7.8164009711e-02,-2.5105740613e-02,3.5280773117e-03
3,8.1217721072e-02,-2.6853399345e-02,3.5075863306e-03
4,8.4242502933e-02,-2.8607762529e-02,3.4846484750e-03
5,8.7235568409e-02,-3.0368530914e-02,3.4592866721e-03
6,9.0194130612e-02,-3.2135405252e-02,3.4315262281e-03

Region 18 (7 circles):
Circle_Index,Center_X,Center_Y,Radius
0,9.3115402655e-02,-3.3908086291e-02,3.4013950966e-03
1,9.5996597652e-02,-3.5686274782e-02,3.3689241852e-03
2,9.8834928716e-02,-3.7469671473e-02,3.3341477082e-03
3,1.0162760896e-01,-3.9257977117e-02,3.2971035899e-03
4,1.0437185150e-01,-4.1050892461e-02,3.2578339297e-03
5,1.0706486944e-01,-4.2848118256e-02,3.2163855369e-03
6,1.0970387591e-01,-4.4649355252e-02,3.1728105465e-03

Region 19 (7 circles):
Circle_Index,Center_X,Center_Y,Radius
0,1.1228608401e-01,-4.6454304199e-02,3.1271671323e-03
1,1.1480870685e-01,-4.8262665847e-02,3.0795203299e-03
2,1.1726895756e-01,-5.0074140945e-02,3.0299429913e-03
3,1.1966404924e-01,-5.1888430243e-02,2.9785168907e-03
4,1.2199119500e-01,-5.3705234492e-02,2.9253340092e-03
5,1.2424760796e-01,-5.5524254440e-02,2.8704980261e-03
6,1.2643050124e-01,-5.7345190839e-02,2.8141260519e-03

Region 20 (7 circles):
Circle_Index,Center_X,Center_Y,Radius
0,1.2853708794e-01,-5.9167744437e-02,2.7563506401e-03
1,1.3056458119e-01,-6.0991615985e-02,2.6973221210e-03
2,1.3251019408e-01,-6.2816506233e-02,1.9431414811e-03
3,1.3328822431e-01,-6.3754624226e-02,1.1374462215e-03
4,1.3371336709e-01,-6.4721398046e-02,1.0250040834e-03
5,1.3380649988e-01,-6.5710909001e-02,1.0117776499e-03
6,1.3358850015e-01,-6.6717238397e-02,1.0834035422e-03

Region 21 (7 circles):
Circle_Index,Center_X,Center_Y,Radius
0,1.3308024535e-01,-6.7734467542e-02,1.2107567538e-03
1,1.3230261297e-01,-6.8756677743e-02,1.3660578497e-03
2,1.3127648045e-01,-6.9777950308e-02,1.5302409177e-03
3,1.3002272526e-01,-7.0792366543e-02,1.6918585304e-03
4,1.2856222487e-01,-7.1794007756e-02,1.8442246079e-03
5,1.2691585674e-01,-7.2776955255e-02,1.9833629291e-03
6,1.2510449834e-01,-7.3735290346e-02,2.1068319778e-03

Region 22 (7 circles):
Circle_Index,Center_X,Center_Y,Radius
0,1.2314902712e-01,-7.4663094336e-02,2.2130842308e-03
1,1.2107032056e-01,-7.5554448534e-02,2.3011142696e-03
2,1.1888925611e-01,-7.6403434246e-02,2.3702607236e-03
3,1.1662671124e-01,-7.7204132779e-02,2.4200920384e-03
4,1.1430356342e-01,-7.7950625441e-02,2.4503398100e-03
5,1.1194069010e-01,-7.8636993539e-02,2.4608606966e-03
6,1.0955896876e-01,-7.9257318381e-02,2.4516170235e-03

Region 23 (7 circles):
Circle_Index,Center_X,Center_Y,Radius
0,1.0717927685e-01,-7.9805681272e-02,2.4226713623e-03
1,1.0482249184e-01,-8.0276163522e-02,2.3741937496e-03
2,1.0250949120e-01,-8.0662846437e-02,2.3064831069e-03
3,1.0026115238e-01,-8.0959811323e-02,2.2200078383e-03
4,9.8098352861e-02,-8.1161139490e-02,2.1154757872e-03
5,9.6041970093e-02,-8.1260912243e-02,1.9939528411e-03
6,9.4112881544e-02,-8.1253210890e-02,1.8570664805e-03

Region 24 (7 circles):
Circle_Index,Center_X,Center_Y,Radius
0,9.2331964679e-02,-8.1132116739e-02,1.7073630351e-03
1,9.0720096962e-02,-8.0891711096e-02,1.5489476342e-03
2,8.9298155856e-02,-8.0526075269e-02,1.3886310028e-03
3,8.8087018826e-02,-8.0029290565e-02,2.1192916262e-03
4,8.5486589040e-02,-7.8680272649e-02,2.9681444485e-03
5,8.2828408419e-02,-7.7275018905e-02,3.0443306131e-03
6,8.0114335725e-02,-7.5814927618e-02,3.1183793891e-03

Region 25 (7 circles):
Circle_Index,Center_X,Center_Y,Radius
0,7.7346229719e-02,-7.4301397076e-02,3.1902723285e-03
1,7.4525949162e-02,-7.2735825566e-02,3.2599933404e-03
2,7.1655352814e-02,-7.1119611374e-02,3.3275283309e-03
3,6.8736299436e-02,-6.9454152787e-02,3.3928649075e-03
4,6.5770647789e-02,-6.7740848092e-02,3.4559921332e-03
5,6.2760256635e-02,-6.5981095576e-02,3.5169003230e-03
6,5.9706984733e-02,-6.4176293526e-02,3.5755808729e-03

Region 26 (7 circles):
Circle_Index,Center_X,Center_Y,Radius
0,5.6612690845e-02,-6.2327840228e-02,3.6320261167e-03
1,5.3479233732e-02,-6.0437133969e-02,3.6862292041e-03
2,5.0308472154e-02,-5.8505573037e-02,3.7381839988e-03
3,4.7102264873e-02,-5.6534555718e-02,3.7878849904e-03
4,4.3862470649e-02,-5.4525480298e-02,3.8353272197e-03
5,4.0590948243e-02,-5.2479745065e-02,3.8805062146e-03
6,3.7289556416e-02,-5.0398748306e-02,3.9234179345e-03

Region 27 (7 circles):
Circle_Index,Center_X,Center_Y,Radius
0,3.3960153929e-02,-4.8283888307e-02,3.9640587232e-03
1,3.0604599543e-02,-4.6136563355e-02,4.0024252667e-03
2,2.7224752018e-02,-4.3958171737e-02,4.0385145581e-03
3,2.3822470116e-02,-4.1750111740e-02,4.0723238656e-03
4,2.0399612598e-02,-3.9513781651e-02,4.1038507057e-03
5,1.6958038223e-02,-3.7250579756e-02,4.1330928191e-03
6,1.3499605754e-02,-3.4961904342e-02,4.1600481498e-03

Region 28 (7 circles):
Circle_Index,Center_X,Center_Y,Radius
0,1.0026173951e-02,-3.2649153697e-02,4.1847148270e-03
1,6.5396015746e-03,-3.0313726106e-02,4.2070911484e-03
2,3.0417473860e-03,-2.7957019857e-02,4.2271755667e-03
3,-4.6552985404e-04,-2.5580433237e-02,4.2449666767e-03
4,-3.9803713846e-03,-2.3185364533e-02,4.2604632046e-03
5,-7.5009184447e-03,-2.0773212030e-02,4.2736639985e-03
6,-1.1025312274e-02,-1.8345374017e-02,4.2845680196e-03

Region 29 (7 circles):
Circle_Index,Center_X,Center_Y,Radius
0,-1.4551694110e-02,-1.5903248780e-02,4.2931743355e-03
1,-1.8078205194e-02,-1.3448234605e-02,4.2994821133e-03
2,-2.1602986764e-02,-1.0981729780e-02,4.3034906145e-03
3,-2.5124180059e-02,-8.5051325920e-03,4.3051991902e-03
4,-2.8639926319e-02,-6.0198413268e-03,4.3046072776e-03
5,-3.2148366782e-02,-3.5272542718e-03,4.3017143959e-03
6,-3.5647642688e-02,-1.0287697136e-03,4.2965201450e-03
