Region Metadata for: shape_55.txt
================================================================================

REGION DEFINITION: Circle union (one circle per point)
  Each point gets a circle with radius = average distance to neighbors

Total vertices: 265
Number of regions: 30
Points per region:
  Region 0: 9 points
  Region 1: 9 points
  Region 2: 9 points
  Region 3: 9 points
  Region 4: 9 points
  Region 5: 9 points
  Region 6: 9 points
  Region 7: 9 points
  Region 8: 9 points
  Region 9: 9 points
  Region 10: 9 points
  Region 11: 9 points
  Region 12: 9 points
  Region 13: 9 points
  Region 14: 9 points
  Region 15: 9 points
  Region 16: 9 points
  Region 17: 9 points
  Region 18: 9 points
  Region 19: 9 points
  Region 20: 9 points
  Region 21: 9 points
  Region 22: 9 points
  Region 23: 9 points
  Region 24: 9 points
  Region 25: 8 points
  Region 26: 8 points
  Region 27: 8 points
  Region 28: 8 points
  Region 29: 8 points

REGION SUMMARY:
Region_Index,Num_Points,BBox_Min_X,BBox_Max_X,BBox_Min_Y,BBox_Max_Y,Normal_X,Normal_Y,Tangent_X,Tangent_Y,Fitted_Circle_X,Fitted_Circle_Y,Fitted_Circle_Radius,Local_AoA_Rad,Union_Area,Collection_Area
0,9,-1.0258969018e-01,-9.4588167190e-02,-1.1168317684e-03,3.6484676429e-02,-0.9998727443,-0.0159529051,-0.0159529051,0.9998727443,6.7135650695e-01,3.0281585880e-02,7.7019658942e-01,-1.59535818e-02,2.60947582e-04,1.30731335e-04
1,9,-1.0250942627e-01,-9.3772121482e-02,3.2759168167e-02,6.8884341582e-02,-0.9986137854,0.0526356124,0.0526356124,0.9986137854,2.3971863606e-01,3.3336364453e-02,3.3851627185e-01,5.26599473e-02,2.41510014e-04,1.21401431e-04
2,9,-1.0035154291e-01,-8.8915403989e-02,6.5388172302e-02,9.7736731099e-02,-0.9825684181,0.1859013279,0.1859013279,0.9825684181,6.6952912359e-02,5.1393776912e-02,1.6475949401e-01,1.86989101e-01,1.99194860e-04,1.00541523e-04
3,9,-9.4186830711e-02,-7.8844590615e-02,9.4534293538e-02,1.2103619451e-01,-0.9077602391,0.4194893900,0.4194893900,0.9077602391,-1.4504310346e-02,7.4931020387e-02,7.9888997761e-02,4.32882753e-01,1.52152422e-04,7.74749099e-05
4,9,-8.2672203368e-02,-6.6696455061e-02,1.1785364416e-01,1.2959961097e-01,-0.5330684840,0.8460720958,0.8460720958,0.5330684840,-6.8167757444e-02,1.1563486969e-01,1.2581971858e-02,1.00857315e+00,7.13012268e-05,3.75241171e-05
5,9,-6.8302511531e-02,-5.2083062982e-02,1.1291315255e-01,1.2908800472e-01,0.7057812219,0.7084298602,0.7084298602,-0.7057812219,-8.3388331308e-02,9.9470440317e-02,3.2747097392e-02,2.35432162e+00,8.70782768e-05,4.48676645e-05
6,9,-5.6126418363e-02,-3.7170236236e-02,8.6810414403e-02,1.1615658019e-01,0.8774100951,0.4797411022,0.4797411022,-0.8774100951,-2.8013636705e-01,-2.5041175077e-02,2.6574581322e-01,2.64123304e+00,1.96820299e-04,9.89575403e-05
7,9,-4.2749154024e-02,-2.2585753067e-02,5.7577533054e-02,9.0772165228e-02,0.8945912196,0.4468853878,0.4468853878,-0.8945912196,1.1178818871e+00,6.4739386417e-01,-1.2855036038e+00,2.67831196e+00,2.42753127e-04,1.21183800e-04
8,9,-2.7971733901e-02,-8.4446708922e-03,3.4097064960e-02,6.1503274261e-02,0.8465472103,0.5323136488,0.5323136488,-0.8465472103,1.0546027256e-01,1.2441497333e-01,-1.4589262579e-01,2.58026139e+00,1.82092345e-04,9.01214115e-05
9,9,-1.2007655647e-02,8.8979576412e-03,2.2121122339e-02,3.7330903984e-02,0.5354331784,0.8445775935,0.8445775935,-0.5354331784,1.2926069327e-02,5.2961961174e-02,-2.8823455554e-02,2.13581688e+00,1.07779048e-04,5.22437122e-05
10,9,5.9198490174e-03,4.0559291158e-02,1.5794539998e-02,2.7061250937e-02,0.1543366769,0.9880183147,0.9880183147,-0.1543366769,4.8619925839e-02,1.9056391067e-01,-1.7116898074e-01,1.72575238e+00,2.28581090e-04,1.13179049e-04
11,9,3.6505533829e-02,8.0050691664e-02,1.3310977300e-02,2.3546479792e-02,0.0456969832,0.9989553472,0.9989553472,-0.0456969832,8.9691069281e-02,7.2136774581e-01,-7.0363974823e-01,1.61650923e+00,3.51031364e-04,1.74995097e-04
12,9,7.5495030386e-02,1.2055913256e-01,1.2590615323e-02,2.2312889587e-02,0.0218135325,0.9997620566,0.9997620566,-0.0218135325,-6.8339362798e-02,-7.7901914992e+00,7.8093407309e+00,1.59261159e+00,3.74986410e-04,1.87559800e-04
13,9,1.1622322435e-01,1.5535720801e-01,1.1468014383e-02,2.1132749137e-02,0.0605025766,0.9981680411,0.9981680411,-0.0605025766,1.1003490606e-01,-4.2426531344e-01,4.4120304351e-01,1.63133588e+00,2.85092836e-04,1.43166698e-04
14,9,1.5194853460e-01,1.7785602739e-01,7.6392195879e-03,1.7854794048e-02,0.2327287336,0.9725416889,0.9725416889,-0.2327287336,1.4916739242e-01,-5.8519435139e-02,7.3254891419e-02,1.80567885e+00,1.34324438e-04,6.83457782e-05
15,9,1.7575231574e-01,1.8355921887e-01,-2.8976717537e-03,1.0504824196e-02,0.9302324450,0.3669708411,0.3669708411,-0.9302324450,1.7476956323e-01,1.8120324475e-03,7.3486408078e-03,2.76584208e+00,4.37278002e-05,2.35681459e-05
16,9,1.6178232312e-01,1.8257583624e-01,-2.2559498436e-02,-8.6582782323e-04,0.7265879181,-0.6870735021,-0.6870735021,-0.7265879181,1.1916678392e-01,4.0014455093e-02,7.4964678678e-02,-2.38413904e+00,1.48750655e-04,7.59270690e-05
17,9,1.3462455750e-01,1.6570131156e-01,-4.0002580576e-02,-1.8085108730e-02,0.5261039805,-0.8504202500,-0.8504202500,-0.5261039805,6.3486964278e-02,1.1214021452e-01,1.6618310306e-01,-2.12480908e+00,2.30960935e-04,1.16815470e-04
18,9,1.0084685150e-01,1.3886005884e-01,-5.5077257497e-02,-3.4085693172e-02,0.3955206519,-0.9184570833,-0.9184570833,-0.3955206519,-9.6081328346e-03,2.5723213718e-01,3.2870364091e-01,-1.97743099e+00,3.05687631e-04,1.53743911e-04
19,9,6.2835379958e-02,1.0540054699e-01,-6.7974769009e-02,-4.8002570545e-02,0.3133084480,-0.9496514184,-0.9496514184,-0.3133084480,-9.8790483993e-02,4.9748597809e-01,5.8500820536e-01,-1.88947122e+00,3.63035229e-04,1.82197711e-04
20,9,2.2934586742e-02,6.7573125537e-02,-7.8928085905e-02,-6.0162805976e-02,0.2613565157,-0.9652423383,-0.9652423383,-0.2613565157,-2.1191216528e-01,8.8102388859e-01,9.8490003533e-01,-1.83522363e+00,3.88939819e-04,1.94938996e-04
21,9,-1.6527131864e-02,2.7665439311e-02,-8.8186226549e-02,-7.0856169297e-02,0.2302017401,-0.9731429283,-0.9731429283,-0.2302017401,-4.0133828090e-01,1.6412557173e+00,1.7683893829e+00,-1.80308131e+00,3.76251597e-04,1.88278970e-04
22,9,-5.3228740130e-02,-1.2020302200e-02,-9.6005569868e-02,-8.0357865668e-02,0.2162764933,-0.9763321558,-0.9763321558,-0.2162764933,-1.5442591997e+00,6.7398057354e+00,6.9934828872e+00,-1.78879541e+00,3.25968116e-04,1.63030485e-04
23,9,-8.4854110958e-02,-4.9175026837e-02,-1.0264740341e-01,-8.8936237583e-02,0.2215129624,-0.9751574270,-0.9751574270,-0.2215129624,3.4085351813e-01,-1.8953813431e+00,-1.8450605593e+00,-1.79416203e+00,2.45352334e-04,1.22519622e-04
24,9,-9.9671360028e-02,-8.1484760777e-02,-1.0529117916e-01,-9.6854725876e-02,0.1271052113,-0.9918892404,-0.9918892404,-0.1271052113,-9.7904795983e-02,-7.0456360221e-02,3.2222626598e-02,-1.69824630e+00,9.35090748e-05,4.74504977e-05
25,8,-1.0094330390e-01,-9.7429705427e-02,-1.0202272389e-01,-8.9709560671e-02,-0.9999848178,0.0055103602,0.0055103602,0.9999848178,-6.7296274084e-02,-9.6645853906e-02,3.2191190043e-02,5.51038809e-03,3.22025891e-05,1.64519020e-05
26,8,-1.0055140279e-01,-9.6273507029e-02,-9.1377319305e-02,-7.8171019556e-02,-0.9901306862,0.1401471523,0.1401471523,0.9901306862,-9.5246285101e+00,1.2693430822e+00,-9.5232102094e+00,1.40610032e-01,3.68411807e-05,1.84255619e-05
27,8,-9.9865985815e-02,-9.3328775176e-02,-8.0156181541e-02,-5.4408799697e-02,-0.9992717775,0.0381564495,0.0381564495,0.9992717775,-3.4473932609e-01,-5.8655237447e-02,-2.4822231672e-01,3.81657143e-02,1.37273191e-04,6.82393697e-05
28,8,-1.0065323635e-01,-9.3247999580e-02,-5.7619833659e-02,-2.6920912650e-02,-0.9997130047,-0.0239563833,-0.0239563833,0.9997130047,-8.8329296529e-01,-6.1580453942e-02,-7.8681363363e-01,-2.39586753e-02,1.92727274e-04,9.61963199e-05
29,8,-1.0197429762e-01,-9.3624997827e-02,-3.0503331443e-02,2.6413497399e-03,-0.9992499198,-0.0387246412,-0.0387246412,0.9992499198,8.4424149682e+00,3.1920546763e-01,8.5466453715e+00,-3.87343263e-02,2.24602456e-04,1.12323367e-04

DETAILED CIRCLE DATA:

Region 0 (9 circles):
Circle_Index,Center_X,Center_Y,Radius
0,-9.8349867455e-02,2.6448684963e-03,3.7617002648e-03
1,-9.8467181098e-02,6.4089124438e-03,3.7685427944e-03
2,-9.8572303419e-02,1.0178660953e-02,3.7723945612e-03
3,-9.8663148383e-02,1.3951142484e-02,3.7732767181e-03
4,-9.8737629952e-02,1.7723385497e-02,3.7712138386e-03
5,-9.8793662087e-02,2.1492418451e-02,3.7662341048e-03
6,-9.8829158753e-02,2.5255269806e-02,3.7583695379e-03
7,-9.8842033912e-02,2.9008968022e-02,3.7476562711e-03
8,-9.8830201526e-02,3.2750541558e-02,3.7341348706e-03

Region 1 (9 circles):
Circle_Index,Center_X,Center_Y,Radius
0,-9.8791575558e-02,3.6477018875e-02,3.7178507081e-03
1,-9.8724069972e-02,4.0185428431e-02,3.6988543901e-03
2,-9.8625598728e-02,4.3872798688e-02,3.6772022508e-03
3,-9.8494075791e-02,4.7536158103e-02,3.6529569146e-03
4,-9.8327415124e-02,5.1172535139e-02,3.6261879373e-03
5,-9.8123530687e-02,5.4778958253e-02,3.5969725341e-03
6,-9.7880336445e-02,5.8352455906e-02,3.5653964049e-03
7,-9.7595746361e-02,6.1890056558e-02,3.5315546679e-03
8,-9.7267674396e-02,6.5388788668e-02,3.4955529140e-03

Region 2 (9 circles):
Circle_Index,Center_X,Center_Y,Radius
0,-9.6894034513e-02,6.8845680696e-02,3.4575083935e-03
1,-9.6472740676e-02,7.2257761102e-02,3.4175513499e-03
2,-9.6001706846e-02,7.5622058346e-02,3.3758265125e-03
3,-9.5478846987e-02,7.8935600886e-02,3.3324947610e-03
4,-9.4902075061e-02,8.2195417185e-02,3.2877349718e-03
5,-9.4269305032e-02,8.5398535700e-02,3.2417460522e-03
6,-9.3578450861e-02,8.8541984891e-02,3.1947491631e-03
7,-9.2827426511e-02,9.1622793219e-02,3.1469901210e-03
8,-9.2014145945e-02,9.4637989143e-02,3.0987419561e-03

Region 3 (9 circles):
Circle_Index,Center_X,Center_Y,Radius
0,-9.1136523126e-02,9.7584601123e-02,3.0503075851e-03
1,-9.0192472017e-02,1.0045965762e-01,3.0020225314e-03
2,-8.9179906579e-02,1.0326018709e-01,2.9542575899e-03
3,-8.8096740777e-02,1.0598321800e-01,2.9074212935e-03
4,-8.6940888572e-02,1.0862577880e-01,2.8619619847e-03
5,-8.5710263928e-02,1.1118489795e-01,2.8183692377e-03
6,-8.4402780806e-02,1.1365760392e-01,2.7771743143e-03
7,-8.3016353170e-02,1.1604092517e-01,2.7389492803e-03
8,-8.1548894982e-02,1.1833189015e-01,2.7043043675e-03

Region 4 (9 circles):
Circle_Index,Center_X,Center_Y,Radius
0,-7.9998320205e-02,1.2052752732e-01,2.6738831628e-03
1,-7.8362542803e-02,1.2262486514e-01,2.6483552538e-03
2,-7.6639476736e-02,1.2462093208e-01,2.2826633784e-03
3,-7.5257334917e-02,1.2596574248e-01,1.8259487688e-03
4,-7.3863796795e-02,1.2697984401e-01,1.6455013853e-03
5,-7.2459067736e-02,1.2767546879e-01,1.5179093313e-03
6,-7.1043353109e-02,1.2806484893e-01,1.4489827492e-03
7,-6.9616858282e-02,1.2816021655e-01,1.4393944272e-03
8,-6.8179788623e-02,1.2797380376e-01,1.4833335614e-03

Region 5 (9 circles):
Circle_Index,Center_X,Center_Y,Radius
0,-6.6732349499e-02,1.2751784268e-01,1.5701620323e-03
1,-6.5274746278e-02,1.2680456543e-01,1.6877671535e-03
2,-6.3807184329e-02,1.2584620412e-01,1.8252581034e-03
3,-6.2329869018e-02,1.2465499087e-01,1.9740614667e-03
4,-6.0843005715e-02,1.2324315779e-01,2.1278824829e-03
5,-5.9346799787e-02,1.2162293699e-01,2.2822377105e-03
6,-5.7841456601e-02,1.1980656060e-01,2.4339574825e-03
7,-5.6327181526e-02,1.1780626073e-01,2.5807898003e-03
8,-5.4804179930e-02,1.1563426950e-01,2.7211169478e-03

Region 6 (9 circles):
Circle_Index,Center_X,Center_Y,Radius
0,-5.3272657180e-02,1.1330281901e-01,2.8537611828e-03
1,-5.1732818644e-02,1.1082414139e-01,2.9778532841e-03
2,-5.0184869691e-02,1.0821046874e-01,3.0927435488e-03
3,-4.8629015687e-02,1.0547403320e-01,3.1979410608e-03
4,-4.7065462002e-02,1.0262706687e-01,3.2930717980e-03
5,-4.5494414002e-02,9.9681801860e-02,3.3778493981e-03
6,-4.3916077056e-02,9.6650470297e-02,3.4520545388e-03
7,-4.2330656531e-02,9.3545304293e-02,3.5155202734e-03
8,-4.0738357796e-02,9.0378535963e-02,3.5681215597e-03

Region 7 (9 circles):
Circle_Index,Center_X,Center_Y,Radius
0,-3.9139386218e-02,8.7162397422e-02,3.6097678059e-03
1,-3.7533947165e-02,8.3909120787e-02,3.6403976467e-03
2,-3.5922246005e-02,8.0630938172e-02,3.6599754247e-03
3,-3.4304488107e-02,7.7340081694e-02,3.6684890359e-03
4,-3.2680878837e-02,7.4048783467e-02,3.6659489309e-03
5,-3.1051623564e-02,7.0769275608e-02,3.6523881676e-03
6,-2.9416927655e-02,6.7513790232e-02,3.6278634989e-03
7,-2.7776996479e-02,6.4294559454e-02,3.5924575633e-03
8,-2.6132035403e-02,6.1123815390e-02,3.5462823356e-03

Region 8 (9 circles):
Circle_Index,Center_X,Center_Y,Radius
0,-2.4482249795e-02,5.8013790155e-02,3.4894841059e-03
1,-2.2827845024e-02,5.4976715865e-02,3.4222503894e-03
2,-2.1169026456e-02,5.2024824636e-02,3.3448193607e-03
3,-1.9505999460e-02,4.9170348583e-02,3.2574926663e-03
4,-1.7838969404e-02,4.6425519822e-02,3.1606528416e-03
5,-1.6168141656e-02,4.3802570467e-02,3.0547870918e-03
6,-1.4493721583e-02,4.1313732636e-02,2.9405199618e-03
7,-1.2815914553e-02,3.8971238442e-02,2.8186585039e-03
8,-1.1134925935e-02,3.6787320002e-02,2.6902550425e-03

Region 9 (9 circles):
Circle_Index,Center_X,Center_Y,Radius
0,-9.4509610954e-03,3.4774209432e-02,2.5566945519e-03
1,-7.7642254031e-03,3.2944138846e-02,2.4198157402e-03
2,-6.0749242257e-03,3.1309340361e-02,2.2820761286e-03
3,-4.3832629310e-03,2.9882046092e-02,2.1467686851e-03
4,-2.6894468869e-03,2.8674488154e-02,2.0182837163e-03
5,-9.9368146135e-04,2.7698898663e-02,2.1706387050e-03
6,1.1710007733e-03,2.6697939140e-02,2.4656732926e-03
7,3.5419589111e-03,2.5769001492e-02,2.6272912635e-03
8,6.1099597771e-03,2.4909120203e-02,2.7879978641e-03

Region 10 (9 circles):
Circle_Index,Center_X,Center_Y,Radius
0,8.8657701966e-03,2.4115329758e-02,2.9459211792e-03
1,1.1800156995e-02,2.3384664641e-02,3.0996582402e-03
2,1.4903886997e-02,2.2714159335e-02,3.2481467576e-03
3,1.8167727027e-02,2.2100848325e-02,3.3905733708e-03
4,2.1582443912e-02,2.1541766096e-02,3.5263082487e-03
5,2.5138804476e-02,2.1033947130e-02,3.6548583190e-03
6,2.8827575544e-02,2.0574425913e-02,3.7758335814e-03
7,3.2639523942e-02,2.0160236929e-02,3.8889226260e-03
8,3.6565416495e-02,1.9788414661e-02,3.9938746628e-03

Region 11 (9 circles):
Circle_Index,Center_X,Center_Y,Radius
0,4.0596020027e-02,1.9455993594e-02,4.0904861981e-03
1,4.4722101364e-02,1.9160008212e-02,4.1785910567e-03
2,4.8934427332e-02,1.8897492999e-02,4.2580528415e-03
3,5.3223764755e-02,1.8665482440e-02,4.3287591859e-03
4,5.7580880458e-02,1.8461011018e-02,4.3906173414e-03
5,6.1996541266e-02,1.8281113217e-02,4.4435507707e-03
6,6.6461514006e-02,1.8122823523e-02,4.4874965078e-03
7,7.0966565501e-02,1.7983176418e-02,4.5224031117e-03
8,7.5502462577e-02,1.7859206387e-02,4.5482290863e-03

Region 12 (9 circles):
Circle_Index,Center_X,Center_Y,Radius
0,8.0059972060e-02,1.7747947914e-02,4.5649416736e-03
1,8.4629860774e-02,1.7646435483e-02,4.5725159527e-03
2,8.9202895544e-02,1.7551703579e-02,4.5709341982e-03
3,9.3769843196e-02,1.7460786686e-02,4.5601854633e-03
4,9.8321470555e-02,1.7370719287e-02,4.5402653706e-03
5,1.0284854445e-01,1.7278535867e-02,4.5111761017e-03
6,1.0734183169e-01,1.7181270910e-02,4.4729265882e-03
7,1.1179209912e-01,1.7075958901e-02,4.4255329203e-03
8,1.1619011356e-01,1.6959634322e-02,4.3690189991e-03

Region 13 (9 circles):
Circle_Index,Center_X,Center_Y,Radius
0,1.2052664183e-01,1.6829331660e-02,4.3034174770e-03
1,1.2479245076e-01,1.6682085396e-02,4.2287710495e-03
2,1.2897830717e-01,1.6514930017e-02,4.1451341899e-03
3,1.3307497789e-01,1.6324900005e-02,4.0525754540e-03
4,1.3707322974e-01,1.6109029846e-02,3.9511805361e-03
5,1.4096382955e-01,1.5864354023e-02,3.8410563306e-03
6,1.4473754414e-01,1.5587907020e-02,3.7223363629e-03
7,1.4838514035e-01,1.5276723321e-02,3.5951881174e-03
8,1.5189738498e-01,1.4927837411e-02,3.4598230283e-03

Region 14 (9 circles):
Circle_Index,Center_X,Center_Y,Radius
0,1.5526504488e-01,1.4538283774e-02,3.3165102740e-03
1,1.5847888686e-01,1.4105096894e-02,3.1655960884e-03
2,1.6152967775e-01,1.3625311255e-02,3.0075312029e-03
3,1.6440818437e-01,1.3095961341e-02,2.8429104664e-03
4,1.6710517355e-01,1.2514081637e-02,2.6725309738e-03
5,1.6961141212e-01,1.1876706626e-02,2.4974786842e-03
6,1.7191766689e-01,1.1180870793e-02,2.3192591911e-03
7,1.7401470471e-01,1.0423608621e-02,2.1399966450e-03
8,1.7589329238e-01,9.6019545957e-03,1.9627350078e-03

Region 15 (9 circles):
Circle_Index,Center_X,Center_Y,Radius
0,1.7754419674e-01,8.7129432002e-03,1.7918809959e-03
1,1.7895818460e-01,7.7536089191e-03,1.6338019645e-03
2,1.8012602281e-01,6.7209862363e-03,1.4974628198e-03
3,1.8103847817e-01,5.6121096361e-03,1.3946367475e-03
4,1.8168631752e-01,4.4240136026e-03,1.3387173724e-03
5,1.8206030768e-01,3.1537326199e-03,1.3413339088e-03
6,1.8215121548e-01,1.7983011722e-03,1.4080033888e-03
7,1.8194980774e-01,3.5475374357e-04,1.5362381806e-03
8,1.8144685128e-01,-1.1798751818e-03,1.7177965719e-03

Region 16 (9 circles):
Circle_Index,Center_X,Center_Y,Radius
0,1.8063311294e-01,-2.8085511197e-03,1.9427232964e-03
1,1.7949935953e-01,-4.5342395860e-03,2.4279292814e-03
2,1.7780205265e-01,-6.7499018687e-03,2.8190471630e-03
3,1.7597388392e-01,-8.9324255386e-03,2.8766845004e-03
4,1.7401802860e-01,-1.1082170891e-02,2.9373332776e-03
5,1.7193766195e-01,-1.3199498222e-02,3.0003989906e-03
6,1.6973595922e-01,-1.5284767826e-02,3.0653391686e-03
7,1.6741609566e-01,-1.7338339998e-02,3.1316619271e-03
8,1.6498124652e-01,-1.9360575035e-02,3.1989234013e-03

Region 17 (9 circles):
Circle_Index,Center_X,Center_Y,Radius
0,1.6243458706e-01,-2.1351833231e-02,3.2667245009e-03
1,1.5977929253e-01,-2.3312474882e-02,3.3347073205e-03
2,1.5701853818e-01,-2.5242860283e-02,3.4025514486e-03
3,1.5415549927e-01,-2.7143349729e-02,3.4699703397e-03
4,1.5119335105e-01,-2.9014303516e-02,3.5367078558e-03
5,1.4813526877e-01,-3.0856081939e-02,3.6025350427e-03
6,1.4498442768e-01,-3.2669045293e-02,3.6672471696e-03
7,1.4174400304e-01,-3.4453553875e-02,3.7306610442e-03
8,1.3841717010e-01,-3.6209967978e-02,3.7926125976e-03

Region 18 (9 circles):
Circle_Index,Center_X,Center_Y,Radius
0,1.3500710411e-01,-3.7938647899e-02,3.8529547273e-03
1,1.3151698033e-01,-3.9639953933e-02,3.9115553785e-03
2,1.2794997400e-01,-4.1314246375e-02,3.9682958445e-03
3,1.2430926039e-01,-4.2961885521e-02,4.0230692648e-03
4,1.2059801474e-01,-4.4583231665e-02,4.0757792995e-03
5,1.1681941231e-01,-4.6178645104e-02,4.1263389614e-03
6,1.1297662835e-01,-4.7748486132e-02,4.1746695866e-03
7,1.0907283812e-01,-4.9293115045e-02,4.2206999283e-03
8,1.0511121686e-01,-5.0812892139e-02,4.2643653583e-03

Region 19 (9 circles):
Circle_Index,Center_X,Center_Y,Radius
0,1.0109493982e-01,-5.2308177708e-02,4.3056071627e-03
1,9.7027182273e-02,-5.3779332048e-02,4.3443719216e-03
2,9.2911119456e-02,-5.5226715454e-02,4.3806109607e-03
3,8.8749926627e-02,-5.6650688222e-02,4.4142798668e-03
4,8.4546779038e-02,-5.8051610647e-02,4.4453380601e-03
5,8.0304851943e-02,-5.9429843025e-02,4.4737484144e-03
6,7.6027320593e-02,-6.0785745650e-02,4.4994769207e-03
7,7.1717360242e-02,-6.2119678818e-02,4.5224923894e-03
8,6.7378146143e-02,-6.3432002824e-02,4.5427661847e-03

Region 20 (9 circles):
Circle_Index,Center_X,Center_Y,Radius
0,6.3012853549e-02,-6.4723077965e-02,4.5602719888e-03
1,5.8624657712e-02,-6.5993264534e-02,4.5749855921e-03
2,5.4216733885e-02,-6.7242922828e-02,4.5868847064e-03
3,4.9792257322e-02,-6.8472413141e-02,4.5959487976e-03
4,4.5354403274e-02,-6.9682095770e-02,4.6021589373e-03
5,4.0906346996e-02,-7.0872331009e-02,4.6054976699e-03
6,3.6451263740e-02,-7.2043479154e-02,4.6059488942e-03
7,3.1992328758e-02,-7.3195900500e-02,4.6034977576e-03
8,2.7532717304e-02,-7.4329955343e-02,4.5981305621e-03

Region 21 (9 circles):
Circle_Index,Center_X,Center_Y,Radius
0,2.3075604630e-02,-7.5446003977e-02,4.5898346803e-03
1,1.8624165990e-02,-7.6544406699e-02,4.5785984813e-03
2,1.4181576636e-02,-7.7625523803e-02,4.5644112648e-03
3,9.7510118214e-03,-7.8689715585e-02,4.5472632032e-03
4,5.3356467985e-03,-7.9737342340e-02,4.5271452911e-03
5,9.3865682045e-04,-8.0768764364e-02,4.5040493021e-03
6,-3.4367828598e-03,-8.1784341952e-02,4.4779677507e-03
7,-7.7874969895e-03,-8.2784435399e-02,4.4488938624e-03
8,-1.2110310316e-02,-8.3769405001e-02,4.4168215480e-03

Region 22 (9 circles):
Circle_Index,Center_X,Center_Y,Radius
0,-1.6402047586e-02,-8.4739611053e-02,4.3817453853e-03
1,-2.0659533546e-02,-8.5695413850e-02,4.3436606059e-03
2,-2.4879592945e-02,-8.6637173688e-02,4.3025630888e-03
3,-2.9059050528e-02,-8.7565250862e-02,4.2584493599e-03
4,-3.3194731044e-02,-8.8480005667e-02,4.2113165993e-03
5,-3.7283459239e-02,-8.9381798399e-02,4.1611626547e-03
6,-4.1322059860e-02,-9.0270989352e-02,4.1079860650e-03
7,-4.5307357655e-02,-9.1147938824e-02,4.0517860912e-03
8,-4.9236177370e-02,-9.2013007108e-02,3.9925627597e-03

Region 23 (9 circles):
Circle_Index,Center_X,Center_Y,Radius
0,-5.3105343753e-02,-9.2866554500e-02,3.9303169169e-03
1,-5.6911681552e-02,-9.3708941296e-02,3.8650502992e-03
2,-6.0652015512e-02,-9.4540527790e-02,3.7967656193e-03
3,-6.4323170381e-02,-9.5361674278e-02,3.7254666747e-03
4,-6.7921970907e-02,-9.6172741057e-02,3.6511584799e-03
5,-7.1445241836e-02,-9.6974088419e-02,3.5738474313e-03
6,-7.4889807915e-02,-9.7766076662e-02,3.4935415089e-03
7,-7.8252493892e-02,-9.8549066081e-02,3.4102505268e-03
8,-8.1530124514e-02,-9.9323416970e-02,3.3239864437e-03

Region 24 (9 circles):
Circle_Index,Center_X,Center_Y,Radius
0,-8.4719524528e-02,-1.0008948963e-01,3.2347637503e-03
1,-8.7817518681e-02,-1.0084764434e-01,3.1425999546e-03
2,-9.0820931719e-02,-1.0159824142e-01,3.0475161945e-03
3,-9.3726588392e-02,-1.0234164114e-01,2.9495380176e-03
4,-9.6531313444e-02,-1.0307820382e-01,1.8344096114e-03
5,-9.7295947935e-02,-1.0315993712e-01,7.1440058314e-04
6,-9.7929599446e-02,-1.0297599146e-01,6.6339576131e-04
7,-9.8441454767e-02,-1.0254836141e-01,7.1461161387e-04
8,-9.8840700685e-02,-1.0189904155e-01,8.3065934268e-04

Region 25 (8 circles):
Circle_Index,Center_X,Center_Y,Radius
0,-9.9136523990e-02,-1.0105002646e-01,9.7269742806e-04
1,-9.9338111469e-02,-1.0002331073e-01,1.1172347571e-03
2,-9.9454649912e-02,-9.8840888944e-02,1.2524562799e-03
3,-9.9495326106e-02,-9.7524755673e-02,1.3724242713e-03
4,-9.9469326841e-02,-9.6096905504e-02,1.4739770583e-03
5,-9.9385838904e-02,-9.4579333016e-02,1.5553180269e-03
6,-9.9254049085e-02,-9.2994032793e-02,1.6153658551e-03
7,-9.9083144171e-02,-9.1362999416e-02,1.6534387444e-03

Region 26 (8 circles):
Circle_Index,Center_X,Center_Y,Radius
0,-9.8882310952e-02,-8.9708227465e-02,1.6690918398e-03
1,-9.8660736215e-02,-8.8051711523e-02,1.6620293822e-03
2,-9.8427606750e-02,-8.6415446171e-02,1.6320559488e-03
3,-9.8192109344e-02,-8.4821425991e-02,1.5790500972e-03
4,-9.7963430787e-02,-8.3291645564e-02,1.5029530749e-03
5,-9.7750757866e-02,-8.1848099471e-02,1.4037712061e-03
6,-9.7563277370e-02,-8.0512782295e-02,1.2815971757e-03
7,-9.7410176089e-02,-7.9307688616e-02,1.1366690597e-03

Region 27 (8 circles):
Circle_Index,Center_X,Center_Y,Radius
0,-9.7300640809e-02,-7.8254813016e-02,1.9013685250e-03
1,-9.7084734958e-02,-7.5519140629e-02,2.7812508570e-03
2,-9.6906702681e-02,-7.2706446714e-02,2.8542844957e-03
3,-9.6764457942e-02,-6.9819702812e-02,2.9250298145e-03
4,-9.6655914703e-02,-6.6861880462e-02,2.9933601234e-03
5,-9.6578986926e-02,-6.3835951206e-02,3.0591674830e-03
6,-9.6531588574e-02,-6.0744886582e-02,3.1223597982e-03
7,-9.6511633611e-02,-5.7591658132e-02,3.1828584353e-03

Region 28 (8 circles):
Circle_Index,Center_X,Center_Y,Radius
0,-9.6517035998e-02,-5.4379237395e-02,3.2405962637e-03
1,-9.6545709699e-02,-5.1110595913e-02,3.2955160439e-03
2,-9.6595568676e-02,-4.7788705224e-02,3.3475690955e-03
3,-9.6664526892e-02,-4.4416536870e-02,3.3967141971e-03
4,-9.6750498309e-02,-4.0997062390e-02,3.4429166760e-03
5,-9.6851396890e-02,-3.7533253326e-02,3.4861476547e-03
6,-9.6965136598e-02,-3.4028081216e-02,3.5263834282e-03
7,-9.7089631396e-02,-3.0484517602e-02,3.5636049516e-03

Region 29 (8 circles):
Circle_Index,Center_X,Center_Y,Radius
0,-9.7222795247e-02,-2.6905534023e-02,3.5977974196e-03
1,-9.7362542112e-02,-2.3294102020e-02,3.6289499259e-03
2,-9.7506785955e-02,-1.9653193133e-02,3.6570551894e-03
3,-9.7653440738e-02,-1.5985778903e-02,3.6821093409e-03
4,-9.7800420425e-02,-1.2294830869e-02,3.7041117614e-03
5,-9.7945638977e-02,-8.5833205718e-03,3.7230649674e-03
6,-9.8087010357e-02,-4.8542195517e-03,3.7389745393e-03
7,-9.8222448529e-02,-1.1104993489e-03,3.7518490889e-03
