Region Metadata for: shape_47.txt
================================================================================

REGION DEFINITION: Circle union (one circle per point)
  Each point gets a circle with radius = average distance to neighbors

Total vertices: 227
Number of regions: 30
Points per region:
  Region 0: 8 points
  Region 1: 8 points
  Region 2: 8 points
  Region 3: 8 points
  Region 4: 8 points
  Region 5: 8 points
  Region 6: 8 points
  Region 7: 8 points
  Region 8: 8 points
  Region 9: 8 points
  Region 10: 8 points
  Region 11: 8 points
  Region 12: 8 points
  Region 13: 8 points
  Region 14: 8 points
  Region 15: 8 points
  Region 16: 8 points
  Region 17: 7 points
  Region 18: 7 points
  Region 19: 7 points
  Region 20: 7 points
  Region 21: 7 points
  Region 22: 7 points
  Region 23: 7 points
  Region 24: 7 points
  Region 25: 7 points
  Region 26: 7 points
  Region 27: 7 points
  Region 28: 7 points
  Region 29: 7 points

REGION SUMMARY:
Region_Index,Num_Points,BBox_Min_X,BBox_Max_X,BBox_Min_Y,BBox_Max_Y,Normal_X,Normal_Y,Tangent_X,Tangent_Y,Fitted_Circle_X,Fitted_Circle_Y,Fitted_Circle_Radius,Local_AoA_Rad,Union_Area,Collection_Area
0,8,-7.4472842872e-02,-6.1269396989e-02,-3.7967094154e-03,3.5916995692e-02,-0.9902409296,-0.1393660699,-0.1393660699,0.9902409296,5.9087783361e-01,1.0877397406e-01,6.6538127526e-01,-1.39821208e-01,3.27039835e-04,1.64103003e-04
1,8,-7.7209247393e-02,-6.6016475028e-02,3.1412145255e-02,7.0980809843e-02,-0.9969538771,-0.0779933779,-0.0779933779,0.9969538771,4.1525277368e-01,8.9487045222e-02,4.8868963618e-01,-7.80726670e-02,3.21270912e-04,1.61372413e-04
2,8,-7.7421397215e-02,-6.8800586712e-02,6.6690735909e-02,1.0334764250e-01,-0.9999393445,0.0110139633,0.0110139633,0.9999393445,2.2232628278e-01,8.2127735325e-02,2.9559779282e-01,1.10141860e-02,2.74849754e-04,1.38383026e-04
3,8,-7.6255853250e-02,-6.5469456496e-02,9.9520462283e-02,1.3058583726e-01,-0.9876385979,0.1567482055,0.1567482055,0.9876385979,7.1911671291e-02,9.2925829590e-02,1.4474467240e-01,1.57397292e-01,2.01956142e-04,1.02165607e-04
4,8,-7.0900175578e-02,-5.8169876846e-02,1.2733901683e-01,1.4916449086e-01,-0.9073901220,0.4202893841,0.4202893841,0.9073901220,-1.4672588028e-02,1.1641812028e-01,5.4921022940e-02,4.33764216e-01,1.18108492e-04,6.06857508e-05
5,8,-6.0352909813e-02,-4.5812006455e-02,1.4539771806e-01,1.5146726191e-01,0.0926861261,0.9956953761,0.9956953761,-0.0926861261,-5.4196610498e-02,1.4080353681e-01,9.0716123597e-03,1.66361568e+00,4.90466919e-05,2.63922688e-05
6,8,-4.8445318134e-02,-2.8679830181e-02,1.2751620010e-01,1.4854974025e-01,0.7371950546,0.6756799919,0.6756799919,-0.7371950546,-9.9861116170e-02,8.3477260654e-02,8.2666105993e-02,2.39970594e+00,1.46472877e-04,7.45002827e-05
7,8,-3.3732207512e-02,-1.0614415874e-02,1.0039422082e-01,1.3179596191e-01,0.8393699863,0.5435605081,0.5435605081,-0.8393699863,-3.1251769708e-01,-7.1101055528e-02,3.4565666498e-01,2.56691946e+00,2.64090767e-04,1.32806168e-04
8,8,-1.6952565373e-02,6.1302872068e-03,7.0910609251e-02,1.0524653875e-01,0.8702355260,0.4926358992,0.4926358992,-0.8702355260,-8.7288563601e-01,-4.0275356245e-01,9.9684768134e-01,2.62647654e+00,2.98095539e-04,1.49333095e-04
9,8,-8.2259567398e-05,1.9432018873e-02,4.5812505356e-02,7.5502218378e-02,0.8771818280,0.4801583496,0.4801583496,-0.8771818280,3.8288657223e+00,2.1484734160e+00,-4.3524484416e+00,2.64075743e+00,2.21904619e-04,1.10859610e-04
10,8,1.4802844617e-02,2.9724075173e-02,2.8480332512e-02,4.9263745855e-02,0.8528628363,0.5221350232,0.5221350232,-0.8528628363,1.9059597234e-01,1.4162422732e-01,-1.9736499913e-01,2.59224026e+00,1.12345656e-04,5.58900040e-05
11,8,2.5755013989e-02,4.4857658945e-02,7.1039948412e-03,3.1706034405e-02,0.8195304116,0.5730356921,0.5730356921,-0.8195304116,1.0925974993e+00,7.6001895174e-01,-1.2910133730e+00,2.53138739e+00,1.68307277e-04,8.40295680e-05
12,8,3.9828043753e-02,6.2283600634e-02,-1.7740499129e-02,1.1286982388e-02,0.8210032811,0.5709234733,0.5709234733,-0.8210032811,-1.0669569758e+00,-7.8085916714e-01,1.3618854290e+00,2.53396243e+00,2.32447173e-04,1.16348738e-04
13,8,5.6680277736e-02,7.9086494448e-02,-4.3936947139e-02,-1.3186972672e-02,0.8432845948,0.5374672940,0.5374672940,-0.8432845948,-3.7063913418e-01,-3.0831825303e-01,5.2034657335e-01,2.57416181e+00,2.50550051e-04,1.25738027e-04
14,8,7.3377164969e-02,9.2375281761e-02,-6.9393494098e-02,-3.9580483339e-02,0.8868305642,0.4620947419,0.4620947419,-0.8868305642,-1.3057157137e-01,-1.6621571097e-01,2.4134062655e-01,2.66123685e+00,2.18826319e-04,1.10206107e-04
15,8,8.6957272210e-02,9.9332333332e-02,-9.2091714297e-02,-6.5731319905e-02,0.9549114854,0.2968906448,0.2968906448,-0.9549114854,3.4512711485e-03,-1.0741975755e-01,9.4917497367e-02,2.84015783e+00,1.53653442e-04,7.80924214e-05
16,8,9.3789820629e-02,9.9774447520e-02,-1.0933167231e-01,-8.9390124509e-02,0.9948398264,-0.1014579707,-0.1014579707,-0.9948398264,6.6572233318e-02,-9.7058426561e-02,3.0798692199e-02,-3.03995981e+00,8.56403382e-05,4.44871482e-05
17,7,8.4336347169e-02,9.5998466936e-02,-1.1245754837e-01,-1.0754064101e-01,0.1492747361,-0.9887957591,-0.9887957591,-0.1492747361,8.9630556653e-02,-1.0360207789e-01,7.3723410288e-03,-1.72063108e+00,3.52324909e-05,1.90906117e-05
18,7,6.7693629481e-02,8.6466444732e-02,-1.1163005514e-01,-9.7965196592e-02,-0.5281648712,-0.8491418426,-0.8491418426,0.5281648712,1.1445079367e-01,-4.6574353105e-02,6.9807392324e-02,-1.01435837e+00,1.04897322e-04,5.34152581e-05
19,7,4.7893610207e-02,7.1590162475e-02,-1.0245154425e-01,-8.1322818816e-02,-0.6453968937,-0.7638473994,-0.7638473994,0.6453968937,3.0788989899e-01,2.0074834231e-01,3.8386862793e-01,-8.69253559e-01,1.90265631e-04,9.55613956e-05
20,7,2.7569709064e-02,5.2721867366e-02,-8.6478537709e-02,-6.3286100989e-02,-0.6638959305,-0.7478249752,-0.7478249752,0.6638959305,-1.4621651637e+00,-1.7654101422e+00,-2.2616303532e+00,-8.44779852e-01,2.20129122e-04,1.10003894e-04
21,7,9.2149638162e-03,3.2268063611e-02,-6.8371568443e-02,-4.8602109583e-02,-0.6235320901,-0.7817977568,-0.7817977568,0.6235320901,-1.2574303035e-01,-2.4099372180e-01,-2.3430477475e-01,-8.97543811e-01,1.74737164e-04,8.67305357e-05
22,7,-4.6426461845e-03,1.2749441358e-02,-5.2905355309e-02,-4.2052852662e-02,-0.4403942070,-0.8978045124,-0.8978045124,0.4403942070,-1.4961442230e-02,-8.3715468231e-02,-4.1827129295e-02,-1.11475862e+00,8.45166794e-05,4.10443146e-05
23,7,-1.6717620859e-02,-2.9464032597e-03,-5.1217560461e-02,-4.2188757165e-02,0.4643391377,-0.8856574763,-0.8856574763,-0.4643391377,2.0722376245e-04,-6.3805597504e-02,-2.0815055825e-02,-2.05368461e+00,5.49990032e-05,2.63237651e-05
24,7,-3.0877853209e-02,-1.3663649236e-02,-6.4756960243e-02,-4.7861089349e-02,0.6974222855,-0.7166604187,-0.7166604187,-0.6974222855,1.2532120632e-01,-2.0721020740e-01,-2.1124454204e-01,-2.34259066e+00,1.09852492e-04,5.46237630e-05
25,7,-4.2570409956e-02,-2.7250085943e-02,-7.5982475247e-02,-6.1178837490e-02,0.6892252897,-0.7245471000,-0.7245471000,-0.6892252897,-1.2703033642e-01,2.6911513498e-02,1.3289897285e-01,-2.33121560e+00,8.69048004e-05,4.38606340e-05
26,7,-4.9348529010e-02,-4.0356985623e-02,-7.8041243931e-02,-7.3400433698e-02,0.1363467611,-0.9906611735,-0.9906611735,-0.1363467611,-4.5865823023e-02,-7.2339042307e-02,4.5707053906e-03,-1.70756912e+00,2.33717120e-05,1.27540940e-05
27,7,-5.6951361592e-02,-4.6788033381e-02,-7.6851889305e-02,-5.4212151102e-02,-0.9633507183,-0.2682450252,-0.2682450252,0.9633507183,3.2698910228e-01,3.8953821793e-02,3.9263526013e-01,-2.71570828e-01,1.26305638e-04,6.36866394e-05
28,7,-6.3414173334e-02,-5.0980170670e-02,-5.7716839923e-02,-2.8489812794e-02,-0.9746102251,-0.2239082604,-0.2239082604,0.9746102251,5.6412630542e-01,9.9270532803e-02,6.3733109507e-01,-2.25822711e-01,2.03410155e-04,1.01998712e-04
29,7,-6.9277219852e-02,-5.6223130391e-02,-3.2578689167e-02,6.2556470070e-04,-0.9827699513,-0.1848329595,-0.1848329595,0.9827699513,6.5745504800e-01,1.1928936780e-01,7.3278392317e-01,-1.85901891e-01,2.58780829e-04,1.29848139e-04

DETAILED CIRCLE DATA:

Region 0 (8 circles):
Circle_Index,Center_X,Center_Y,Radius
0,-6.5650083714e-02,5.8397731040e-04,4.3806867258e-03
1,-6.6348462458e-02,4.9245281910e-03,4.4096044030e-03
2,-6.7023751898e-02,9.2955053543e-03,4.4336112228e-03
3,-6.7674191442e-02,1.3692040408e-02,4.4527232439e-03
4,-6.8298020499e-02,1.8109264958e-02,4.4669581251e-03
5,-6.8893478480e-02,2.2542310614e-02,4.4763352837e-03
6,-6.9458804794e-02,2.6986308981e-02,4.4808760792e-03
7,-6.9992238848e-02,3.1436391668e-02,4.4806040240e-03

Region 1 (8 circles):
Circle_Index,Center_X,Center_Y,Radius
0,-7.0492020054e-02,3.5887690281e-02,4.4755450259e-03
1,-7.0956387820e-02,4.0335336429e-02,4.4657276680e-03
2,-7.1383581555e-02,4.4774461718e-02,4.4511835305e-03
3,-7.1771840668e-02,4.9200197756e-02,4.4319475621e-03
4,-7.2119404570e-02,5.3607676150e-02,4.4080585094e-03
5,-7.2424512668e-02,5.7992028508e-02,4.3795594146e-03
6,-7.2685404373e-02,6.2348386436e-02,4.3464981919e-03
7,-7.2900319093e-02,6.6671881543e-02,4.3089283000e-03

Region 2 (8 circles):
Circle_Index,Center_X,Center_Y,Radius
0,-7.3067496238e-02,7.0957645435e-02,4.2669095255e-03
1,-7.3185175217e-02,7.5200809720e-02,4.2205089000e-03
2,-7.3251595439e-02,7.9396506005e-02,4.1698017757e-03
3,-7.3264996314e-02,8.3539865898e-02,4.1148730912e-03
4,-7.3223617250e-02,8.7626021006e-02,4.0558188653e-03
5,-7.3125697657e-02,9.1650102937e-02,3.9927479633e-03
6,-7.2969476945e-02,9.5607243297e-02,3.9257841945e-03
7,-7.2753194522e-02,9.9492573694e-02,3.8550688050e-03

Region 3 (8 circles):
Circle_Index,Center_X,Center_Y,Radius
0,-7.2475089798e-02,1.0330122574e-01,3.7807634518e-03
1,-7.2133402182e-02,1.0702833103e-01,3.7030537541e-03
2,-7.1726371083e-02,1.1066902118e-01,3.6221535430e-03
3,-7.1252235910e-02,1.1421842780e-01,3.5383099500e-03
4,-7.0709236073e-02,1.1767168249e-01,3.4518094996e-03
5,-7.0095610981e-02,1.2102391687e-01,3.3629853955e-03
6,-6.9409600043e-02,1.2427026253e-01,3.2722262070e-03
7,-6.8649442668e-02,1.2740585108e-01,3.1799861721e-03

Region 4 (8 circles):
Circle_Index,Center_X,Center_Y,Radius
0,-6.7813378266e-02,1.3042581415e-01,3.0867973116e-03
1,-6.6899646247e-02,1.3332528332e-01,2.9932834889e-03
2,-6.5906486018e-02,1.3609939021e-01,2.9001764018e-03
3,-6.4832136989e-02,1.3874326642e-01,2.8083332236e-03
4,-6.3674838570e-02,1.4125204357e-01,2.7187551468e-03
5,-6.2432830170e-02,1.4362085326e-01,2.6326053455e-03
6,-6.1104351198e-02,1.4584482709e-01,2.2463987875e-03
7,-5.9965708729e-02,1.4736865898e-01,1.7958318825e-03

Region 5 (8 circles):
Circle_Index,Center_X,Center_Y,Radius
0,-5.8736397090e-02,1.4852749384e-01,1.6165127235e-03
1,-5.7420511168e-02,1.4933445953e-01,1.5091442023e-03
2,-5.6022145849e-02,1.4980268390e-01,1.4791462961e-03
3,-5.4545396021e-02,1.4994529482e-01,1.5219670994e-03
4,-5.2994356568e-02,1.4977542012e-01,1.6240439127e-03
5,-5.1373122379e-02,1.4930618767e-01,1.7682540361e-03
6,-4.9685788338e-02,1.4855072533e-01,1.9390262995e-03
7,-4.7936449333e-02,1.4752216094e-01,2.1244428786e-03

Region 6 (8 circles):
Circle_Index,Center_X,Center_Y,Radius
0,-4.6129200250e-02,1.4623362236e-01,2.3161178834e-03
1,-4.4268135976e-02,1.4469823745e-01,2.5083348352e-03
2,-4.2357351396e-02,1.4292913407e-01,2.6972088969e-03
3,-4.0400941397e-02,1.4093944005e-01,2.8800703875e-03
4,-3.8403000866e-02,1.3874228327e-01,3.0550524804e-03
5,-3.6367624689e-02,1.3635079158e-01,3.2208240401e-03
6,-3.4298907753e-02,1.3377809282e-01,3.3764171522e-03
7,-3.2200944943e-02,1.3103731486e-01,3.5211147614e-03

Region 7 (8 circles):
Circle_Index,Center_X,Center_Y,Radius
0,-3.0077831146e-02,1.2814158555e-01,3.6543763662e-03
1,-2.7933661249e-02,1.2510403274e-01,3.7757880206e-03
2,-2.5772530138e-02,1.2193778429e-01,3.8850280865e-03
3,-2.3598532700e-02,1.1865596805e-01,3.9818433597e-03
4,-2.1415763820e-02,1.1527171189e-01,4.0660321478e-03
5,-1.9228318386e-02,1.1179814364e-01,4.1374320871e-03
6,-1.7040291283e-02,1.0824839118e-01,4.1959112433e-03
7,-1.4855777399e-02,1.0463558234e-01,4.2413615255e-03

Region 8 (8 circles):
Circle_Index,Center_X,Center_Y,Radius
0,-1.2678871619e-02,1.0097284500e-01,4.2736937541e-03
1,-1.0513668830e-02,9.7273306990e-02,4.2928339300e-03
2,-8.3642639182e-03,9.3550096182e-02,4.2987203886e-03
3,-6.2347517702e-03,8.9816340424e-02,4.2913016169e-03
4,-4.1292272723e-03,8.6085167573e-02,4.2705345760e-03
5,-2.0517853110e-03,8.2369705482e-02,4.2363834171e-03
6,-6.5207726955e-06,7.8683082007e-02,4.1888185128e-03
7,2.0024714562e-03,7.5038425002e-02,4.1278157506e-03

Region 9 (8 circles):
Circle_Index,Center_X,Center_Y,Radius
0,3.9710964894e-03,7.1448862322e-02,4.0533560568e-03
1,5.8952594403e-03,6.7927521821e-02,3.9654251372e-03
2,7.7708654227e-03,6.4487531354e-02,3.8640134407e-03
3,9.5938195500e-03,6.1142018776e-02,3.7491163745e-03
4,1.1360026936e-02,5.7904111942e-02,3.6207348328e-03
5,1.3065392694e-02,5.4786938706e-02,3.4788761460e-03
6,1.4705821938e-02,5.1803626923e-02,3.3235556360e-03
7,1.6277219781e-02,4.8967304448e-02,3.1547990925e-03

Region 10 (8 circles):
Circle_Index,Center_X,Center_Y,Radius
0,1.7775491337e-02,4.6291099136e-02,2.9726467198e-03
1,1.9196541719e-02,4.3788138840e-02,2.7771595427e-03
2,2.0536276042e-02,4.1471551417e-02,2.5684301285e-03
3,2.1790599418e-02,3.9354464719e-02,2.3466013078e-03
4,2.2955416962e-02,3.7450006604e-02,2.2945033599e-03
5,2.4216060857e-02,3.5458973469e-02,2.4265299800e-03
6,2.5576287256e-02,3.3365595425e-02,2.5632906448e-03
7,2.7030385616e-02,3.1174022069e-02,2.6936895570e-03

Region 11 (8 circles):
Circle_Index,Center_X,Center_Y,Radius
0,2.8572645396e-02,2.8888402998e-02,2.8176314071e-03
1,3.0197356056e-02,2.6512887809e-02,2.9350458554e-03
2,3.1898807053e-02,2.4051626100e-02,3.0458809130e-03
3,3.3671287846e-02,2.1508767466e-02,3.1500984157e-03
4,3.5509087893e-02,1.8888461506e-02,3.2476708729e-03
5,3.7406496654e-02,1.6194857816e-02,3.3385792451e-03
6,3.9357803587e-02,1.3432105994e-02,3.4228113622e-03
7,4.1357298151e-02,1.0604355635e-02,3.5003607940e-03

Region 12 (8 circles):
Circle_Index,Center_X,Center_Y,Radius
0,4.3399269803e-02,7.7157563381e-03,3.5712260501e-03
1,4.5478008003e-02,4.7704576992e-03,3.6354100228e-03
2,4.7587802209e-02,1.7726093156e-03,3.6929196178e-03
3,4.9722941880e-02,-1.2736392157e-03,3.7437655317e-03
4,5.1877716474e-02,-4.3641382976e-03,3.7879621523e-03
5,5.4046415450e-02,-7.4947383332e-03,3.8255275628e-03
6,5.6223328267e-02,-1.0661289725e-02,3.8564836416e-03
7,5.8402744383e-02,-1.3859642877e-02,3.8808562516e-03

Region 13 (8 circles):
Circle_Index,Center_X,Center_Y,Radius
0,6.0578953256e-02,-1.7085648192e-02,3.8986755199e-03
1,6.2746244346e-02,-2.0335156072e-02,3.9099762115e-03
2,6.4898907110e-02,-2.3604016921e-02,3.9147982045e-03
3,6.7031231008e-02,-2.6888081141e-02,3.9131870796e-03
4,6.9137505498e-02,-3.0183199135e-02,3.9051948388e-03
5,7.1212020039e-02,-3.3485221308e-02,3.8908807769e-03
6,7.3249064088e-02,-3.6789998060e-02,3.8703125304e-03
7,7.5242927106e-02,-4.0093379797e-02,3.8435673419e-03

Region 14 (8 circles):
Circle_Index,Center_X,Center_Y,Radius
0,7.7187898549e-02,-4.3391216919e-02,3.8107335806e-03
1,7.9078267878e-02,-4.6679359832e-02,3.7719125759e-03
2,8.0908324550e-02,-4.9953658936e-02,3.7272208329e-03
3,8.2672358025e-02,-5.3209964636e-02,3.6767927147e-03
4,8.4364657760e-02,-5.6444127335e-02,3.6207837020e-03
5,8.5979513214e-02,-5.9651997435e-02,3.5593743640e-03
6,8.7511213846e-02,-6.2829425339e-02,3.4927752119e-03
7,8.8954049114e-02,-6.5972261451e-02,3.4212326473e-03

Region 15 (8 circles):
Circle_Index,Center_X,Center_Y,Radius
0,9.0302308477e-02,-6.9076356173e-02,3.3450362671e-03
1,9.1550281394e-02,-7.2137559908e-02,3.2645278512e-03
2,9.2692257324e-02,-7.5151723059e-02,3.1801124210e-03
3,9.3722525723e-02,-7.8114696030e-02,3.0922718307e-03
4,9.4635376053e-02,-8.1022329224e-02,3.0015814091e-03
5,9.5425097770e-02,-8.3870473042e-02,2.9087301919e-03
6,9.6085980333e-02,-8.6654977889e-02,2.8145452181e-03
7,9.6612313202e-02,-8.9371694167e-02,2.7200201303e-03

Region 16 (8 circles):
Circle_Index,Center_X,Center_Y,Radius
0,9.6998385834e-02,-9.2016472279e-02,2.6263477702e-03
1,9.7238487689e-02,-9.4585162628e-02,2.5349553953e-03
2,9.7326908224e-02,-9.7073615618e-02,2.4475392958e-03
3,9.7257936899e-02,-9.9477681650e-02,2.3660927034e-03
4,9.7025863171e-02,-1.0179321113e-01,2.2929169714e-03
5,9.6624976501e-02,-1.0401605446e-01,2.2306017367e-03
6,9.6049566345e-02,-1.0614206204e-01,1.9575267966e-03
7,9.5396349109e-02,-1.0772514383e-01,1.6065284797e-03

Region 17 (7 circles):
Circle_Index,Center_X,Center_Y,Radius
0,9.4564890204e-02,-1.0897421774e-01,1.4335767313e-03
1,9.3562480528e-02,-1.0990314619e-01,1.3442725074e-03
2,9.2396410977e-02,-1.1052579157e-01,1.3424698934e-03
3,9.1073972447e-02,-1.1085601630e-01,1.4177342500e-03
4,8.9602455834e-02,-1.1090768279e-01,1.5498655786e-03
5,8.7989152036e-02,-1.1069465344e-01,1.7178073425e-03
6,8.6241351948e-02,-1.1023079067e-01,1.9050047789e-03

Region 18 (7 circles):
Circle_Index,Center_X,Center_Y,Radius
0,8.4366346467e-02,-1.0952995687e-01,2.1000982648e-03
1,8.2371426490e-02,-1.0860601447e-01,2.2956850144e-03
2,8.0263882913e-02,-1.0747282587e-01,2.4869734391e-03
3,7.8051006632e-02,-1.0614425348e-01,2.6708184457e-03
4,7.5740088545e-02,-1.0463415971e-01,2.8451097215e-03
5,7.3338419546e-02,-1.0295640696e-01,3.0083970960e-03
6,7.0853290534e-02,-1.0112485765e-01,3.1596610529e-03

Region 19 (7 circles):
Circle_Index,Center_X,Center_Y,Radius
0,6.8291992404e-02,-9.9153374176e-02,3.2981700714e-03
1,6.5661816053e-02,-9.7055818958e-02,3.4233901285e-03
2,6.2970052377e-02,-9.4846054403e-02,3.5349260411e-03
3,6.0223992273e-02,-9.2537942917e-02,3.6324826607e-03
4,5.7430926638e-02,-9.0145346909e-02,3.7158387349e-03
5,5.4598146367e-02,-8.7682128790e-02,3.7848290525e-03
6,5.1732942357e-02,-8.5162150966e-02,3.8393321500e-03

Region 20 (7 circles):
Circle_Index,Center_X,Center_Y,Radius
0,4.8842605505e-02,-8.2599275848e-02,3.8792618612e-03
1,4.5934426707e-02,-8.0007365843e-02,3.9045616176e-03
2,4.3015696860e-02,-7.7400283360e-02,3.9152008119e-03
3,4.0093706859e-02,-7.4791890809e-02,3.9111728010e-03
4,3.7175747603e-02,-7.2196050598e-02,3.8924943260e-03
5,3.4269109986e-02,-6.9626625136e-02,3.8592062724e-03
6,3.1381084906e-02,-6.7097476830e-02,3.8113758418e-03

Region 21 (7 circles):
Circle_Index,Center_X,Center_Y,Radius
0,2.8518963259e-02,-6.4622468092e-02,3.7491003518e-03
1,2.5690035941e-02,-6.2215461328e-02,3.6725130673e-03
2,2.2901593850e-02,-5.9890318947e-02,3.5817917214e-03
3,2.0160927880e-02,-5.7660903359e-02,3.4771707507e-03
4,1.7475328930e-02,-5.5541076973e-02,3.3589588380e-03
5,1.4852087895e-02,-5.3544702196e-02,3.2275642454e-03
6,1.2298495672e-02,-5.1685641438e-02,3.0835318555e-03

Region 22 (7 circles):
Circle_Index,Center_X,Center_Y,Radius
0,9.8218431566e-03,-4.9977757108e-02,2.9275982010e-03
1,7.4294212464e-03,-4.8434911613e-02,2.7607746858e-03
2,5.1285208374e-03,-4.7070967364e-02,2.5844757582e-03
3,2.9264328260e-03,-4.5899786768e-02,2.4007195954e-03
4,8.3044810889e-04,-4.4935232234e-02,2.2124456746e-03
5,-1.1521424176e-03,-4.4191166172e-02,2.0240156506e-03
6,-3.0140478570e-03,-4.3681450990e-02,1.6285983275e-03

Region 23 (7 circles):
Circle_Index,Center_X,Center_Y,Radius
0,-4.3368868772e-03,-4.3579240783e-02,1.3904836175e-03
1,-5.7743436095e-03,-4.3799180234e-02,1.5397575595e-03
2,-7.3157057757e-03,-4.4314834499e-02,1.7192922367e-03
3,-8.9502610981e-03,-4.5099768735e-02,1.9071951896e-03
4,-1.0667297299e-02,-4.6127548097e-02,2.0900436525e-03
5,-1.2456102099e-02,-4.7371737742e-02,2.2598193504e-03
6,-1.4305963223e-02,-4.8805902825e-02,2.4116576366e-03

Region 24 (7 circles):
Circle_Index,Center_X,Center_Y,Radius
0,-1.6206168390e-02,-5.0403608503e-02,2.5425191541e-03
1,-1.8146005324e-02,-5.2138419931e-02,2.6504461872e-03
2,-2.0114761747e-02,-5.3983902267e-02,2.7341452765e-03
3,-2.2101725380e-02,-5.5913620665e-02,2.7927481355e-03
4,-2.4096183946e-02,-5.7901140282e-02,2.8256717872e-03
5,-2.6087425167e-02,-5.9920026274e-02,2.8325360816e-03
6,-2.8064736764e-02,-6.1943843797e-02,2.8131164452e-03

Region 25 (7 circles):
Circle_Index,Center_X,Center_Y,Radius
0,-3.0017406460e-02,-6.3946158008e-02,2.7673205178e-03
1,-3.1934721978e-02,-6.5900534062e-02,2.6951839073e-03
2,-3.3805971038e-02,-6.7780537115e-02,2.5968853579e-03
3,-3.5620441363e-02,-6.9559732323e-02,2.4727872754e-03
4,-3.7367420676e-02,-7.1211684843e-02,2.3235165277e-03
5,-3.9036196698e-02,-7.2709959830e-02,2.1501180610e-03
6,-4.0616057151e-02,-7.4028122441e-02,1.9543528051e-03

Region 26 (7 circles):
Circle_Index,Center_X,Center_Y,Radius
0,-4.2096289758e-02,-7.5139737832e-02,1.7393041346e-03
1,-4.3466182240e-02,-7.6018371159e-02,1.5106894430e-03
2,-4.4715022319e-02,-7.6637587577e-02,1.2798416617e-03
3,-4.5832097718e-02,-7.6970952244e-02,1.0702916872e-03
4,-4.6806696159e-02,-7.6992030314e-02,9.2775690019e-04
5,-4.7628105364e-02,-7.6674386945e-02,9.1429829477e-04
6,-4.8285613054e-02,-7.5991587291e-02,1.0629159561e-03

Region 27 (7 circles):
Circle_Index,Center_X,Center_Y,Radius
0,-4.8768506952e-02,-7.4917196510e-02,1.9346927951e-03
1,-4.9545064628e-02,-7.2340196267e-02,2.7570312473e-03
2,-5.0335505406e-02,-6.9630533496e-02,2.8856869614e-03
3,-5.1138068694e-02,-6.6793076589e-02,3.0093718790e-03
4,-5.1950993902e-02,-6.3832693939e-02,3.1280712815e-03
5,-5.2772520439e-02,-6.0754253938e-02,3.2417744677e-03
6,-5.3600887714e-02,-5.7562624980e-02,3.3504738781e-03

Region 28 (7 circles):
Circle_Index,Center_X,Center_Y,Radius
0,-5.4434335136e-02,-5.4262675457e-02,3.4541644661e-03
1,-5.5271102116e-02,-5.0859273762e-02,3.5528432400e-03
2,-5.6109428061e-02,-4.7357288286e-02,3.6465089292e-03
3,-5.6947552382e-02,-4.3761587424e-02,3.7351617384e-03
4,-5.7783714486e-02,-4.0077039568e-02,3.8188031686e-03
5,-5.8616153785e-02,-3.6308513109e-02,3.8974358890e-03
6,-5.9443109687e-02,-3.2460876441e-02,3.9710636469e-03

Region 29 (7 circles):
Circle_Index,Center_X,Center_Y,Radius
0,-6.0262821600e-02,-2.8538997957e-02,4.0396912093e-03
1,-6.1073528936e-02,-2.4547746049e-02,4.1033243291e-03
2,-6.1873471102e-02,-2.0491989110e-02,4.1619697328e-03
3,-6.2660887507e-02,-1.6376595533e-02,4.2156351269e-03
4,-6.3434017562e-02,-1.2206433709e-02,4.2643292202e-03
5,-6.4191100676e-02,-7.9863720323e-03,4.3080617621e-03
6,-6.4930376257e-02,-3.7212788949e-03,4.3468435956e-03
