Region Metadata for: shape_30.txt
================================================================================

REGION DEFINITION: Circle union (one circle per point)
  Each point gets a circle with radius = average distance to neighbors

Total vertices: 267
Number of regions: 30
Points per region:
  Region 0: 9 points
  Region 1: 9 points
  Region 2: 9 points
  Region 3: 9 points
  Region 4: 9 points
  Region 5: 9 points
  Region 6: 9 points
  Region 7: 9 points
  Region 8: 9 points
  Region 9: 9 points
  Region 10: 9 points
  Region 11: 9 points
  Region 12: 9 points
  Region 13: 9 points
  Region 14: 9 points
  Region 15: 9 points
  Region 16: 9 points
  Region 17: 9 points
  Region 18: 9 points
  Region 19: 9 points
  Region 20: 9 points
  Region 21: 9 points
  Region 22: 9 points
  Region 23: 9 points
  Region 24: 9 points
  Region 25: 9 points
  Region 26: 9 points
  Region 27: 8 points
  Region 28: 8 points
  Region 29: 8 points

REGION SUMMARY:
Region_Index,Num_Points,BBox_Min_X,BBox_Max_X,BBox_Min_Y,BBox_Max_Y,Normal_X,Normal_Y,Tangent_X,Tangent_Y,Fitted_Circle_X,Fitted_Circle_Y,Fitted_Circle_Radius,Local_AoA_Rad,Union_Area,Collection_Area
0,9,-1.2640921217e-01,-1.0913938392e-01,-4.6252439850e-04,3.0820333119e-02,-0.9183582811,0.3957500064,0.3957500064,0.9183582811,5.2750088740e-02,-5.8780013017e-02,1.8645047123e-01,4.06884389e-01,2.07447193e-04,1.04730622e-04
1,9,-1.1456221504e-01,-9.3084100335e-02,2.6902498449e-02,5.8520747695e-02,-0.8623618640,0.5062924210,0.5062924210,0.8623618640,1.8474215882e-01,-1.2683421973e-01,3.3498878945e-01,5.30880006e-01,2.33143311e-04,1.17196428e-04
2,9,-9.8195575296e-02,-7.6396615067e-02,5.4444693800e-02,8.2743477231e-02,-0.8188957090,0.5739423470,0.5739423470,0.8188957090,2.6212604445e-01,-1.7595329684e-01,4.2665057175e-01,6.11312003e-01,2.02683425e-04,1.01721713e-04
3,9,-8.0632527284e-02,-6.2464773454e-02,7.9102483622e-02,1.0036233269e-01,-0.7776750283,0.6286664858,0.6286664858,0.7776750283,1.7680577961e-01,-1.1006698020e-01,3.1885167506e-01,6.79837276e-01,1.25241839e-04,6.28310359e-05
4,9,-6.4784991426e-02,-5.3798745919e-02,9.5907263003e-02,1.0184638797e-01,0.2746189132,0.9615531460,0.9615531460,-0.2746189132,-6.0670658275e-02,9.5185721205e-02,5.5219896188e-03,1.84898968e+00,3.03369846e-05,1.62464006e-05
5,9,-5.6069564109e-02,-4.1593017172e-02,8.0204488161e-02,9.8085869720e-02,0.7989531016,0.6013933334,0.6013933334,-0.7989531016,-2.2117116383e-01,-3.9053616024e-02,2.1491527458e-01,2.49634874e+00,8.48690204e-05,4.26726620e-05
6,9,-4.4842111656e-02,-2.9965332569e-02,6.7243573322e-02,8.2961411843e-02,0.7327029977,0.6805485414,0.6805485414,-0.7327029977,1.7557103054e-03,1.1022456440e-01,-5.3201716875e-02,2.39308162e+00,7.57200287e-05,3.71547806e-05
7,9,-3.1715998875e-02,-1.7603710937e-02,6.5917302927e-02,7.3187312816e-02,-0.2846579478,0.9586291529,0.9586291529,0.2846579478,-2.7004409455e-02,7.5959777105e-02,-8.6630476485e-03,1.28214673e+00,4.54428505e-05,2.12169506e-05
8,9,-2.0267167662e-02,-5.3137495674e-03,7.0654165375e-02,9.2431382578e-02,-0.8584587289,0.5128826481,0.5128826481,0.8584587289,-8.3775384092e-02,1.2295356807e-01,-8.2656360056e-02,5.38539369e-01,1.12980174e-04,5.56355977e-05
9,9,-9.6718278918e-03,4.4219075807e-03,8.9401091928e-02,1.1454483272e-01,-0.9139944660,0.4057266520,0.4057266520,0.9139944660,-2.6564124748e+00,1.2747120016e+00,-2.9014577348e+00,4.17773719e-01,1.34887104e-04,6.73925230e-05
10,9,5.7443225005e-04,1.1783200046e-02,1.1188421823e-01,1.2766195573e-01,-0.8474068692,0.5309440630,0.5309440630,0.8474068692,4.1721955148e-02,9.9084904353e-02,4.1563439546e-02,5.59714238e-01,6.36797865e-05,3.24892828e-05
11,9,1.0509824929e-02,2.4076063416e-02,1.1621403049e-01,1.2838103618e-01,0.6364577159,0.7713115946,0.7713115946,-0.6364577159,8.2001065261e-03,1.1497161120e-01,1.3212704983e-02,2.26069329e+00,7.18686626e-05,3.67226602e-05
12,9,1.9828457388e-02,4.4876290397e-02,9.0257325131e-02,1.1997522501e-01,0.7835111188,0.6213777650,0.6213777650,-0.7835111188,-2.2182063141e+00,-1.6796146834e+00,2.8722971142e+00,2.47109272e+00,2.40175122e-04,1.20170930e-04
13,9,3.9282047432e-02,6.9085257072e-02,5.8647517627e-02,9.5154380561e-02,0.7965190585,0.6046134215,0.6046134215,-0.7965190585,-9.7009969301e-01,-7.0034113188e-01,1.2858614034e+00,2.49231221e+00,3.51491935e-04,1.76172472e-04
14,9,6.2576398854e-02,9.3855364398e-02,2.3450606106e-02,6.4161567734e-02,0.8199871642,0.5723819097,0.5723819097,-0.8199871642,-6.2363178644e-01,-4.4613114338e-01,8.5612573665e-01,2.53218492e+00,4.17592642e-04,2.09326054e-04
15,9,8.6845597601e-02,1.1634845661e-01,-1.3276854578e-02,2.9081099670e-02,0.8544195558,0.5195837013,0.5195837013,-0.8544195558,-3.6961168328e-01,-2.7895401011e-01,5.5200961787e-01,2.59522900e+00,4.24411578e-04,2.13085564e-04
16,9,1.0921349482e-01,1.3374822390e-01,-4.9500155540e-02,-7.9924756882e-03,0.9021637985,0.4313936494,0.4313936494,-0.9021637985,-1.6556542141e-01,-1.6653393171e-01,3.1900549512e-01,2.69555566e+00,3.74698546e-04,1.88587623e-04
17,9,1.2677966897e-01,1.4329849854e-01,-8.3244729946e-02,-4.4940337724e-02,0.9620868367,0.2727433202,0.2727433202,-0.9620868367,-1.7629043773e-02,-1.0798187440e-01,1.5983050912e-01,2.86534934e+00,2.89401795e-04,1.46361217e-04
18,9,1.3620995533e-01,1.4433696247e-01,-1.1271275650e-01,-7.9575854219e-02,0.9994798960,-0.0322480620,-0.0322480620,-0.9994798960,6.7951462343e-02,-9.4266040428e-02,7.3030201232e-02,-3.10933900e+00,2.05075952e-04,1.04774275e-04
19,9,1.2294233554e-01,1.4157841985e-01,-1.3588359403e-01,-1.0951505659e-01,0.8498912672,-0.5269580951,-0.5269580951,-0.8498912672,9.5187119129e-02,-9.9859276308e-02,4.5140623490e-02,-2.58657525e+00,1.68941550e-04,8.72580316e-05
20,9,9.8410153237e-02,1.2658905123e-01,-1.4776535864e-01,-1.3190417293e-01,0.4031141992,-0.9151496830,-0.9151496830,-0.4031141992,9.2763365232e-02,-9.4229944213e-02,5.1053900687e-02,-1.98571357e+00,1.71185707e-04,8.80242654e-05
21,9,6.5979555501e-02,1.0171990607e-01,-1.4962945036e-01,-1.4116245626e-01,-0.0022076947,-0.9999975630,-0.9999975630,0.0022076947,8.4590463208e-02,-4.0733560612e-02,1.0531352539e-01,-1.56858863e+00,2.37592625e-04,1.20749984e-04
22,9,2.8854358124e-02,6.9928893212e-02,-1.4845343008e-01,-1.3218004623e-01,-0.2345605358,-0.9721015148,-0.9721015148,0.2345605358,9.9674337173e-02,6.5958390985e-02,2.1315983535e-01,-1.33402986e+00,3.26713821e-04,1.64966470e-04
23,9,-1.0052309644e-02,3.3537204136e-02,-1.3970994926e-01,-1.1671450894e-01,-0.3720401327,-0.9282166448,-0.9282166448,0.3720401327,1.4252296860e-01,1.9726643132e-01,3.5132832509e-01,-1.18959037e+00,3.95218544e-04,1.98932387e-04
24,9,-4.7937509735e-02,-4.8660836223e-03,-1.2419060163e-01,-9.7005281127e-02,-0.4664970863,-0.8845227349,-0.8845227349,0.4664970863,1.8636248306e-01,2.9277496106e-01,4.5643397741e-01,-1.08546993e+00,4.16001091e-04,2.09059048e-04
25,9,-8.2037591407e-02,-4.2594309096e-02,-1.0401854682e-01,-7.5252512214e-02,-0.5444126311,-0.8388175529,-0.8388175529,0.5444126311,1.8289057232e-01,2.8872359092e-01,4.5118140995e-01,-9.95107606e-01,3.79037975e-04,1.90363150e-04
26,9,-1.0961043846e-01,-7.6925196632e-02,-8.1352559179e-02,-5.3634817070e-02,-0.6245199414,-0.7810088622,-0.7810088622,0.6245199414,1.0392892554e-01,1.8013064716e-01,3.1689722842e-01,-8.96279610e-01,2.91226633e-04,1.46649736e-04
27,8,-1.2543330730e-01,-1.0511514701e-01,-5.8372736581e-02,-3.7266332007e-02,-0.7253867063,-0.6883415768,-0.6883415768,0.7253867063,-1.6933648151e-02,4.7397194904e-02,1.3732663031e-01,-7.59200305e-01,1.53169108e-04,7.75280092e-05
28,8,-1.3052383160e-01,-1.2227120410e-01,-3.9752486788e-02,-1.9715452632e-02,-0.9736065658,-0.2282328963,-0.2282328963,0.9736065658,-9.6732111920e-02,-2.3108398974e-02,3.1284028304e-02,-2.30262288e-01,8.71001058e-05,4.50753167e-05
29,8,-1.3054154958e-01,-1.2114008771e-01,-2.2245719347e-02,2.8029553136e-03,-0.9817981255,0.1899274616,0.1899274616,0.9817981255,-4.8398585759e-02,-2.5179156013e-02,7.9788435053e-02,1.91088263e-01,1.32890296e-04,6.77356561e-05

DETAILED CIRCLE DATA:

Region 0 (9 circles):
Circle_Index,Center_X,Center_Y,Radius
0,-1.2326218302e-01,2.6845047527e-03,3.1470291512e-03
1,-1.2220977468e-01,5.6837167688e-03,3.2080443952e-03
2,-1.2106982752e-01,8.7139854645e-03,3.2650818622e-03
3,-1.1984696398e-01,1.1771047334e-02,3.3178785730e-03
4,-1.1854580647e-01,1.4850638870e-02,3.3662079619e-03
5,-1.1717097744e-01,1.7948496567e-02,3.4098741692e-03
6,-1.1572709930e-01,2.1060356919e-02,3.4487072989e-03
7,-1.1421879451e-01,2.4181956420e-02,3.4825594747e-03
8,-1.1265068548e-01,2.7309031563e-02,3.5113015556e-03

Region 1 (9 circles):
Circle_Index,Center_X,Center_Y,Radius
0,-1.1102739464e-01,3.0437318843e-02,3.5348203940e-03
1,-1.0935354444e-01,3.3562554752e-02,3.5530165425e-03
2,-1.0763375729e-01,3.6680475786e-02,3.5658023299e-03
3,-1.0587265563e-01,3.9786818437e-02,3.5731002438e-03
4,-1.0407486190e-01,4.2877319199e-02,3.5748415656e-03
5,-1.0224499851e-01,4.5947714567e-02,3.5709652176e-03
6,-1.0038768791e-01,4.8993741034e-02,3.5614167845e-03
7,-9.8507552529e-02,5.2011135093e-02,3.5461476832e-03
8,-9.6609214791e-02,5.4995633240e-02,3.5251144556e-03

Region 2 (9 circles):
Circle_Index,Center_X,Center_Y,Radius
0,-9.4697297130e-02,5.7942971967e-02,3.4982781668e-03
1,-9.2776421977e-02,6.0848887768e-02,3.4656038917e-03
2,-9.0851211764e-02,6.3709117137e-02,3.4270602785e-03
3,-8.8926288922e-02,6.6519396568e-02,3.3826191784e-03
4,-8.7006275882e-02,6.9275462555e-02,3.3322553333e-03
5,-8.5095795075e-02,7.1973051591e-02,3.2759461161e-03
6,-8.3199468932e-02,7.4607900170e-02,3.2136713188e-03
7,-8.1321919884e-02,7.7175744787e-02,3.1454129865e-03
8,-7.9467770363e-02,7.9672321934e-02,3.0711552963e-03

Region 3 (9 circles):
Circle_Index,Center_X,Center_Y,Radius
0,-7.7641642800e-02,8.2093368106e-02,2.9908844841e-03
1,-7.5848159626e-02,8.4434619797e-02,2.9045888234e-03
2,-7.4091943272e-02,8.6691813500e-02,2.8122586655e-03
3,-7.2377616169e-02,8.8860685709e-02,2.7138865570e-03
4,-7.0709800748e-02,9.0936972918e-02,2.6094674573e-03
5,-6.9093119441e-02,9.2916411621e-02,2.4989990940e-03
6,-6.7532194678e-02,9.4794738311e-02,2.3824825164e-03
7,-6.6031648892e-02,9.6567689483e-02,2.2599229425e-03
8,-6.4596104512e-02,9.8231001630e-02,2.1313310585e-03

Region 4 (9 circles):
Circle_Index,Center_X,Center_Y,Radius
0,-6.3230183971e-02,9.9780411246e-02,1.5548074553e-03
1,-6.2441916403e-02,1.0046506453e-01,9.8379478380e-04
2,-6.1594904938e-02,1.0083307289e-01,9.1454733967e-04
3,-6.0692196298e-02,1.0090527146e-01,9.4111650997e-04
4,-5.9736837201e-02,1.0070249541e-01,1.0402996217e-03
5,-5.8731874366e-02,1.0024557986e-01,1.1808860274e-03
6,-5.7680354513e-02,9.9555359964e-02,1.3384738168e-03
7,-5.6585324361e-02,9.8652670868e-02,1.4980602165e-03
8,-5.5449830630e-02,9.7558347714e-02,1.6510847109e-03

Region 5 (9 circles):
Circle_Index,Center_X,Center_Y,Radius
0,-5.4276920038e-02,9.6293225649e-02,1.7926440712e-03
1,-5.3069639305e-02,9.4878139815e-02,1.9198432446e-03
2,-5.1831035151e-02,9.3333925359e-02,2.0309157396e-03
3,-5.0564154294e-02,9.1681417424e-02,2.1247575183e-03
4,-4.9272043454e-02,8.9941451156e-02,2.2006743272e-03
5,-4.7957749350e-02,8.8134861699e-02,2.2582412495e-03
6,-4.6624318702e-02,8.6282484197e-02,2.2972238702e-03
7,-4.5274798229e-02,8.4405153796e-02,2.3175354832e-03
8,-4.3912234650e-02,8.2523705639e-02,2.3192174788e-03

Region 6 (9 circles):
Circle_Index,Center_X,Center_Y,Radius
0,-4.2539674685e-02,8.0658974873e-02,2.3024369705e-03
1,-4.1160165053e-02,7.8831796640e-02,2.2675000584e-03
2,-3.9776752473e-02,7.7063006087e-02,2.2148826009e-03
3,-3.8392483664e-02,7.5373438357e-02,2.1452841553e-03
4,-3.7010405346e-02,7.3783928595e-02,2.0597159824e-03
5,-3.5633564239e-02,7.2315311946e-02,1.9596421578e-03
6,-3.4265007061e-02,7.0988423555e-02,1.8472057948e-03
7,-3.2907780532e-02,6.9824098566e-02,1.7255917067e-03
8,-3.1564931371e-02,6.8843172124e-02,1.5995988015e-03

Region 7 (9 circles):
Circle_Index,Center_X,Center_Y,Radius
0,-3.0239506297e-02,6.8066479373e-02,1.4764925782e-03
1,-2.8934552030e-02,6.7514855459e-02,1.3670778606e-03
2,-2.7653115289e-02,6.7209135526e-02,1.2864392822e-03
3,-2.6398242794e-02,6.7170154718e-02,1.2528517907e-03
4,-2.5172981263e-02,6.7418748180e-02,1.4047825053e-03
5,-2.3735991647e-02,6.8024222907e-02,1.6053070297e-03
6,-2.2320076043e-02,6.8873864948e-02,1.7070120229e-03
7,-2.0925000477e-02,6.9951384753e-02,1.8235749395e-03
8,-1.9550530978e-02,7.1240492775e-02,1.9468200413e-03

Region 8 (9 circles):
Circle_Index,Center_X,Center_Y,Radius
0,-1.8196433572e-02,7.2724899465e-02,2.0707340901e-03
1,-1.6862474286e-02,7.4388315274e-02,2.1910045280e-03
2,-1.5548419148e-02,7.6214450654e-02,2.3045560597e-03
3,-1.4254034184e-02,7.8187016057e-02,2.4091847609e-03
4,-1.2979085422e-02,8.0289721933e-02,2.5032950620e-03
5,-1.1723338889e-02,8.2506278736e-02,2.5857178572e-03
6,-1.0486560611e-02,8.4820396916e-02,2.6555863528e-03
7,-9.2685166168e-03,8.7215786924e-02,2.7122513822e-03
8,-8.0689729323e-03,8.9676159214e-02,2.7552233649e-03

Region 9 (9 circles):
Circle_Index,Center_X,Center_Y,Radius
0,-6.8876955849e-03,9.2185224235e-02,2.7841323069e-03
1,-5.7244506019e-03,9.4726692439e-02,2.7987001772e-03
2,-4.5790040102e-03,9.7284274279e-02,2.7987219785e-03
3,-3.4511218370e-03,9.9841680205e-02,2.7840531513e-03
4,-2.3405701095e-03,1.0238262067e-01,2.7546018724e-03
5,-1.2471148546e-03,1.0489080612e-01,2.7103254842e-03
6,-1.7052209955e-04,1.0734994702e-01,2.6512308626e-03
7,8.8944212857e-04,1.0974375381e-01,2.5773791202e-03
8,1.9330118026e-03,1.1205593694e-01,2.4888957780e-03

Region 10 (9 circles):
Circle_Index,Center_X,Center_Y,Radius
0,2.9604208956e-03,1.1427020687e-01,2.3859886455e-03
1,3.9719033803e-03,1.1637027405e-01,2.2689774878e-03
2,4.9676932296e-03,1.1833984892e-01,2.1383428518e-03
3,5.9480244165e-03,1.2016264195e-01,1.9948076153e-03
4,6.9131309138e-03,1.2182236358e-01,1.8394769464e-03
5,7.8632466944e-03,1.2330272426e-01,1.6740868794e-03
6,8.7986057312e-03,1.2458743445e-01,1.5014619421e-03
7,9.7194419972e-03,1.2566020460e-01,1.3263813679e-03
8,1.0625989465e-02,1.2650474515e-01,1.1572105806e-03

Region 11 (9 circles):
Circle_Index,Center_X,Center_Y,Radius
0,1.1518482108e-02,1.2710476656e-01,1.0086571788e-03
1,1.2397153899e-02,1.2744397929e-01,9.0459373411e-04
2,1.3262238810e-02,1.2750609378e-01,8.7494240189e-04
3,1.4113970815e-02,1.2727482048e-01,9.4026021336e-04
4,1.4952583886e-02,1.2673386985e-01,1.0975915728e-03
5,1.5778311997e-02,1.2586695234e-01,1.9419048812e-03
6,1.7447762931e-02,1.2376204979e-01,2.7558997611e-03
7,1.9207027264e-02,1.2155141936e-01,2.8922200729e-03
8,2.1052186795e-02,1.1923790711e-01,3.0238766217e-03

Region 12 (9 circles):
Circle_Index,Center_X,Center_Y,Radius
0,2.2979323321e-02,1.1682435908e-01,3.1508659328e-03
1,2.4984518642e-02,1.1431362131e-01,3.2731866178e-03
2,2.7063854556e-02,1.1170853986e-01,3.3908389634e-03
3,2.9213412860e-02,1.0901196077e-01,3.5038246415e-03
4,3.1429275353e-02,1.0622673008e-01,3.6121465036e-03
5,3.3707523834e-02,1.0335569385e-01,3.7158084377e-03
6,3.6044240102e-02,1.0040169812e-01,3.8148152672e-03
7,3.8435505953e-02,9.7367588932e-02,3.9091726847e-03
8,4.0877403187e-02,9.4256212341e-02,3.9988872103e-03

Region 13 (9 circles):
Circle_Index,Center_X,Center_Y,Radius
0,4.3366013601e-02,9.1070414391e-02,4.0839661698e-03
1,4.5897418995e-02,8.7813041128e-02,4.1644176898e-03
2,4.8467701167e-02,8.4486938599e-02,4.2402507056e-03
3,5.1072941914e-02,8.1094952852e-02,4.3114749820e-03
4,5.3709223036e-02,7.7639929932e-02,4.3781011441e-03
5,5.6372626330e-02,7.4124715887e-02,4.4401407183e-03
6,5.9059233596e-02,7.0552156763e-02,4.4976061835e-03
7,6.1765126630e-02,6.6925098607e-02,4.5505110320e-03
8,6.4486387232e-02,6.3246387466e-02,4.5988698394e-03

Region 14 (9 circles):
Circle_Index,Center_X,Center_Y,Radius
0,6.7219097200e-02,5.9518869387e-02,4.6426983470e-03
1,6.9959338333e-02,5.5745390416e-02,4.6820135531e-03
2,7.2703192428e-02,5.1928796600e-02,4.7168338186e-03
3,7.5446741284e-02,4.8071933986e-02,4.7471789842e-03
4,7.8186066699e-02,4.4177648621e-02,4.7730705031e-03
5,8.0917250472e-02,4.0248786552e-02,4.7945315899e-03
6,8.3636374400e-02,3.6288193825e-02,4.8115873878e-03
7,8.6339520283e-02,3.2298716487e-02,4.8242651556e-03
8,8.9022769919e-02,2.8283200585e-02,4.8325944785e-03

Region 15 (9 circles):
Circle_Index,Center_X,Center_Y,Radius
0,9.1682205106e-02,2.4244492165e-02,4.8366075049e-03
1,9.4313907642e-02,2.0185437275e-02,4.8363392119e-03
2,9.6913959325e-02,1.6108881961e-02,4.8318277052e-03
3,9.9478441955e-02,1.2017672270e-02,4.8231145570e-03
4,1.0200343733e-01,7.9146542487e-03,4.8102451874e-03
5,1.0448502724e-01,3.8026739439e-03,4.7932692951e-03
6,1.0691929350e-01,-3.1542259756e-04,4.7722413462e-03
7,1.0930231790e-01,-4.4367893290e-03,4.7472211274e-03
8,1.1163018223e-01,-8.5585802036e-03,4.7182743744e-03

Region 16 (9 circles):
Circle_Index,Center_X,Center_Y,Radius
0,1.1389896830e-01,-1.2677949175e-02,4.6854734864e-03
1,1.1610475791e-01,-1.6792050195e-02,4.6488983402e-03
2,1.1824363285e-01,-2.0898037219e-02,4.6086372168e-03
3,1.2031167491e-01,-2.4993064198e-02,4.5647878600e-03
4,1.2230496591e-01,-2.9074285087e-02,4.5174586850e-03
5,1.2421958764e-01,-3.3138853838e-02,4.4667701599e-03
6,1.2605162189e-01,-3.7183924406e-02,4.4128563848e-03
7,1.2779715046e-01,-4.1206650742e-02,4.3558668980e-03
8,1.2945225516e-01,-4.5204186800e-02,4.2959687399e-03

Region 17 (9 circles):
Circle_Index,Center_X,Center_Y,Radius
0,1.3101301778e-01,-4.9173686534e-02,4.2333488099e-03
1,1.3247552012e-01,-5.3112303896e-02,4.1682165515e-03
2,1.3383584398e-01,-5.7017192840e-02,4.1008070062e-03
3,1.3509007115e-01,-6.0885507319e-02,4.0313842695e-03
4,1.3623428344e-01,-6.4714401287e-02,3.9602453847e-03
5,1.3726456264e-01,-6.8501028696e-02,3.8877246940e-03
6,1.3817699055e-01,-7.2242543500e-02,3.8141986546e-03
7,1.3896764897e-01,-7.5936099652e-02,3.7400910944e-03
8,1.3963261969e-01,-7.9578851105e-02,3.6658788414e-03

Region 18 (9 circles):
Circle_Index,Center_X,Center_Y,Radius
0,1.4016798453e-01,-8.3167951813e-02,3.5920975937e-03
1,1.4056982527e-01,-8.6700555728e-02,3.5193478090e-03
2,1.4083422371e-01,-9.0173816804e-02,3.4483002688e-03
3,1.4095726165e-01,-9.3584888994e-02,3.3797008206e-03
4,1.4093502089e-01,-9.6930926252e-02,3.3143736128e-03
5,1.4076358323e-01,-1.0020908253e-01,3.2532219398e-03
6,1.4043903046e-01,-1.0341651178e-01,3.1972256231e-03
7,1.3995744439e-01,-1.0655036796e-01,3.1474337344e-03
8,1.3931490681e-01,-1.0960780502e-01,3.1049514807e-03

Region 19 (9 circles):
Circle_Index,Center_X,Center_Y,Radius
0,1.3850749953e-01,-1.1258597691e-01,3.0709203213e-03
1,1.3753130433e-01,-1.1548203759e-01,3.0464909427e-03
2,1.3638240302e-01,-1.1829314101e-01,3.0327896271e-03
3,1.3505687740e-01,-1.2101644112e-01,3.0308797358e-03
4,1.3355080926e-01,-1.2364909188e-01,3.0417212971e-03
5,1.3186028040e-01,-1.2618824724e-01,3.0661327107e-03
6,1.2998137262e-01,-1.2863106115e-01,3.0344165054e-03
7,1.2800084505e-01,-1.3086707058e-01,2.9714804435e-03
8,1.2588978440e-01,-1.3293614517e-01,2.9474488606e-03

Region 20 (9 circles):
Circle_Index,Center_X,Center_Y,Radius
0,1.2365195143e-01,-1.3484127273e-01,2.9370997970e-03
1,1.2129110693e-01,-1.3658544104e-01,2.9396058422e-03
2,1.1881101166e-01,-1.3817163790e-01,2.9539910177e-03
3,1.1621542639e-01,-1.3960285110e-01,2.9791713588e-03
4,1.1350811189e-01,-1.4088206843e-01,3.0139977926e-03
5,1.1069282893e-01,-1.4201227768e-01,3.0572969077e-03
6,1.0777333828e-01,-1.4299646664e-01,3.1079063592e-03
7,1.0475340072e-01,-1.4383762311e-01,3.1647030777e-03
8,1.0163677700e-01,-1.4453873488e-01,3.2266237665e-03

Region 21 (9 circles):
Circle_Index,Center_X,Center_Y,Radius
0,9.8427227914e-02,-1.4510278973e-01,3.2926781606e-03
1,9.5128514218e-02,-1.4553277547e-01,3.3619561122e-03
2,9.1744396686e-02,-1.4583167988e-01,3.4336298123e-03
3,8.8278636088e-02,-1.4600249076e-01,3.5069524513e-03
4,8.4734993194e-02,-1.4604819589e-01,3.5812544686e-03
5,8.1117228775e-02,-1.4597178307e-01,3.6559383255e-03
6,7.7429103601e-02,-1.4577624010e-01,3.7304725125e-03
7,7.3674378442e-02,-1.4546455475e-01,3.8043852982e-03
8,6.9856814069e-02,-1.4503971483e-01,3.8772585672e-03

Region 22 (9 circles):
Circle_Index,Center_X,Center_Y,Radius
0,6.5980171251e-02,-1.4450470812e-01,3.9487219608e-03
1,6.2048210761e-02,-1.4386252243e-01,4.0184474467e-03
2,5.8064693367e-02,-1.4311614553e-01,4.0861443742e-03
3,5.4033379840e-02,-1.4226856522e-01,4.1515550316e-03
4,4.9958030950e-02,-1.4132276930e-01,4.2144506919e-03
5,4.5842407468e-02,-1.4028174555e-01,4.2746281176e-03
6,4.1690270165e-02,-1.3914848177e-01,4.3319064880e-03
7,3.7505379809e-02,-1.3792596575e-01,4.3861247066e-03
8,3.3291497173e-02,-1.3661718528e-01,4.4371390490e-03

Region 23 (9 circles):
Circle_Index,Center_X,Center_Y,Radius
0,2.9052383025e-02,-1.3522512815e-01,4.4848211101e-03
1,2.4791798137e-02,-1.3375278216e-01,4.5290560158e-03
2,2.0513503279e-02,-1.3220313509e-01,4.5697408656e-03
3,1.6221259221e-02,-1.3057917474e-01,4.6067833765e-03
4,1.1918826734e-02,-1.2888388890e-01,4.6401007021e-03
5,7.6099665870e-03,-1.2712026536e-01,4.6696184051e-03
6,3.2984395515e-03,-1.2529129192e-01,4.6952695618e-03
7,-1.0119936026e-03,-1.2339995636e-01,4.7169939836e-03
8,-5.3175721048e-03,-1.2144924648e-01,4.7347375387e-03

Region 24 (9 circles):
Circle_Index,Center_X,Center_Y,Radius
0,-9.6145351848e-03,-1.1944215006e-01,4.7484515625e-03
1,-1.3899122072e-02,-1.1738165491e-01,4.7580923461e-03
2,-1.8167571997e-02,-1.1527074881e-01,4.7636206928e-03
3,-2.2416124188e-02,-1.1311241956e-01,4.7650015361e-03
4,-2.6641017876e-02,-1.1090965494e-01,4.7622036106e-03
5,-3.0838492290e-02,-1.0866544275e-01,4.7551991736e-03
6,-3.5004786660e-02,-1.0638277079e-01,4.7439637695e-03
7,-3.9136140215e-02,-1.0406462683e-01,4.7284760363e-03
8,-4.3228792185e-02,-1.0171399868e-01,4.7087175495e-03

Region 25 (9 circles):
Circle_Index,Center_X,Center_Y,Radius
0,-4.7278981800e-02,-9.9333874120e-02,4.6846727039e-03
1,-5.1282948290e-02,-9.6927240950e-02,4.6563286291e-03
2,-5.5236930883e-02,-9.4497086960e-02,4.6236751418e-03
3,-5.9137168810e-02,-9.2046399941e-02,4.5867047332e-03
4,-6.2979901301e-02,-8.9578167686e-02,4.5454125937e-03
5,-6.6761367584e-02,-8.7095377985e-02,4.4997966781e-03
6,-7.0477806891e-02,-8.4601018631e-02,4.4498578141e-03
7,-7.4125458449e-02,-8.2098077416e-02,4.3955998598e-03
8,-7.7700561490e-02,-7.9589542131e-02,4.3370299173e-03

Region 26 (9 circles):
Circle_Index,Center_X,Center_Y,Radius
0,-8.1199355242e-02,-7.7078400568e-02,4.2741586104e-03
1,-8.4618078936e-02,-7.4567640520e-02,4.2070004396e-03
2,-8.7952971800e-02,-7.2060249778e-02,4.1355742277e-03
3,-9.1200273065e-02,-6.9559216133e-02,4.0599036773e-03
4,-9.4356221961e-02,-6.7067527378e-02,3.9800180631e-03
5,-9.7417057716e-02,-6.4588171305e-02,3.8959530928e-03
6,-1.0037901956e-01,-6.2124135705e-02,3.8077519774e-03
7,-1.0323834673e-01,-5.9678408370e-02,3.7154667669e-03
8,-1.0599127844e-01,-5.7253977092e-02,3.6191600221e-03

Region 27 (8 circles):
Circle_Index,Center_X,Center_Y,Radius
0,-1.0863405393e-01,-5.4853829663e-02,3.5189069177e-03
1,-1.1116291243e-01,-5.2480953875e-02,3.4147979048e-03
2,-1.1357409317e-01,-5.0138337519e-02,3.3069421011e-03
3,-1.1586383537e-01,-4.7828968388e-02,3.1954716403e-03
4,-1.1802837828e-01,-4.5555834273e-02,3.0805472936e-03
5,-1.2006396111e-01,-4.3321922966e-02,2.9623657924e-03
6,-1.2196682309e-01,-4.1130222259e-02,2.5298831094e-03
7,-1.2328054927e-01,-3.9419090035e-02,2.1527580285e-03

Region 28 (8 circles):
Circle_Index,Center_X,Center_Y,Radius
0,-1.2442353286e-01,-3.7600158021e-02,2.1523287676e-03
1,-1.2540039631e-01,-3.5677689721e-02,2.1681936670e-03
2,-1.2621576203e-01,-3.3655948643e-02,2.1983881944e-03
3,-1.2687425247e-01,-3.1539198292e-02,2.2408040696e-03
4,-1.2738049004e-01,-2.9331702175e-02,2.2933190701e-03
5,-1.2773909719e-01,-2.7037723797e-02,2.3538984743e-03
6,-1.2795469635e-01,-2.4661526666e-02,2.4206623947e-03
7,-1.2803190994e-01,-2.2207374287e-02,2.4919216545e-03

Region 29 (8 circles):
Circle_Index,Center_X,Center_Y,Radius
0,-1.2797536040e-01,-1.9679530166e-02,2.5661891810e-03
1,-1.2778967016e-01,-1.7082257810e-02,2.6421748112e-03
2,-1.2747946164e-01,-1.4419820725e-02,2.7187703671e-03
3,-1.2704935729e-01,-1.1696482417e-02,2.7950300928e-03
4,-1.2650397953e-01,-8.9165063915e-03,2.8701498291e-03
5,-1.2584795079e-01,-6.0841561558e-03,2.9434469230e-03
6,-1.2508589350e-01,-3.2036952158e-03,3.0143419104e-03
7,-1.2422243010e-01,-2.7938707754e-04,3.0823423911e-03
