Region Metadata for: shape_25.txt
================================================================================

REGION DEFINITION: Circle union (one circle per point)
  Each point gets a circle with radius = average distance to neighbors

Total vertices: 247
Number of regions: 30
Points per region:
  Region 0: 9 points
  Region 1: 9 points
  Region 2: 9 points
  Region 3: 9 points
  Region 4: 9 points
  Region 5: 9 points
  Region 6: 9 points
  Region 7: 8 points
  Region 8: 8 points
  Region 9: 8 points
  Region 10: 8 points
  Region 11: 8 points
  Region 12: 8 points
  Region 13: 8 points
  Region 14: 8 points
  Region 15: 8 points
  Region 16: 8 points
  Region 17: 8 points
  Region 18: 8 points
  Region 19: 8 points
  Region 20: 8 points
  Region 21: 8 points
  Region 22: 8 points
  Region 23: 8 points
  Region 24: 8 points
  Region 25: 8 points
  Region 26: 8 points
  Region 27: 8 points
  Region 28: 8 points
  Region 29: 8 points

REGION SUMMARY:
Region_Index,Num_Points,BBox_Min_X,BBox_Max_X,BBox_Min_Y,BBox_Max_Y,Normal_X,Normal_Y,Tangent_X,Tangent_Y,Fitted_Circle_X,Fitted_Circle_Y,Fitted_Circle_Radius,Local_AoA_Rad,Union_Area,Collection_Area
0,9,-9.4087763308e-02,-8.3995071650e-02,-3.5699031033e-03,3.4156292939e-02,-0.9964154005,0.0845952108,0.0845952108,0.9964154005,5.8680037375e-01,-4.1880116259e-02,6.7846990665e-01,8.46964359e-02,2.64143085e-04,1.32449255e-04
1,9,-9.1181320764e-02,-7.9006056284e-02,3.0322465565e-02,6.7167834401e-02,-0.9871673544,0.1596891180,0.1596891180,0.9871673544,2.3033583383e-01,-1.9536439304e-03,3.1974364039e-01,1.60375722e-01,2.55983131e-04,1.28781105e-04
2,9,-8.5396263036e-02,-7.0512911737e-02,6.3494560005e-02,9.5843585548e-02,-0.9527761520,0.3036735158,0.3036735158,0.9527761520,6.5015887970e-02,3.4601542626e-02,1.5037211170e-01,3.08545889e-01,2.09401266e-04,1.05852290e-04
3,9,-1.1493322066e-01,2.5264360176e-02,-1.6331849710e-02,1.4624696923e-01,0.7747100412,0.6323166550,0.6323166550,-0.7747100412,-2.3362976648e+00,-1.6334237326e+00,2.8514186480e+00,2.45705273e+00,1.34880787e-02,7.77082547e-03
4,9,-1.5630698989e-01,4.9974420768e-02,-4.1203933006e-02,1.9311366342e-01,0.8125492804,0.5828925003,0.5828925003,-0.8125492804,-1.8152182228e+00,-1.0490422569e+00,2.0956843590e+00,2.51930870e+00,3.31294454e-02,2.31561197e-02
5,9,-1.4380381109e-01,5.9565180081e-02,-4.9926451514e-02,1.9478610197e-01,-0.9610314990,-0.2764388866,-0.2764388866,0.9610314990,-2.2444423338e+00,-1.1258219329e+00,-2.5098361844e+00,-2.80086612e-01,3.33916295e-02,2.17533308e-02
6,9,-1.1125244567e-01,7.1047404823e-03,3.3251150997e-02,1.6869775219e-01,0.8492872089,0.5279310909,0.5279310909,-0.8492872089,-1.3118974465e-01,5.4664326693e-02,9.7192853585e-02,2.58542999e+00,1.16778071e-02,9.36727984e-03
7,8,-1.2320605987e-01,8.0212229433e-02,-6.8976344319e-02,1.8680515307e-01,0.6538899620,0.7565896626,0.7565896626,-0.6538899620,-3.5928565280e+01,-1.5807716759e+01,3.9252067220e+01,2.28351086e+00,3.62324690e-02,1.99639464e-02
8,8,-9.5863685977e-02,4.3182871210e-02,-2.9975133288e-02,1.5751130797e-01,0.9079835698,0.4190057721,0.4190057721,-0.9079835698,1.0634515624e+00,5.5672580876e-01,-1.1972113891e+00,2.70924260e+00,1.54726772e-02,9.20936080e-03
9,8,-6.7652181966e-03,2.6166702483e-02,1.4147840893e-02,2.2635430006e-02,0.0318450541,0.9994928176,0.9994928176,-0.0318450541,1.2552216462e-02,1.3769937327e-01,-1.1961675791e-01,1.60264677e+00,2.25041194e-04,1.10852466e-04
10,8,2.1877603734e-02,6.3813165187e-02,1.4348921062e-02,2.7486018711e-02,-0.1168934837,0.9931444575,0.9931444575,0.1168934837,-1.1220661623e-02,4.7426606506e-01,-4.5711995505e-01,1.45363499e+00,3.63821998e-04,1.80963431e-04
11,8,5.8792828065e-02,1.0328670960e-01,1.8295032595e-02,3.3899147485e-02,-0.1624372769,0.9867188714,0.9867188714,0.1624372769,-3.4448206045e-01,2.6042221179e+00,-2.6130382752e+00,1.40763609e+00,4.12784550e-04,2.06242309e-04
12,8,9.8327499382e-02,1.3879662028e-01,2.4916440540e-02,3.8647229432e-02,-0.1488242114,0.9888636681,0.9888636681,0.1488242114,2.3554858018e-01,-7.3902949125e-01,7.8011146273e-01,1.42141719e+00,3.41378792e-04,1.71182833e-04
13,8,1.3472095591e-01,1.6463818009e-01,3.1015611680e-02,3.9407031243e-02,-0.0417097197,0.9991297710,0.9991297710,0.0417097197,1.5633518146e-01,-9.7885043347e-02,1.3401026328e-01,1.52907450e+00,1.87137190e-04,9.47113652e-05
14,8,1.6211045136e-01,1.7602220786e-01,2.8699590351e-02,3.8099573273e-02,0.4844087055,0.8748418177,0.8748418177,-0.4844087055,1.6500902210e-01,2.4022422425e-02,1.1552989828e-02,2.07648348e+00,5.44192647e-05,2.89410308e-05
15,8,1.6334570829e-01,1.7648911669e-01,9.5725137679e-03,3.0196067188e-02,0.8886754833,-0.4585366784,-0.4585366784,-0.8886754833,1.4314482298e-01,3.5903064743e-02,3.2770377276e-02,-2.66524479e+00,1.17359776e-04,6.07312990e-05
16,8,1.4188128080e-01,1.6812004644e-01,-1.1921972503e-02,1.3809309768e-02,0.6973416669,-0.7167388643,-0.7167388643,-0.6973416669,6.0768220857e-02,9.8495698446e-02,1.3625701762e-01,-2.34247817e+00,2.32092000e-04,1.17574555e-04
17,8,1.1360115920e-01,1.4677028338e-01,-3.1678943067e-02,-6.3957110224e-03,0.5624302409,-0.8268447400,-0.8268447400,-0.5624302409,-1.0040396876e-02,1.8789430733e-01,2.5035778736e-01,-2.16811837e+00,3.00522109e-04,1.51461962e-04
18,8,8.0572086654e-02,1.1871577942e-01,-4.9563537432e-02,-2.4993748214e-02,0.4678566944,-0.8838043412,-0.8838043412,-0.4678566944,-9.6506087965e-02,3.3395228366e-01,4.2012522192e-01,-2.05766045e+00,3.59128331e-04,1.80478855e-04
19,8,4.4808695373e-02,8.5844185964e-02,-6.5493006069e-02,-4.2029033098e-02,0.4016414355,-0.9157970066,-0.9157970066,-0.4016414355,-1.9374906439e-01,5.3743474790e-01,6.4567035616e-01,-1.98410483e+00,3.93800255e-04,1.97670412e-04
20,8,8.3039997582e-03,5.0089767167e-02,-7.9406217253e-02,-5.7499184194e-02,0.3546701865,-0.9349914753,-0.9349914753,-0.3546701865,-2.9996007077e-01,7.9941638435e-01,9.2837547197e-01,-1.93335763e+00,3.95526977e-04,1.98327376e-04
21,8,-2.6958633301e-02,1.3406234691e-02,-9.1251686775e-02,-7.1382372517e-02,0.3215066815,-0.9469073100,-0.9469073100,-0.3215066815,-4.2341207415e-01,1.1455134100e+00,1.2958388629e+00,-1.89811655e+00,3.62231744e-04,1.81526507e-04
22,8,-5.9000609850e-02,-2.2243918268e-02,-1.0098270336e-01,-8.3647987551e-02,0.2995388645,-0.9540840994,-0.9540840994,-0.2995388645,-6.2343190467e-01,1.7634863525e+00,1.9453819350e+00,-1.87500562e+00,2.97144013e-04,1.48750413e-04
23,8,-8.5846123372e-02,-5.4893788225e-02,-1.0855534316e-01,-9.4261008487e-02,0.2890226925,-0.9573222463,-0.9573222463,-0.2890226925,-2.1923396194e+00,6.9288240110e+00,7.3437384944e+00,-1.86400213e+00,2.10284327e-04,1.05181098e-04
24,8,-9.5053912218e-02,-8.2573805205e-02,-1.0934806805e-01,-1.0265549436e-01,-0.2670978858,-0.9636694036,-0.9636694036,0.2670978858,-8.8949922715e-02,-1.0235344108e-01,5.0376166217e-03,-1.30041608e+00,5.05340463e-05,2.63962681e-05
25,8,-9.8407794264e-02,-9.2657137514e-02,-1.0422795170e-01,-8.6527078974e-02,-0.9909047942,-0.1345648128,-0.1345648128,0.9909047942,-4.4044888150e-02,-8.9095247287e-02,5.2008027666e-02,-1.34974268e-01,6.65131027e-05,3.38876595e-05
26,8,-9.8530213616e-02,-9.3365608449e-02,-8.8870760393e-02,-6.7965631611e-02,-0.9993041733,0.0372983814,0.0372983814,0.9993041733,9.7491042892e-02,-8.5627639321e-02,1.9362697916e-01,3.73070349e-02,8.95381099e-05,4.50437223e-05
27,8,-9.7392014698e-02,-9.1358431389e-02,-7.0065537075e-02,-5.2314060115e-02,-0.9940775642,0.1086728865,0.1086728865,0.9940775642,2.9526992101e-01,-1.0483117499e-01,3.9235898350e-01,1.08887932e-01,6.71796928e-05,3.35709959e-05
28,8,-9.6309795191e-02,-8.8925253941e-02,-5.4929293681e-02,-2.8221050430e-02,-0.9975197643,0.0703869297,0.0703869297,0.9975197643,-6.9045203190e-01,-6.8138266604e-05,-5.9908351215e-01,7.04451795e-02,1.46983865e-04,7.33183717e-05
29,8,-9.5331851465e-02,-8.6924413871e-02,-3.1521258070e-02,1.3566397035e-04,-0.9984041337,0.0564728775,0.0564728775,0.9984041337,3.5676030632e+00,-2.2179330051e-01,3.6647183578e+00,5.65029377e-02,2.05347081e-04,1.02756581e-04

DETAILED CIRCLE DATA:

Region 0 (9 circles):
Circle_Index,Center_X,Center_Y,Radius
0,-9.0372433422e-02,1.4542678277e-04,3.7153298861e-03
1,-9.0122740218e-02,3.8673748120e-03,3.7430552588e-03
2,-8.9856569876e-02,7.6137276426e-03,3.7663065913e-03
3,-8.9572050502e-02,1.1379812367e-02,3.7851104526e-03
4,-8.9267310205e-02,1.5160956079e-02,3.7994972172e-03
5,-8.8940477093e-02,1.8952485870e-02,3.8095013251e-03
6,-8.8589679272e-02,2.2749728835e-02,3.8151616020e-03
7,-8.8213044851e-02,2.6548012064e-02,3.8165216462e-03
8,-8.7808701937e-02,3.0342662652e-02,3.8136302874e-03

Region 1 (9 circles):
Circle_Index,Center_X,Center_Y,Radius
0,-8.7374778638e-02,3.4129007691e-02,3.8065421261e-03
1,-8.6909403062e-02,3.7902374274e-02,3.7953181633e-03
2,-8.6410703316e-02,4.1658089494e-02,3.7800265335e-03
3,-8.5876807507e-02,4.5391480443e-02,3.7607433543e-03
4,-8.5305843745e-02,4.9097874215e-02,3.7375537106e-03
5,-8.4695940135e-02,5.2772597901e-02,3.7105527935e-03
6,-8.4045224787e-02,5.6410978596e-02,3.6798472166e-03
7,-8.3351825807e-02,6.0008343392e-02,3.6455565382e-03
8,-8.2613871303e-02,6.3560019382e-02,3.6078150191e-03

Region 2 (9 circles):
Circle_Index,Center_X,Center_Y,Radius
0,-8.1829489383e-02,6.7061333658e-02,3.5667736530e-03
1,-8.0996808154e-02,7.0507613314e-02,3.5226025073e-03
2,-8.0113955725e-02,7.3894185442e-02,3.4754934201e-03
3,-7.9179060203e-02,7.7216377135e-02,3.4256630976e-03
4,-7.8190249695e-02,8.0469515485e-02,3.3733566617e-03
5,-7.7145652309e-02,8.3648927587e-02,3.3188516921e-03
6,-7.6043396153e-02,8.6749940532e-02,3.2624628020e-03
7,-7.4881609334e-02,8.9767881413e-02,3.2045467700e-03
8,-7.3658419961e-02,9.2698077324e-02,3.1455082240e-03

Region 3 (9 circles):
Circle_Index,Center_X,Center_Y,Radius
0,-7.2371956141e-02,9.5535855356e-02,3.0858058252e-03
1,-7.1020345981e-02,9.8276542604e-02,3.0259588352e-03
2,-6.9601717589e-02,1.0091546616e-01,4.5331503075e-02
3,-1.9820900222e-02,2.8753410688e-02,4.5085260398e-02
4,-1.8342222483e-02,2.6733153602e-02,3.8359656283e-03
5,-2.1240832095e-02,3.1012159173e-02,3.9987906651e-03
6,-2.2605319156e-02,3.3490613003e-02,6.5692799117e-03
7,-1.6801497824e-02,2.4970173971e-02,1.1789337409e-02
8,-2.3917662459e-02,3.6169986122e-02,4.6882837501e-02

Region 4 (9 circles):
Circle_Index,Center_X,Center_Y,Radius
0,-6.8114199073e-02,1.0344795311e-01,8.8192790817e-02
1,-1.5195425193e-02,2.3483257851e-02,5.7183980019e-02
2,-2.5181163056e-02,3.9031492474e-02,4.8543191644e-02
3,-6.6555918540e-02,1.0586933056e-01,7.7002198579e-02
4,-2.6399122002e-02,4.2056346004e-02,3.9388589221e-02
5,-2.7574840350e-02,4.5225760657e-02,1.5139330138e-02
6,-1.3520703536e-02,2.2291191298e-02,6.3495124304e-02
7,-6.4925004098e-02,1.0817492560e-01,8.4938737824e-02
8,-2.8711619154e-02,4.8520950377e-02,3.6680682998e-02

Region 5 (9 circles):
Circle_Index,Center_X,Center_Y,Radius
0,-2.9812759467e-02,5.1923129108e-02,3.5443917145e-02
1,-6.3219583856e-02,1.1036006531e-01,6.5534120664e-02
2,-3.0881562343e-02,5.5413510795e-02,5.1379125870e-02
3,-1.1774031799e-02,2.1412760366e-02,7.1339211880e-02
4,-6.1437785919e-02,1.1242007680e-01,8.2366025167e-02
5,-3.1921328835e-02,5.8973309384e-02,3.2402830803e-02
6,-3.2935359997e-02,6.2583738817e-02,3.0985164700e-02
7,-5.9577738397e-02,1.1435028715e-01,5.6376876970e-02
8,-3.3926956882e-02,6.6226013040e-02,5.4752067840e-02

Region 6 (9 circles):
Circle_Index,Center_X,Center_Y,Radius
0,-5.8134248083e-02,1.1557955461e-01,5.3118197582e-02
1,-3.4899420544e-02,6.9881345998e-02,2.7519355388e-02
2,-3.5856052037e-02,7.3530951634e-02,2.5726204259e-02
3,-5.6747548778e-02,1.1638980152e-01,4.5846494522e-02
4,-3.6800152414e-02,7.7156043894e-02,4.3904892896e-02
5,-5.5414339428e-02,1.1679981396e-01,4.1979391017e-02
6,-3.7735022729e-02,8.0737836722e-02,3.9901465424e-02
7,-5.4131318980e-02,1.1682837796e-01,3.7848665538e-02
8,-3.8663964034e-02,8.4257544062e-02,3.5647566737e-02

Region 7 (8 circles):
Circle_Index,Center_X,Center_Y,Radius
0,-5.2895186380e-02,1.1649427958e-01,7.0310873489e-02
1,-9.3102976478e-03,2.0546182762e-02,8.9522527081e-02
2,-3.9590277385e-02,8.7696379859e-02,5.2139599564e-02
3,-5.1702640574e-02,1.1581630489e-01,2.8902915710e-02
4,-4.0517263833e-02,9.1035558058e-02,2.6497989343e-02
5,-5.0550380510e-02,1.1481323994e-01,2.4144857441e-02
6,-4.1448224434e-02,9.4256292603e-02,2.1660413999e-02
7,-4.9435105132e-02,1.1350387077e-01,1.9236485661e-02

Region 8 (8 circles):
Circle_Index,Center_X,Center_Y,Radius
0,-4.2386460240e-02,9.7339797439e-02,1.0355742079e-02
1,-4.3335272305e-02,1.0026728651e-01,7.8763943221e-03
2,-4.8353513389e-02,1.1190698345e-01,1.1222013502e-02
3,-4.4297961683e-02,1.0301997376e-01,8.7028957892e-03
4,-4.7302304226e-02,1.1004136404e-01,6.2686003499e-03
5,-4.5277829426e-02,1.0557907314e-01,3.7255484124e-03
6,-4.6278176589e-02,1.0792579858e-01,4.9585509387e-02
7,-6.6145966964e-03,1.9822334618e-02,4.9797467906e-02

Region 9 (8 circles):
Circle_Index,Center_X,Center_Y,Radius
0,-3.6982018382e-03,1.9234949150e-02,3.0670163585e-03
1,-5.7238596700e-04,1.8777759575e-02,3.2498511694e-03
2,2.7515780231e-03,1.8444499108e-02,3.4290407028e-03
3,6.2624172383e-03,1.8228900968e-02,3.6026834105e-03
4,9.9488587846e-03,1.8124698370e-02,3.7693425328e-03
5,1.3799629768e-02,1.8125624530e-02,3.9279209739e-03
6,1.7803457295e-02,1.8225412666e-02,4.0775717736e-03
7,2.1949068471e-02,1.8417795994e-02,4.2176340116e-03

Region 10 (8 circles):
Circle_Index,Center_X,Center_Y,Radius
0,2.6225190403e-02,1.8696507730e-02,4.3475866686e-03
1,3.0620550196e-02,1.9055281091e-02,4.4670151508e-03
2,3.5123874956e-02,1.9487849294e-02,4.5755867761e-03
3,3.9723891791e-02,1.9987945555e-02,4.6730326534e-03
4,4.4409327805e-02,2.0549303091e-02,4.7591341610e-03
5,4.9168910105e-02,2.1165655118e-02,4.8337127710e-03
6,5.3991365797e-02,2.1830734852e-02,4.8966223346e-03
7,5.8865421986e-02,2.2538275511e-02,4.9477432001e-03

Region 11 (8 circles):
Circle_Index,Center_X,Center_Y,Radius
0,6.3779805780e-02,2.3282010310e-02,4.9869777157e-03
1,6.8723244284e-02,2.4055672468e-02,5.0142467928e-03
2,7.3684464604e-02,2.4852995199e-02,5.0294873002e-03
3,7.8652193847e-02,2.5667711720e-02,5.0326501211e-03
4,8.3615159118e-02,2.6493555249e-02,5.0236987590e-03
5,8.8562087523e-02,2.7324259001e-02,5.0026084128e-03
6,9.3481706169e-02,2.8153556193e-02,4.9693654766e-03
7,9.8362742161e-02,2.8975180042e-02,4.9239674433e-03

Region 12 (8 circles):
Circle_Index,Center_X,Center_Y,Radius
0,1.0319392261e-01,2.9782863764e-02,4.8664232239e-03
1,1.0796397461e-01,3.0570340576e-02,4.7967539159e-03
2,1.1266162528e-01,3.1331343695e-02,4.7149940964e-03
3,1.1727560172e-01,3.2059606336e-02,4.6211937515e-03
4,1.2179463103e-01,3.2748861717e-02,4.5154210196e-03
5,1.2620744033e-01,3.3392843054e-02,4.3977660046e-03
6,1.3050275672e-01,3.3985283563e-02,4.2683460405e-03
7,1.3466930731e-01,3.4519916461e-02,4.1273129707e-03

Region 13 (8 circles):
Circle_Index,Center_X,Center_Y,Radius
0,1.3869581919e-01,3.4990474965e-02,3.9748632852e-03
1,1.4257101948e-01,3.5390692292e-02,3.8112523992e-03
2,1.4628363529e-01,3.5714301657e-02,3.6368150543e-03
3,1.4982239371e-01,3.5955036277e-02,3.4519949659e-03
4,1.5317602186e-01,3.6106629369e-02,3.2573887383e-03
5,1.5633324685e-01,3.6162814150e-02,3.0538122790e-03
6,1.5928279577e-01,3.6117323835e-02,2.8424034658e-03
7,1.6201339573e-01,3.5963891642e-02,2.6247843572e-03

Region 14 (8 circles):
Circle_Index,Center_X,Center_Y,Radius
0,1.6451377385e-01,3.5696250787e-02,2.4033224856e-03
1,1.6677265722e-01,3.5308134487e-02,2.1815567666e-03
2,1.6877877295e-01,3.4793275958e-02,1.9648871314e-03
3,1.7052084815e-01,3.4145408416e-02,1.7616358657e-03
4,1.7198760992e-01,3.3358265079e-02,1.5844302872e-03
5,1.7316778538e-01,3.2425579163e-02,1.4511537216e-03
6,1.7405010162e-01,3.1341083883e-02,1.3832381446e-03
7,1.7462328575e-01,3.0098512458e-02,1.3989221072e-03

Region 15 (8 circles):
Circle_Index,Center_X,Center_Y,Radius
0,1.7487606488e-01,2.8691598104e-02,1.5044690847e-03
1,1.7479716612e-01,2.7114074036e-02,1.6919505703e-03
2,1.7437531657e-01,2.5359673472e-02,1.9457980815e-03
3,1.7359924333e-01,2.3422129627e-02,2.2505662989e-03
4,1.7245767352e-01,2.1295175720e-02,2.8509204267e-03
5,1.7071189243e-01,1.8509044139e-02,3.3172814913e-03
6,1.6882015952e-01,1.5748336724e-02,3.3775775806e-03
7,1.6678632740e-01,1.3013132884e-02,3.4406191160e-03

Region 16 (8 circles):
Circle_Index,Center_X,Center_Y,Radius
0,1.6461424870e-01,1.0303512026e-02,3.5057977414e-03
1,1.6230777603e-01,7.6195535590e-03,3.5725572026e-03
2,1.5987076200e-01,4.9613368904e-03,3.6403915887e-03
3,1.5730705923e-01,2.3289414283e-03,3.7088426685e-03
4,1.5462052035e-01,-2.7755341910e-04,3.7774966804e-03
5,1.5181499795e-01,-2.8580682439e-03,3.8459808529e-03
6,1.4889434467e-01,-5.4125236380e-03,3.9139598541e-03
7,1.4586241311e-01,-7.9408401935e-03,3.9811323097e-03

Region 17 (8 circles):
Circle_Index,Center_X,Center_Y,Radius
0,1.4272305590e-01,-1.0442938502e-02,4.0472274797e-03
1,1.3948012564e-01,-1.2918739156e-02,4.1120021498e-03
2,1.3613747496e-01,-1.5368162747e-02,4.1752377631e-03
3,1.3269895648e-01,-1.7791129868e-02,4.2367378059e-03
4,1.2916842280e-01,-2.0187561110e-02,4.2963254415e-03
5,1.2554972655e-01,-2.2557377064e-02,4.3538413837e-03
6,1.2184672034e-01,-2.4900498324e-02,4.4091419941e-03
7,1.1806325678e-01,-2.7216845481e-02,4.4620975854e-03

Region 18 (8 circles):
Circle_Index,Center_X,Center_Y,Radius
0,1.1420318851e-01,-2.9506339128e-02,4.5125909134e-03
1,1.1027036812e-01,-3.1768899855e-02,4.5605158368e-03
2,1.0626864824e-01,-3.4004448255e-02,4.6057761302e-03
3,1.0220188148e-01,-3.6212904920e-02,4.6482844314e-03
4,9.8073920463e-02,-3.8394190443e-02,4.6879613094e-03
5,9.3888617802e-02,-4.0548225414e-02,4.7247344382e-03
6,8.9649826114e-02,-4.2674930426e-02,4.7585378648e-03
7,8.5361398014e-02,-4.4774226071e-02,4.7893113602e-03

Region 19 (8 circles):
Circle_Index,Center_X,Center_Y,Radius
0,8.1027186120e-02,-4.6846032941e-02,4.8169998436e-03
1,7.6651043048e-02,-4.8890271628e-02,4.8415528707e-03
2,7.2236821414e-02,-5.0906862724e-02,4.8629241787e-03
3,6.7788373834e-02,-5.2895726821e-02,4.8810712823e-03
4,6.3309552925e-02,-5.4856784510e-02,4.8959551128e-03
5,5.8804211303e-02,-5.6789956384e-02,4.9075396966e-03
6,5.4276201585e-02,-5.8695163035e-02,4.9157918683e-03
7,4.9729376387e-02,-6.0572325055e-02,4.9206810139e-03

Region 20 (8 circles):
Circle_Index,Center_X,Center_Y,Radius
0,4.5167588325e-02,-6.2421363035e-02,4.9221788413e-03
1,4.0594690016e-02,-6.4242197568e-02,4.9202591743e-03
2,3.6014534077e-02,-6.6034749246e-02,4.9148977680e-03
3,3.1430973123e-02,-6.7798938660e-02,4.9060721431e-03
4,2.6847859770e-02,-6.9534686403e-02,4.8937614371e-03
5,2.2269046636e-02,-7.1241913066e-02,4.8779462696e-03
6,1.7698386337e-02,-7.2920539243e-02,4.8586086224e-03
7,1.3139731489e-02,-7.4570485523e-02,4.8357317304e-03

Region 21 (8 circles):
Circle_Index,Center_X,Center_Y,Radius
0,8.5969347078e-03,-7.6191672500e-02,4.8092999835e-03
1,4.0738486107e-03,-7.7784020766e-02,4.7792988387e-03
2,-4.2567418610e-04,-7.9347450912e-02,4.7457147406e-03
3,-4.8977810664e-03,-8.0881883530e-02,4.7085350496e-03
4,-9.3386194137e-03,-8.2387239213e-02,4.6677479778e-03
5,-1.3744336612e-02,-8.3863438552e-02,4.6233425314e-03
6,-1.8111080044e-02,-8.5310402140e-02,4.5753084593e-03
7,-2.2434997094e-02,-8.6728050568e-02,4.5236362071e-03

Region 22 (8 circles):
Circle_Index,Center_X,Center_Y,Radius
0,-2.6712235146e-02,-8.8116304428e-02,4.4683168773e-03
1,-3.0938941583e-02,-8.9475084312e-02,4.4093421942e-03
2,-3.5111263788e-02,-9.0804310813e-02,4.3467044734e-03
3,-3.9225349146e-02,-9.2103904522e-02,4.2803965976e-03
4,-4.3277345040e-02,-9.3373786031e-02,4.2104119964e-03
5,-4.7263398854e-02,-9.4613875933e-02,4.1367446317e-03
6,-5.1179657970e-02,-9.5824094818e-02,4.0593889891e-03
7,-5.5022269774e-02,-9.7004363280e-02,3.9783400755e-03

Region 23 (8 circles):
Circle_Index,Center_X,Center_Y,Radius
0,-5.8787381648e-02,-9.8154601910e-02,3.8935934229e-03
1,-6.2471140977e-02,-9.9274731300e-02,3.8051451020e-03
2,-6.6069695143e-02,-1.0036467204e-01,3.7129917436e-03
3,-6.9579191530e-02,-1.0142434473e-01,3.6171305735e-03
4,-7.2995777522e-02,-1.0245366995e-01,3.5175594609e-03
5,-7.6315600503e-02,-1.0345256830e-01,3.4142769862e-03
6,-7.9534807856e-02,-1.0442096037e-01,3.3072825321e-03
7,-8.2649546965e-02,-1.0535876675e-01,3.1965764067e-03

Region 24 (8 circles):
Circle_Index,Center_X,Center_Y,Radius
0,-8.5655965213e-02,-1.0626590804e-01,3.0821600084e-03
1,-8.8550209985e-02,-1.0714230482e-01,2.0677938998e-03
2,-8.9645703916e-02,-1.0733062911e-01,1.0555169847e-03
3,-9.0638034870e-02,-1.0721137779e-01,9.9074597805e-04
4,-9.1531551788e-02,-1.0680395498e-01,1.0143931480e-03
5,-9.2330603609e-02,-1.0612776480e-01,1.1063145089e-03
6,-9.3039539276e-02,-1.0520221139e-01,1.2393518730e-03
7,-9.3662707728e-02,-1.0404669885e-01,1.3912044895e-03

Region 25 (8 circles):
Circle_Index,Center_X,Center_Y,Radius
0,-9.4204457908e-02,-1.0268063130e-01,1.5473203939e-03
1,-9.4669138754e-02,-1.0112341288e-01,1.6989546291e-03
2,-9.5061099209e-02,-9.9394447705e-02,1.8408858505e-03
3,-9.5384688214e-02,-9.7513139890e-02,1.9699180030e-03
4,-9.5644254708e-02,-9.5498893561e-02,2.0840257633e-03
5,-9.5844147633e-02,-9.3371112838e-02,2.1818793423e-03
6,-9.5988715930e-02,-9.1149201843e-02,2.2625762909e-03
7,-9.6082308539e-02,-8.8852564699e-02,2.3254857252e-03

Region 26 (8 circles):
Circle_Index,Center_X,Center_Y,Radius
0,-9.6129274402e-02,-8.6500605526e-02,2.3701548675e-03
1,-9.6133962458e-02,-8.4112728446e-02,2.3962511572e-03
2,-9.6100721650e-02,-8.1708337580e-02,2.4035253056e-03
3,-9.6033900918e-02,-7.9306837051e-02,2.3917870645e-03
4,-9.5937849202e-02,-7.6927630979e-02,2.3608889394e-03
5,-9.5816915444e-02,-7.4590123486e-02,2.3107150018e-03
6,-9.5675448584e-02,-7.2313718695e-02,2.2411730619e-03
7,-9.5517797563e-02,-7.0117820725e-02,2.1521891145e-03

Region 27 (8 circles):
Circle_Index,Center_X,Center_Y,Radius
0,-9.5348311322e-02,-6.8021833700e-02,2.0437033757e-03
1,-9.5171338802e-02,-6.6045161740e-02,1.9156674879e-03
2,-9.4991228944e-02,-6.4207208966e-02,1.7680426760e-03
3,-9.4812330688e-02,-6.2527379502e-02,1.6007988466e-03
4,-9.4638992975e-02,-6.1025077467e-02,1.4139149994e-03
5,-9.4475564747e-02,-5.9719706985e-02,1.8519590068e-03
6,-9.4183277634e-02,-5.7349302543e-02,2.4434661622e-03
7,-9.3910079338e-02,-5.4865708064e-02,2.5516479487e-03

Region 28 (8 circles):
Circle_Index,Center_X,Center_Y,Radius
0,-9.3654097964e-02,-5.2273596454e-02,2.6556972263e-03
1,-9.3413461622e-02,-4.9577640621e-02,2.7555083914e-03
2,-9.3186298418e-02,-4.6782513473e-02,2.8509987874e-03
3,-9.2970736461e-02,-4.3892887915e-02,2.9421035920e-03
4,-9.2764903858e-02,-4.0913436855e-02,3.0287720616e-03
5,-9.2566928716e-02,-3.7848833201e-02,3.1109647409e-03
6,-9.2374939144e-02,-3.4703749860e-02,3.1886513706e-03
7,-9.2187063249e-02,-3.1482859738e-02,3.2618093079e-03

Region 29 (8 circles):
Circle_Index,Center_X,Center_Y,Radius
0,-9.2001429138e-02,-2.8190835743e-02,3.3304223269e-03
1,-9.1816164920e-02,-2.4832350783e-02,3.3944797080e-03
2,-9.1629398702e-02,-2.1412077764e-02,3.4539755477e-03
3,-9.1439258592e-02,-1.7934689593e-02,3.5089082407e-03
4,-9.1243872696e-02,-1.4404859178e-02,3.5592800991e-03
5,-9.1041369124e-02,-1.0827259425e-02,3.6050970824e-03
6,-9.0829875983e-02,-7.2065632431e-03,3.6463686194e-03
7,-9.0607521379e-02,-3.5474435380e-03,3.6831075083e-03
