Region Metadata for: shape_24.txt
================================================================================

REGION DEFINITION: Circle union (one circle per point)
  Each point gets a circle with radius = average distance to neighbors

Total vertices: 240
Number of regions: 30
Points per region:
  Region 0: 8 points
  Region 1: 8 points
  Region 2: 8 points
  Region 3: 8 points
  Region 4: 8 points
  Region 5: 8 points
  Region 6: 8 points
  Region 7: 8 points
  Region 8: 8 points
  Region 9: 8 points
  Region 10: 8 points
  Region 11: 8 points
  Region 12: 8 points
  Region 13: 8 points
  Region 14: 8 points
  Region 15: 8 points
  Region 16: 8 points
  Region 17: 8 points
  Region 18: 8 points
  Region 19: 8 points
  Region 20: 8 points
  Region 21: 8 points
  Region 22: 8 points
  Region 23: 8 points
  Region 24: 8 points
  Region 25: 8 points
  Region 26: 8 points
  Region 27: 8 points
  Region 28: 8 points
  Region 29: 8 points

REGION SUMMARY:
Region_Index,Num_Points,BBox_Min_X,BBox_Max_X,BBox_Min_Y,BBox_Max_Y,Normal_X,Normal_Y,Tangent_X,Tangent_Y,Fitted_Circle_X,Fitted_Circle_Y,Fitted_Circle_Radius,Local_AoA_Rad,Union_Area,Collection_Area
0,8,-3.0575354931e-02,-1.9261574891e-02,-1.9972434057e-03,1.6148155597e-02,-0.8972248026,0.4415740636,0.4415740636,0.8972248026,-5.8506485439e-02,2.3530535600e-02,-3.8160418191e-02,4.57352287e-01,8.00150204e-05,3.90746585e-05
1,8,-2.3229952338e-02,-1.3984377149e-02,1.3721750017e-02,3.6603684385e-02,-0.9745423173,0.2242036390,0.2242036390,0.9745423173,-1.8972879544e-01,6.4091181406e-02,-1.7556136108e-01,2.26125795e-01,1.11745912e-04,5.54989239e-05
2,8,-1.9158622882e-02,-1.0146071914e-02,3.3725746582e-02,6.0575649755e-02,-0.9896817554,0.1432830170,0.1432830170,0.9896817554,-4.5853558376e-01,1.1107953473e-01,-4.4847244958e-01,1.43777870e-01,1.49729396e-04,7.46246479e-05
3,8,-1.6054826162e-02,-7.2146705182e-03,5.7409151094e-02,8.6128933123e-02,-0.9940271330,0.1091332160,0.1091332160,0.9940271330,-1.4755766024e+00,2.3209243814e-01,-1.4727043472e+00,1.09351016e-01,1.69994841e-04,8.49161764e-05
4,8,-1.3340649303e-02,-4.6398770570e-03,8.2882769177e-02,1.1134672314e-01,-0.9943116822,0.1065095239,0.1065095239,0.9943116822,2.0678512178e+00,-1.2476853359e-01,2.0886341991e+00,1.06711938e-01,1.66925711e-04,8.34866308e-05
5,8,-1.0454342910e-02,-1.8614841173e-03,1.0824124298e-01,1.3432211998e-01,-0.9907390174,0.1357799669,0.1357799669,0.9907390174,4.6374697176e-01,5.7265597907e-02,4.7421744477e-01,1.36200678e-01,1.41138654e-04,7.07934364e-05
6,8,-6.8440622445e-03,7.0146683820e-04,1.3156930998e-01,1.5082443823e-01,-0.9765172281,0.2154393259,0.2154393259,0.9765172281,1.3704343655e-01,1.1179325001e-01,1.4296179605e-01,2.17141698e-01,8.62395720e-05,4.35893637e-05
7,8,-1.4189511945e-03,8.7986468751e-03,1.4955221474e-01,1.6018461170e-01,-0.7261871771,0.6874970427,0.6874970427,0.7261871771,2.6998886393e-02,1.3223069331e-01,3.2941871074e-02,7.58036693e-01,3.83134251e-05,1.96503616e-05
8,8,6.8821148276e-03,1.6489634333e-02,1.5794760729e-01,1.6340600647e-01,-0.3620243261,0.9321686475,0.9321686475,0.3620243261,1.6147760609e-02,1.5141496385e-01,1.1101325434e-02,1.20035772e+00,2.37774757e-05,1.24937050e-05
9,8,1.4428194947e-02,2.5825735326e-02,1.3929987261e-01,1.6317286039e-01,0.9544239066,0.2984543624,0.2984543624,-0.9544239066,6.3237051129e-01,3.4155241635e-01,-6.4161683320e-01,2.83851986e+00,1.42542083e-04,7.16802701e-05
10,8,1.9849305202e-02,3.6446231663e-02,1.0983239434e-01,1.4302852762e-01,0.9441015248,0.3296548358,0.3296548358,-0.9441015248,1.3320854633e+00,5.8249265586e-01,-1.3816154880e+00,2.80565470e+00,2.46457054e-04,1.23069852e-04
11,8,2.9579206156e-02,4.8473347523e-02,7.6970469570e-02,1.1420414502e-01,0.9413578699,0.3374097818,0.3374097818,-0.9413578699,-7.5644901958e+00,-2.6309857470e+00,8.0775178488e+00,2.79742869e+00,3.10912493e-04,1.55512526e-04
12,8,4.0966228164e-02,6.0588744130e-02,4.2014541483e-02,8.1732577446e-02,0.9462738740,0.3233662868,0.3233662868,-0.9462738740,-1.3310534255e+00,-4.1047274002e-01,1.4603747427e+00,2.81230791e+00,3.50802797e-04,1.75775495e-04
13,8,5.2690149900e-02,7.1480922471e-02,6.2582134939e-03,4.6916150625e-02,0.9572788150,0.2891665098,0.2891665098,-0.9572788150,-6.9553024874e-01,-2.0244401015e-01,7.9165606853e-01,2.84823662e+00,3.61191939e-04,1.81023806e-04
14,8,6.3423935407e-02,7.9847127104e-02,-2.9013654554e-02,1.1064004915e-02,0.9730715188,0.2305034043,0.2305034043,-0.9730715188,-3.9504762678e-01,-1.1978490832e-01,4.7999207774e-01,2.90899767e+00,3.42339323e-04,1.71985833e-04
15,8,7.1831224499e-02,8.4400913491e-02,-6.2532513722e-02,-2.4505395098e-02,0.9906452472,0.1364624278,0.1364624278,-0.9906452472,-2.0597462448e-01,-8.2977222930e-02,2.8734002192e-01,3.00470310e+00,3.00024170e-04,1.51159259e-04
16,8,7.6557797845e-02,8.4868452099e-02,-9.3064815107e-02,-5.8455725680e-02,0.9999092578,-0.0134713085,-0.0134713085,-0.9999092578,-8.3459117396e-02,-7.3884584593e-02,1.6444138100e-01,-3.12812094e+00,2.45285898e-04,1.24023545e-04
17,8,7.0589505713e-02,8.3411222310e-02,-1.1945172380e-01,-8.9412033333e-02,0.9685969136,-0.2486363188,-0.2486363188,-0.9685969136,-1.2832980897e-02,-8.1693414118e-02,9.3318621781e-02,-2.89032055e+00,1.94638496e-04,9.89893035e-05
18,8,5.7769528052e-02,7.5443476574e-02,-1.3396653478e-01,-1.1627826118e-01,0.7075230909,-0.7066902262,-0.7066902262,-0.7075230909,4.9225443135e-02,-1.0791718194e-01,2.5921767737e-02,-2.35678341e+00,1.09202489e-04,5.69821710e-05
19,8,3.3903504116e-02,6.0696568964e-02,-1.3995013778e-01,-1.2974813879e-01,0.1952763671,-0.9807482554,-0.9807482554,-0.1952763671,3.6139430311e-02,-7.5849580471e-02,6.0715434005e-02,-1.76733556e+00,1.53111341e-04,7.83728535e-05
20,8,3.8969639218e-03,3.7313893682e-02,-1.4019279577e-01,-1.3030833769e-01,-0.0918424922,-0.9957735469,-0.9957735469,0.0918424922,3.4255396947e-02,7.9460394528e-03,1.4463738352e-01,-1.47882423e+00,2.30528728e-04,1.16723005e-04
21,8,-2.8243169633e-02,7.9583923685e-03,-1.3756492285e-01,-1.2195017850e-01,-0.2555496323,-0.9667959378,-0.9667959378,0.2555496323,5.1009979739e-02,1.0086306243e-01,2.3909202781e-01,-1.31238016e+00,2.82358690e-04,1.42386779e-04
22,8,-5.8698747977e-02,-2.3829471124e-02,-1.2900346846e-01,-1.0995099058e-01,-0.3772926585,-0.9260940826,-0.9260940826,0.3772926585,5.7368002716e-02,1.2307684338e-01,2.6217958978e-01,-1.18392518e+00,2.79726922e-04,1.40958304e-04
23,8,-8.3717144822e-02,-5.4349229816e-02,-1.1613280297e-01,-9.6049544614e-02,-0.5017996405,-0.8649838847,-0.8649838847,0.5017996405,2.0779081852e-02,4.9827851686e-02,1.8028163201e-01,-1.04511826e+00,2.20945081e-04,1.11553060e-04
24,8,-9.9448595511e-02,-7.9838386023e-02,-1.0070156848e-01,-8.2081749677e-02,-0.6812097676,-0.7320882820,-0.7320882820,0.6812097676,-4.2974644743e-02,-3.9785220883e-02,7.0225759867e-02,-8.21382471e-01,1.28289238e-04,6.54503543e-05
25,8,-1.0158195727e-01,-9.6248790047e-02,-8.4484632689e-02,-6.8133028585e-02,-0.9999999960,-0.0000894658,-0.0000894658,0.9999999960,-8.5898783777e-02,-7.6547632818e-02,1.3901962425e-02,-8.94657670e-05,5.78042160e-05,3.06141330e-05
26,8,-9.9647693013e-02,-8.3458887885e-02,-7.0477601788e-02,-5.0746083364e-02,-0.7975673832,0.6032298643,0.6032298643,0.7975673832,-4.0110132211e-02,-1.0054082312e-01,6.5830274271e-02,6.47544581e-01,1.13824304e-04,5.80288782e-05
27,8,-8.7407724369e-02,-6.3830923065e-02,-5.4633312505e-02,-3.2526499781e-02,-0.6745749302,0.7382063827,0.7382063827,0.6745749302,1.2615054127e-01,-2.6527408475e-01,2.9997647850e-01,8.30407590e-01,1.79445636e-04,9.02648743e-05
28,8,-6.8114221705e-02,-4.3193223087e-02,-3.7187669195e-02,-1.4876650911e-02,-0.6504477185,0.7595510289,0.7595510289,0.6504477185,-9.9238710136e-01,1.0698111061e+00,-1.4416858119e+00,8.62622587e-01,1.92184732e-04,9.58566163e-05
29,8,-4.7273927762e-02,-2.7170932558e-02,-1.9221460173e-02,1.0042730638e-03,-0.7101123824,0.7040883498,0.7040883498,0.7101123824,-1.3865672619e-01,9.2581806965e-02,-1.4399398053e-01,7.81138516e-01,1.40624295e-04,6.95444908e-05

DETAILED CIRCLE DATA:

Region 0 (8 circles):
Circle_Index,Center_X,Center_Y,Radius
0,-2.8169938847e-02,4.0817267767e-04,2.4054160834e-03
1,-2.6798402567e-02,2.3048911622e-03,2.2743850518e-03
2,-2.5599930362e-02,4.1594663148e-03,2.1415124568e-03
3,-2.4585550695e-02,5.9695141155e-03,2.0095433770e-03
4,-2.3766292027e-02,7.7326505442e-03,2.0194240591e-03
5,-2.2997425649e-02,9.6811063790e-03,2.1339247517e-03
6,-2.2258815059e-02,1.1724919131e-02,2.2116911466e-03
7,-2.1549372944e-02,1.3860357544e-02,2.2877980528e-03

Region 1 (8 circles):
Circle_Index,Center_X,Center_Y,Radius
0,-2.0868011990e-02,1.6083690364e-02,2.3619403475e-03
1,-2.0213644884e-02,1.8391186336e-02,2.4338645039e-03
2,-1.9585184312e-02,2.0779114203e-02,2.5033588442e-03
3,-1.8981542961e-02,2.3243742711e-02,2.5702457739e-03
4,-1.8401633516e-02,2.5781340605e-02,2.6343755894e-03
5,-1.7844368665e-02,2.8388176628e-02,2.6956215257e-03
6,-1.7308661094e-02,3.1060519527e-02,2.7538757851e-03
7,-1.6793423489e-02,3.3794638045e-02,2.8090463397e-03

Region 2 (8 circles):
Circle_Index,Center_X,Center_Y,Radius
0,-1.6297568536e-02,3.6586800928e-02,2.8610543462e-03
1,-1.5820008923e-02,3.9433276920e-02,2.9098320474e-03
2,-1.5359657335e-02,4.2330334765e-02,2.9553210622e-03
3,-1.4915426458e-02,4.5274243210e-02,2.9974709858e-03
4,-1.4486228980e-02,4.8261270997e-02,3.0362382412e-03
5,-1.4070977587e-02,5.1287686873e-02,3.0715851321e-03
6,-1.3668584965e-02,5.4349759582e-02,3.1034790618e-03
7,-1.3277963800e-02,5.7443757868e-02,3.1318918868e-03

Region 3 (8 circles):
Circle_Index,Center_X,Center_Y,Radius
0,-1.2898026780e-02,6.0565950476e-02,3.1567993820e-03
1,-1.2527686589e-02,6.3712606152e-02,3.1781807989e-03
2,-1.2165855916e-02,6.6879993639e-02,3.1960185010e-03
3,-1.1811447445e-02,7.0064381683e-02,3.2102976661e-03
4,-1.1463373864e-02,7.3262039028e-02,3.2210060442e-03
5,-1.1120547859e-02,7.6469234419e-02,3.2281337657e-03
6,-1.0781882117e-02,7.9682236600e-02,3.2316731916e-03
7,-1.0446289323e-02,8.2897314318e-02,3.2316188052e-03

Region 4 (8 circles):
Circle_Index,Center_X,Center_Y,Radius
0,-1.0112682165e-02,8.6110736315e-02,3.2279671379e-03
1,-9.7799733282e-03,8.9318771337e-02,3.2207167316e-03
2,-9.4470754995e-03,9.2517688129e-02,3.2098681329e-03
3,-9.1129013653e-03,9.5703755436e-02,3.1954239229e-03
4,-8.7763636120e-03,9.8873242001e-02,3.1773887805e-03
5,-8.4363749260e-03,1.0202241657e-01,3.1557695845e-03
6,-8.0918479937e-03,1.0514754789e-01,3.1305755555e-03
7,-7.7416955016e-03,1.0824490470e-01,3.1018184446e-03

Region 5 (8 circles):
Circle_Index,Center_X,Center_Y,Radius
0,-7.3848301360e-03,1.1131075575e-01,3.0695127740e-03
1,-7.0201645834e-03,1.1434136978e-01,3.0336761392e-03
2,-6.6466115302e-03,1.1733301554e-01,2.9943295835e-03
3,-6.2630836627e-03,1.2028196177e-01,2.9514980588e-03
4,-5.8684936675e-03,1.2318447722e-01,2.9052109921e-03
5,-5.4617542309e-03,1.2603683063e-01,2.8555029794e-03
6,-5.0417780393e-03,1.2883529075e-01,2.8024146392e-03
7,-4.6074777792e-03,1.3157612632e-01,2.7459936619e-03

Region 6 (8 circles):
Circle_Index,Center_X,Center_Y,Radius
0,-4.1577661370e-03,1.3425560608e-01,2.6862961075e-03
1,-3.6915557990e-03,1.3686999879e-01,2.6233880144e-03
2,-3.2077594518e-03,1.3941557318e-01,2.5573474056e-03
3,-2.7052897816e-03,1.4188859800e-01,2.4882668026e-03
4,-2.1830594750e-03,1.4428534200e-01,2.4162563946e-03
5,-1.6399812183e-03,1.4660207391e-01,2.3414480565e-03
6,-1.0749676980e-03,1.4883506249e-01,1.6438301511e-03
7,-7.3726958041e-04,1.4975961772e-01,1.0648205093e-03

Region 7 (8 circles):
Circle_Index,Center_X,Center_Y,Radius
0,-2.0002503840e-04,1.5077114089e-01,1.2189261561e-03
1,5.1322639287e-04,1.5184903349e-01,1.3554951706e-03
2,1.3789451782e-03,1.5297269701e-01,1.4690342632e-03
3,2.3735917824e-03,1.5412153294e-01,1.5567301723e-03
4,3.4736266702e-03,1.5527494276e-01,1.6170727509e-03
5,4.6555103066e-03,1.5641232797e-01,1.6492556099e-03
6,5.8957031561e-03,1.5751309006e-01,1.6529072495e-03
7,7.1706656838e-03,1.5855663051e-01,1.6279811914e-03

Region 8 (8 circles):
Circle_Index,Center_X,Center_Y,Radius
0,8.4568583542e-03,1.5952235082e-01,1.5747435267e-03
1,9.7307416324e-03,1.6038965247e-01,1.4938514889e-03
2,1.0968775983e-02,1.6113793695e-01,1.3865666151e-03
3,1.2147421871e-02,1.6174660576e-01,1.2552343880e-03
4,1.3243139761e-02,1.6219506037e-01,1.1043771644e-03
5,1.4232390118e-02,1.6246270229e-01,9.4330417822e-04
6,1.5091633406e-02,1.6252893300e-01,7.9223897506e-04
7,1.5797330091e-02,1.6237315399e-01,6.9230424237e-04

Region 9 (8 circles):
Circle_Index,Center_X,Center_Y,Radius
0,1.6325940637e-02,1.6197476674e-01,7.0017690635e-04
1,1.6653925509e-02,1.6131317275e-01,1.8596876402e-03
2,1.7460154303e-02,1.5844332562e-01,3.0319593563e-03
3,1.8325089260e-02,1.5548416691e-01,3.1325598718e-03
4,1.9246154557e-02,1.5243823749e-01,3.2302629502e-03
5,2.0220774374e-02,1.4930807823e-01,3.3250004057e-03
6,2.1246372888e-02,1.4609622999e-01,3.4167155289e-03
7,2.2320374278e-02,1.4280523366e-01,3.5053610480e-03

Region 10 (8 circles):
Circle_Index,Center_X,Center_Y,Radius
0,2.3440202722e-02,1.3943763010e-01,3.5908975194e-03
1,2.4603282397e-02,1.3599596017e-01,3.6732920484e-03
2,2.5807037483e-02,1.3248276475e-01,3.7525172675e-03
3,2.7048892156e-02,1.2890058471e-01,3.8285505142e-03
4,2.8326270596e-02,1.2525196092e-01,3.9013731677e-03
5,2.9636596980e-02,1.2153943424e-01,3.9709701104e-03
6,3.0977295487e-02,1.1776554554e-01,4.0373292911e-03
7,3.2345790294e-02,1.1393283571e-01,4.1004413690e-03

Region 11 (8 circles):
Circle_Index,Center_X,Center_Y,Radius
0,3.3739505581e-02,1.1004384559e-01,4.1602994246e-03
1,3.5155865524e-02,1.0610111608e-01,4.2168987242e-03
2,3.6592294303e-02,1.0210718802e-01,4.2702365307e-03
3,3.8046216095e-02,9.8064602298e-02,4.3203119521e-03
4,3.9515055079e-02,9.3975899779e-02,4.3671258214e-03
5,4.0996235432e-02,8.9843621331e-02,4.4106806051e-03
6,4.2487181333e-02,8.5670307826e-02,4.4509803352e-03
7,4.3985316960e-02,8.1458500132e-02,4.4880305622e-03

Region 12 (8 circles):
Circle_Index,Center_X,Center_Y,Radius
0,4.5488066492e-02,7.7210739118e-02,4.5218383273e-03
1,4.6992854105e-02,7.2929565655e-02,4.5524121523e-03
2,4.8497103979e-02,6.8617520611e-02,4.5797620446e-03
3,4.9998240292e-02,6.4277144857e-02,4.6038995182e-03
4,5.1493687221e-02,5.9910979261e-02,4.6248376295e-03
5,5.2980868945e-02,5.5521564694e-02,4.6425910270e-03
6,5.4457209643e-02,5.1111442024e-02,4.6571760164e-03
7,5.5920133491e-02,4.6683152122e-02,4.6686106394e-03

Region 13 (8 circles):
Circle_Index,Center_X,Center_Y,Radius
0,5.7367064669e-02,4.2239235856e-02,4.6769147689e-03
1,5.8795427354e-02,3.7782234097e-02,4.6821102202e-03
2,6.0202645725e-02,3.3314687713e-02,4.6842208784e-03
3,6.1586143960e-02,2.8839137575e-02,4.6832728456e-03
4,6.2943346237e-02,2.4358124551e-02,4.6792946068e-03
5,6.4271676734e-02,1.9874189512e-02,4.6723172185e-03
6,6.5568559629e-02,1.5389873327e-02,4.6623745197e-03
7,6.6831419100e-02,1.0907716865e-02,4.6495033706e-03

Region 14 (8 circles):
Circle_Index,Center_X,Center_Y,Radius
0,6.8057679327e-02,6.4302609952e-03,4.6337439195e-03
1,6.9244764485e-02,1.9600465881e-03,4.6151399009e-03
2,7.0390098755e-02,-2.5003854872e-03,4.5937389708e-03
3,7.1491106314e-02,-6.9484943611e-03,4.5695930804e-03
4,7.2545211340e-02,-1.1381739164e-02,4.5427588941e-03
5,7.3549838012e-02,-1.5797579027e-02,4.5132982566e-03
6,7.4502410506e-02,-2.0193473080e-02,4.4812787149e-03
7,7.5400353003e-02,-2.4566880454e-02,4.4467741005e-03

Region 15 (8 circles):
Circle_Index,Center_X,Center_Y,Radius
0,7.6241089679e-02,-2.8915260278e-02,4.4098651800e-03
1,7.7022044714e-02,-3.3236071685e-02,4.3706403801e-03
2,7.7740642284e-02,-3.7526773803e-02,4.3291965956e-03
3,7.8394306569e-02,-4.1784825764e-02,4.2856400892e-03
4,7.8980461746e-02,-4.6007686699e-02,4.2400874912e-03
5,7.9496531994e-02,-5.0192815737e-02,4.1926669079e-03
6,7.9939941490e-02,-5.4337672009e-02,4.1435191485e-03
7,8.0308114414e-02,-5.8439714645e-02,4.0927990771e-03

Region 16 (8 circles):
Circle_Index,Center_X,Center_Y,Radius
0,8.0598474942e-02,-6.2496402777e-02,4.0406770969e-03
1,8.0808447253e-02,-6.6505195534e-02,3.9873407699e-03
2,8.0935455526e-02,-7.0463552048e-02,3.9329965728e-03
3,8.0976923939e-02,-7.4368931448e-02,3.8778717828e-03
4,8.0930276669e-02,-7.8218792865e-02,3.8222164796e-03
5,8.0792937895e-02,-8.2010595430e-02,3.7663056384e-03
6,8.0562331794e-02,-8.5741798272e-02,3.7104412751e-03
7,8.0235882546e-02,-8.9409860524e-02,3.6549545832e-03

Region 17 (8 circles):
Circle_Index,Center_X,Center_Y,Radius
0,7.9811014328e-02,-9.3012241314e-02,3.6002079817e-03
1,7.9285151319e-02,-9.6546399774e-02,3.5465969611e-03
2,7.8655717696e-02,-1.0000979503e-01,3.4945515821e-03
3,7.7920137638e-02,-1.0339988622e-01,3.4445374440e-03
4,7.7075835323e-02,-1.0671413248e-01,3.3970559019e-03
5,7.6120234928e-02,-1.0994999292e-01,3.3526432785e-03
6,7.5050760633e-02,-1.1310492668e-01,3.3118687893e-03
7,7.3864836616e-02,-1.1617639290e-01,3.2753309025e-03

Region 18 (8 circles):
Circle_Index,Center_X,Center_Y,Radius
0,7.2559887053e-02,-1.1916185070e-01,2.8835895203e-03
1,7.1388400979e-02,-1.2138054586e-01,2.4891001928e-03
2,7.0016385732e-02,-1.2343349895e-01,2.4618314228e-03
3,6.8451173077e-02,-1.2532410843e-01,2.4585765346e-03
4,6.6700094778e-02,-1.2705577273e-01,2.4771023375e-03
5,6.4770482598e-02,-1.2863189032e-01,2.5147147869e-03
6,6.2669668302e-02,-1.3005585965e-01,2.5684843879e-03
7,6.0404983654e-02,-1.3133107918e-01,2.6354556014e-03

Region 19 (8 circles):
Circle_Index,Center_X,Center_Y,Radius
0,5.7983760416e-02,-1.3246094734e-01,2.7128085475e-03
1,5.5413330354e-02,-1.3344886260e-01,2.7979625586e-03
2,5.2701025231e-02,-1.3429822340e-01,2.8886271358e-03
3,4.9854176811e-02,-1.3501242821e-01,2.9828135135e-03
4,4.6880116857e-02,-1.3559487547e-01,3.0788210166e-03
5,4.3786177134e-02,-1.3604896363e-01,3.1752098741e-03
6,4.0579689405e-02,-1.3637809114e-01,3.2707686499e-03
7,3.7267985435e-02,-1.3658565647e-01,3.3644813186e-03

Region 20 (8 circles):
Circle_Index,Center_X,Center_Y,Radius
0,3.3858396987e-02,-1.3667505805e-01,3.4554966949e-03
1,3.0358255824e-02,-1.3664969435e-01,3.5431014203e-03
2,2.6774893712e-02,-1.3651296381e-01,3.6266968108e-03
3,2.3115642414e-02,-1.3626826488e-01,3.7057794001e-03
4,1.9387833693e-02,-1.3591899603e-01,3.7799247871e-03
5,1.5598799313e-02,-1.3546855569e-01,3.8487743336e-03
6,1.1755871039e-02,-1.3492034233e-01,3.9120242571e-03
7,7.8663806340e-03,-1.3427775440e-01,3.9694167122e-03

Region 21 (8 circles):
Circle_Index,Center_X,Center_Y,Radius
0,3.9376598621e-03,-1.3354419034e-01,4.0207325064e-03
1,-2.2959512894e-05,-1.3272304861e-01,4.0657851553e-03
2,-4.0081457271e-03,-1.3181772767e-01,4.1044160332e-03
3,-8.0105670167e-03,-1.3083162595e-01,4.1364904223e-03
4,-1.2022891618e-02,-1.2976814193e-01,4.1618942998e-03
5,-1.6037787766e-02,-1.2863067404e-01,4.1805317388e-03
6,-2.0047923699e-02,-1.2742262074e-01,4.1923228205e-03
7,-2.4045967651e-02,-1.2614738048e-01,4.1972019815e-03

Region 22 (8 circles):
Circle_Index,Center_X,Center_Y,Radius
0,-2.8024587860e-02,-1.2480835172e-01,4.1951167356e-03
1,-3.1976452560e-02,-1.2340893291e-01,4.1860267268e-03
2,-3.5894229989e-02,-1.2195252250e-01,4.1699030832e-03
3,-3.9770588382e-02,-1.2044251893e-01,4.1467280544e-03
4,-4.3598195976e-02,-1.1888232067e-01,4.1164949257e-03
5,-4.7369721007e-02,-1.1727532617e-01,4.0792082168e-03
6,-5.1077831711e-02,-1.1562493387e-01,4.0348841829e-03
7,-5.4715196323e-02,-1.1393454223e-01,3.9835516543e-03

Region 23 (8 circles):
Circle_Index,Center_X,Center_Y,Radius
0,-5.8274483081e-02,-1.1220754971e-01,3.9252532648e-03
1,-6.1748360220e-02,-1.1044735475e-01,3.8600471463e-03
2,-6.5129495976e-02,-1.0865735580e-01,3.7880091910e-03
3,-6.8410558586e-02,-1.0684095133e-01,3.7092360261e-03
4,-7.1584216286e-02,-1.0500153977e-01,3.6238488933e-03
5,-7.4643137311e-02,-1.0314251959e-01,3.5319986973e-03
6,-7.7579989898e-02,-1.0126728923e-01,3.4338725836e-03
7,-8.0387442284e-02,-9.9379247152e-02,3.3297025376e-03

Region 24 (8 circles):
Circle_Index,Center_X,Center_Y,Radius
0,-8.3058162704e-02,-9.7481791801e-02,3.2197766802e-03
1,-8.5584819394e-02,-9.5578321632e-02,3.1044541918e-03
2,-8.7960080590e-02,-9.3672235097e-02,2.9841851410e-03
3,-9.0176614530e-02,-9.1766930648e-02,2.8595369768e-03
4,-9.2227089448e-02,-8.9865806736e-02,2.7312300555e-03
5,-9.4104173581e-02,-8.7972261815e-02,2.6001853484e-03
6,-9.5800535165e-02,-8.6089694337e-02,2.4675882791e-03
7,-9.7308842436e-02,-8.4221502753e-02,2.1397530754e-03

Region 25 (8 circles):
Circle_Index,Center_X,Center_Y,Radius
0,-9.8337185075e-02,-8.2649548907e-02,1.8350837823e-03
1,-9.9086424837e-02,-8.1021993572e-02,1.7700099398e-03
2,-9.9567590184e-02,-7.9341220767e-02,1.7471697861e-03
3,-9.9791709578e-02,-7.7609614513e-02,1.7631200599e-03
4,-9.9769811481e-02,-7.5829558830e-02,1.8121457866e-03
5,-9.9512924355e-02,-7.4003437738e-02,1.8873712496e-03
6,-9.9032076663e-02,-7.2133635256e-02,1.9818875486e-03
7,-9.8338296868e-02,-7.0222535406e-02,2.0895068208e-03

Region 26 (8 circles):
Circle_Index,Center_X,Center_Y,Radius
0,-9.7442613430e-02,-6.8272522206e-02,2.2050795823e-03
1,-9.6356054814e-02,-6.6285979677e-02,2.3245072435e-03
2,-9.5089649480e-02,-6.4265291839e-02,2.4446069935e-03
3,-9.3654425891e-02,-6.2212842711e-02,2.5629351018e-03
4,-9.2061412510e-02,-6.0131016315e-02,2.6776207385e-03
5,-9.0321637799e-02,-5.8022196670e-02,2.7872284872e-03
6,-8.8446130219e-02,-5.5888767796e-02,2.8906514012e-03
7,-8.6445918234e-02,-5.3733113713e-02,2.9870303488e-03

Region 27 (8 circles):
Circle_Index,Center_X,Center_Y,Radius
0,-8.4332030305e-02,-5.1557618441e-02,3.0756940639e-03
1,-8.2115494895e-02,-4.9364666000e-02,3.1561148257e-03
2,-7.9807340465e-02,-4.7156640410e-02,3.2278757012e-03
3,-7.7418595480e-02,-4.4935925692e-02,3.2906462802e-03
4,-7.4960288399e-02,-4.2704905864e-02,3.3441646468e-03
5,-7.2443447687e-02,-4.0465964948e-02,3.3882239596e-03
6,-6.9879101804e-02,-3.8221486964e-02,3.4226624702e-03
7,-6.7278279214e-02,-3.5973855930e-02,3.4473561490e-03

Region 28 (8 circles):
Circle_Index,Center_X,Center_Y,Radius
0,-6.4652008379e-02,-3.3725455868e-02,3.4622133265e-03
1,-6.2011317760e-02,-3.1478670797e-02,3.4671709439e-03
2,-5.9367235821e-02,-2.9235884738e-02,3.4621921347e-03
3,-5.6730791022e-02,-2.6999481710e-02,3.4472649739e-03
4,-5.4113011828e-02,-2.4771845734e-02,3.4224023129e-03
5,-5.1524926700e-02,-2.2555360829e-02,3.3876427063e-03
6,-4.8977564099e-02,-2.0352411015e-02,3.3430525198e-03
7,-4.6481952490e-02,-1.8165380314e-02,3.2887294024e-03

Region 29 (8 circles):
Circle_Index,Center_X,Center_Y,Radius
0,-4.4049120333e-02,-1.5996652743e-02,3.2248074298e-03
1,-4.1690096091e-02,-1.3848612325e-02,3.1514643829e-03
2,-3.9415908226e-02,-1.1723643078e-02,3.0689318439e-03
3,-3.7237585201e-02,-9.6241290224e-03,2.9775091086e-03
4,-3.5166155477e-02,-7.5524541788e-03,2.8775823628e-03
5,-3.3212647518e-02,-5.5110025670e-03,2.7696512284e-03
6,-3.1388089785e-02,-3.5021582070e-03,2.6543657406e-03
7,-2.9703510741e-02,-1.5283051187e-03,2.5325781825e-03
