Region Metadata for: shape_53.txt
================================================================================

REGION DEFINITION: Circle union (one circle per point)
  Each point gets a circle with radius = average distance to neighbors

Total vertices: 205
Number of regions: 30
Points per region:
  Region 0: 7 points
  Region 1: 7 points
  Region 2: 7 points
  Region 3: 7 points
  Region 4: 7 points
  Region 5: 7 points
  Region 6: 7 points
  Region 7: 7 points
  Region 8: 7 points
  Region 9: 7 points
  Region 10: 7 points
  Region 11: 7 points
  Region 12: 7 points
  Region 13: 7 points
  Region 14: 7 points
  Region 15: 7 points
  Region 16: 7 points
  Region 17: 7 points
  Region 18: 7 points
  Region 19: 7 points
  Region 20: 7 points
  Region 21: 7 points
  Region 22: 7 points
  Region 23: 7 points
  Region 24: 7 points
  Region 25: 6 points
  Region 26: 6 points
  Region 27: 6 points
  Region 28: 6 points
  Region 29: 6 points

REGION SUMMARY:
Region_Index,Num_Points,BBox_Min_X,BBox_Max_X,BBox_Min_Y,BBox_Max_Y,Normal_X,Normal_Y,Tangent_X,Tangent_Y,Fitted_Circle_X,Fitted_Circle_Y,Fitted_Circle_Radius,Local_AoA_Rad,Union_Area,Collection_Area
0,7,-1.1707582350e-01,-9.2045509435e-02,-2.2174325937e-03,2.8968198599e-02,-0.8108420039,0.5852651063,0.5852651063,0.8108420039,6.4053530262e-01,-5.2487911850e-01,9.1932160593e-01,6.25206971e-01,3.02080593e-04,1.51396244e-04
1,7,-9.8696555186e-02,-7.1234094599e-02,2.3280410094e-02,5.6077670603e-02,-0.7926402337,0.6096896423,0.6096896423,0.7926402337,8.9795192962e-01,-7.1655447187e-01,1.2402667675e+00,6.55668983e-01,3.44771051e-04,1.72745803e-04
2,7,-7.8019535965e-02,-4.9768056010e-02,5.0100164795e-02,8.2643101637e-02,-0.7764095250,0.6302287279,0.6302287279,0.7764095250,9.7099845479e-01,-7.7357762561e-01,1.3329344917e+00,6.81847773e-01,3.49543251e-04,1.75124670e-04
3,7,-5.6309297891e-02,-2.8913281511e-02,7.6717335990e-02,1.0713864039e-01,-0.7592860486,0.6507570179,0.6507570179,0.7592860486,8.1978842651e-01,-6.4681339315e-01,1.1356167951e+00,7.08581024e-01,3.15287086e-04,1.57923573e-04
4,7,-3.4831719125e-02,-9.9341528053e-03,1.0160608205e-01,1.2803994169e-01,-0.7374995348,0.6753476409,0.6753476409,0.7374995348,5.2762958911e-01,-3.8813958481e-01,7.4539346137e-01,7.41435978e-01,2.48386838e-04,1.24361903e-04
5,7,-1.4854319561e-02,3.5000585172e-03,1.2323891960e-01,1.4129634831e-01,-0.6989733467,0.7151477194,0.7151477194,0.6989733467,1.6044370259e-01,-3.4071393391e-02,2.3529160540e-01,7.96835421e-01,1.39779826e-04,7.06880033e-05
6,7,1.6994826672e-03,1.8370542716e-02,1.3884037253e-01,1.4511299660e-01,-0.1680758022,0.9857740739,0.9857740739,0.1680758022,1.4970819325e-02,1.0947215486e-01,3.3186307789e-02,1.40191895e+00,6.66261350e-05,3.43763484e-05
7,7,1.5914403038e-02,3.4806413720e-02,1.3796439651e-01,1.4511750870e-01,0.1720056240,0.9850959676,0.9850959676,-0.1720056240,1.7099370839e-02,9.2754866696e-02,4.9885953274e-02,1.74366160e+00,8.40723074e-05,4.30534626e-05
8,7,3.2540820771e-02,4.6067894712e-02,1.2670781332e-01,1.4142739312e-01,0.7561647285,0.6543813134,0.6543813134,-0.7561647285,3.0711455018e-02,1.2823616552e-01,1.1766497118e-02,2.42822851e+00,8.49240175e-05,4.38239406e-05
9,7,3.9744123623e-02,5.9396353802e-02,9.7401368857e-02,1.3088596975e-01,0.9161792739,0.4007686840,0.4007686840,-0.9161792739,7.7836975176e-01,4.3400970139e-01,-7.9625573788e-01,2.72923695e+00,2.93457413e-04,1.46349672e-04
10,7,5.1506967685e-02,7.5560004884e-02,6.2916302501e-02,1.0282089793e-01,0.9092388653,0.4162747721,0.4162747721,-0.9092388653,-2.4953781694e+01,-1.1376579614e+01,2.7516853976e+01,2.71224828e+00,4.19851242e-04,2.09917943e-04
11,7,6.6572683356e-02,9.2351186954e-02,2.5288231158e-02,6.9084946864e-02,0.9155038758,0.4023091516,0.4023091516,-0.9155038758,-1.2262232530e+00,-5.2666522005e-01,1.4262684091e+00,2.72755493e+00,4.99746666e-04,2.50352035e-04
12,7,8.2735236142e-02,1.0757801004e-01,-1.3462999296e-02,3.1712106960e-02,0.9318006720,0.3629703949,0.3629703949,-0.9318006720,-5.7913899796e-01,-2.5376578798e-01,7.2397092409e-01,2.77013893e+00,5.17916422e-04,2.60134355e-04
13,7,9.7773229766e-02,1.1906906416e-01,-5.1338022971e-02,-7.2482696048e-03,0.9568985544,0.2904223761,0.2904223761,-0.9568985544,-2.7624098913e-01,-1.4644814445e-01,4.0259136064e-01,2.84692444e+00,4.74827200e-04,2.39073625e-04
14,7,1.0944269639e-01,1.2469948066e-01,-8.6384015321e-02,-4.5724259091e-02,0.9867417677,0.1622981326,0.1622981326,-0.9867417677,-8.9574100018e-02,-1.0055560007e-01,2.1031060075e-01,2.97857343e+00,3.86484920e-04,1.95520338e-04
15,7,1.1423990501e-01,1.2494628362e-01,-1.1677322587e-01,-8.1590617219e-02,0.9976169963,-0.0689951352,-0.0689951352,-0.9976169963,1.9220907153e-02,-9.2727761623e-02,1.0113887016e-01,-3.07254266e+00,2.85841596e-04,1.45886010e-04
16,7,1.0327201776e-01,1.2140469749e-01,-1.4070569875e-01,-1.1257809822e-01,0.8897033391,-0.4565391203,-0.4565391203,-0.8897033391,6.5107463357e-02,-1.0284172269e-01,5.4032486723e-02,-2.66749128e+00,2.17149850e-04,1.12304255e-04
17,7,8.4925029410e-02,1.0779380366e-01,-1.4915010654e-01,-1.3631755305e-01,0.3650874897,-0.9309732138,-0.9309732138,-0.3650874897,8.8341799894e-02,-1.2241748465e-01,2.3597057375e-02,-1.94452310e+00,1.37580979e-04,7.27557855e-05
18,7,5.9498771621e-02,8.8119520264e-02,-1.4914046143e-01,-1.3479501016e-01,-0.3086883196,-0.9511632464,-0.9511632464,0.3086883196,9.2885714199e-02,-8.5965267753e-02,6.0508304630e-02,-1.25698263e+00,2.05288778e-04,1.05666240e-04
19,7,3.0406828938e-02,6.4330179192e-02,-1.4141388663e-01,-1.1538655197e-01,-0.5589686506,-0.8291887889,-0.8291887889,0.5589686506,1.6067178454e-01,3.8132982308e-02,2.0206864672e-01,-9.77654854e-01,3.48059800e-04,1.75951165e-04
20,7,-1.3754646797e-04,3.6876174583e-02,-1.2277445299e-01,-8.9609066977e-02,-0.6480125740,-0.7616296370,-0.7616296370,0.6480125740,3.9873469909e-01,3.3993379890e-01,5.8653322364e-01,-8.65824235e-01,4.64867674e-04,2.33553385e-04
21,7,-3.0252842435e-02,7.1924661325e-03,-9.7377321633e-02,-6.2064268786e-02,-0.6760479023,-0.7368576754,-0.7368576754,0.6760479023,2.6650217006e+00,2.8356460734e+00,3.9577239666e+00,-8.28410428e-01,4.97759105e-04,2.49059387e-04
22,7,-5.8142840008e-02,-2.3019700835e-02,-6.9643939323e-02,-3.7268577785e-02,-0.6636390979,-0.7480529044,-0.7480529044,0.6636390979,-5.8220037638e-01,-6.6266844466e-01,-8.1535178489e-01,-8.45123240e-01,4.29651056e-04,2.14288806e-04
23,7,-8.2082975888e-02,-5.1984071138e-02,-4.4070762680e-02,-1.9666758709e-02,-0.5912277903,-0.8065046187,-0.8065046187,0.5912277903,-1.8524634618e-01,-1.9132532163e-01,-1.9905310899e-01,-9.38215974e-01,2.86045087e-04,1.41512342e-04
24,7,-1.6061728537e-01,-5.2862256682e-02,-6.2190452326e-02,6.9903160053e-03,0.2328739359,-0.9725069306,-0.9725069306,-0.2328739359,-1.7749345752e-02,-3.8397513365e-01,-3.6792330766e-01,-1.80582815e+00,4.89211002e-03,3.08571724e-03
25,6,-1.4887882547e-01,-1.1048893589e-01,-4.6553081998e-02,-1.7833353339e-02,-0.3395835041,0.9405759107,0.9405759107,0.3395835041,-1.4148445352e-01,1.2276372893e-02,-4.6534000040e-02,1.22432227e+00,8.58751972e-04,7.35443092e-04
26,6,-1.5423352042e-01,-5.2036237872e-02,-5.2500952587e-02,1.2569714383e-02,-0.4265121160,0.9044818489,0.9044818489,0.4265121160,1.0274042970e-01,-1.0044446283e+00,1.0022931032e+00,1.13016330e+00,4.95646499e-03,2.64746285e-03
27,6,-1.5965241187e-01,-6.7020909102e-02,-5.4961992566e-02,1.9689460202e-03,0.1291426433,-0.9916260271,-0.9916260271,-0.1291426433,1.2396512755e+00,-6.5900504333e+00,-6.7045695570e+00,-1.70030066e+00,3.96178025e-03,2.61199219e-03
28,6,-1.5072420111e-01,-7.3053991335e-02,-4.4862747687e-02,1.7353006835e-03,0.0852059964,-0.9963633565,-0.9963633565,-0.0852059964,-6.8795956433e-02,-3.6884235174e-01,-3.5123135083e-01,-1.65610576e+00,2.55503809e-03,1.47498697e-03
29,6,-1.3004394356e-01,-1.1093499918e-01,-2.1866819057e-02,2.8419504425e-03,-0.8327519823,0.5536462192,0.5536462192,0.8327519823,3.4290181931e-01,-3.1810622646e-01,5.5690262452e-01,5.86736415e-01,2.04758145e-04,1.02756799e-04

DETAILED CIRCLE DATA:

Region 0 (7 circles):
Circle_Index,Center_X,Center_Y,Radius
0,-1.1273904227e-01,2.1193486405e-03,4.3367812342e-03
1,-1.1022343148e-01,5.7017910173e-03,4.4153348538e-03
2,-1.0764446921e-01,9.3322172654e-03,4.4882576213e-03
3,-1.0500584582e-01,1.3006179114e-02,4.5555364019e-03
4,-1.0231125166e-01,1.6719228291e-02,4.6171598700e-03
5,-9.9564377095e-02,2.0466916526e-02,4.6731182408e-03
6,-9.6768912488e-02,2.4244795547e-02,4.7234030528e-03

Region 1 (7 circles):
Circle_Index,Center_X,Center_Y,Radius
0,-9.3928548197e-02,2.8048417083e-02,4.7680069887e-03
1,-9.1046974583e-02,3.1873332863e-02,4.8069237289e-03
2,-8.8127882006e-02,3.5715094616e-02,4.8401478314e-03
3,-8.5174960827e-02,3.9569254069e-02,4.8676746326e-03
4,-8.2191901405e-02,4.3431362953e-02,4.8895001666e-03
5,-7.9182394101e-02,4.7296972996e-02,4.9056210993e-03
6,-7.6150129274e-02,5.1161635927e-02,4.9160346757e-03

Region 2 (7 circles):
Circle_Index,Center_X,Center_Y,Radius
0,-7.3098797287e-02,5.5020903473e-02,4.9207386784e-03
1,-7.0032088498e-02,5.8870327365e-02,4.9197313961e-03
2,-6.6953693268e-02,6.2705459331e-02,4.9130116012e-03
3,-6.3867301956e-02,6.6521851099e-02,4.9005785360e-03
4,-6.0776604925e-02,7.0315054398e-02,4.8824319073e-03
5,-5.7685292533e-02,7.4080620958e-02,4.8585718884e-03
6,-5.4597055141e-02,7.7814102506e-02,4.8289991305e-03

Region 3 (7 circles):
Circle_Index,Center_X,Center_Y,Radius
0,-5.1515583109e-02,8.1511050772e-02,4.7937147821e-03
1,-4.8444566798e-02,8.5167017484e-02,4.7527205181e-03
2,-4.5387696567e-02,8.8777554371e-02,4.7060185806e-03
3,-4.2348662778e-02,9.2338213162e-02,4.6536118307e-03
4,-3.9331155790e-02,9.5844545585e-02,4.5955038164e-03
5,-3.6338865963e-02,9.9292103369e-02,4.5316988565e-03
6,-3.3375483658e-02,1.0267643824e-01,4.4622021466e-03

Region 4 (7 circles):
Circle_Index,Center_X,Center_Y,Radius
0,-3.0444699235e-02,1.0599310194e-01,4.3870198903e-03
1,-2.7550203054e-02,1.0923764618e-01,4.3061594634e-03
2,-2.4695685476e-02,1.1240562269e-01,4.2196296174e-03
3,-2.1884836861e-02,1.1549258322e-01,4.1274407361e-03
4,-1.9121347569e-02,1.1849407947e-01,4.0296051572e-03
5,-1.6408907961e-02,1.2140566319e-01,3.9261375805e-03
6,-1.3751208395e-02,1.2422288610e-01,3.8170555902e-03

Region 5 (7 circles):
Circle_Index,Center_X,Center_Y,Radius
0,-1.1151939234e-02,1.2694129993e-01,3.7023803266e-03
1,-8.6147908374e-03,1.2955645641e-01,3.5821373622e-03
2,-6.1434535648e-03,1.3206390726e-01,3.4563578539e-03
3,-3.7416177770e-03,1.3445920422e-01,3.3250800806e-03
4,-1.4129738340e-03,1.3673789902e-01,3.1883515200e-03
5,8.3878790365e-04,1.3889554338e-01,2.2784358574e-03
6,1.9776373234e-03,1.3977392712e-01,1.5224211938e-03

Region 6 (7 circles):
Circle_Index,Center_X,Center_Y,Radius
0,3.3930860664e-03,1.4053397593e-01,1.6936033993e-03
1,5.0536078798e-03,1.4117679898e-01,1.8636411987e-03
2,6.9276765103e-03,1.4170350541e-01,2.0217897970e-03
3,8.9837657049e-03,1.4211520437e-01,2.1617453084e-03
4,1.1190349211e-02,1.4241300503e-01,2.2797438809e-03
5,1.3515900775e-02,1.4259801653e-01,2.3735033667e-03
6,1.5928894143e-02,1.4267134803e-01,2.4416485724e-03

Region 7 (7 circles):
Circle_Index,Center_X,Center_Y,Radius
0,1.8397803064e-02,1.4263410867e-01,2.4834000258e-03
1,2.0891101284e-02,1.4248740762e-01,2.4984101054e-03
2,2.3377262549e-02,1.4223235402e-01,2.4866888102e-03
3,2.5824760608e-02,1.4187005703e-01,2.4485936557e-03
4,2.8202069206e-02,1.4140162579e-01,2.3848783627e-03
5,3.0477662091e-02,1.4082816947e-01,2.2968119992e-03
6,3.2620013009e-02,1.4015079722e-01,2.1864007106e-03

Region 8 (7 circles):
Circle_Index,Center_X,Center_Y,Radius
0,3.4597595708e-02,1.3937061819e-01,2.0567749371e-03
1,3.6378883935e-02,1.3848874152e-01,1.9128523514e-03
2,3.7932351436e-02,1.3750627638e-01,1.7624432105e-03
3,3.9226471959e-02,1.3642433192e-01,1.6179483474e-03
4,4.0229719250e-02,1.3524401729e-01,1.4983756615e-03
5,4.0910567056e-02,1.3396644164e-01,2.5792882521e-03
6,4.2264400288e-02,1.3051130774e-01,3.8034944238e-03

Region 9 (7 circles):
Circle_Index,Center_X,Center_Y,Radius
0,4.3729075917e-02,1.2690101745e-01,3.9849522940e-03
1,4.5298163868e-02,1.2314149926e-01,4.1588850920e-03
2,4.6965234065e-02,1.1923868165e-01,4.3251472929e-03
3,4.8723856432e-02,1.1519849312e-01,4.4836274074e-03
4,5.0567600894e-02,1.1102686215e-01,4.6342399826e-03
5,5.2490037376e-02,1.0672971723e-01,4.7769198602e-03
6,5.4484735802e-02,1.0231298686e-01,4.9116180001e-03

Region 10 (7 circles):
Circle_Index,Center_X,Center_Y,Radius
0,5.6545266097e-02,9.7782599514e-02,5.0382984122e-03
1,5.8665198184e-02,9.3144483692e-02,5.1569358858e-03
2,6.0838101989e-02,8.8404567879e-02,5.2675143034e-03
3,6.3057547436e-02,8.3568780566e-02,5.3700253899e-03
4,6.5317104449e-02,7.8643050240e-02,5.4644677945e-03
5,6.7610342953e-02,7.3633305393e-02,5.5508464290e-03
6,6.9930832873e-02,6.8545474512e-02,5.6291720114e-03

Region 11 (7 circles):
Circle_Index,Center_X,Center_Y,Radius
0,7.2272144132e-02,6.3385486087e-02,5.6994607765e-03
1,7.4627846656e-02,5.8159268608e-02,5.7617343264e-03
2,7.6991510369e-02,5.2872750563e-02,5.8160196039e-03
3,7.9356705195e-02,4.7531860442e-02,5.8623489763e-03
4,8.1717001059e-02,4.2142526734e-02,5.9007604233e-03
5,8.4065967885e-02,3.6710677928e-02,5.9312978252e-03
6,8.6397175598e-02,3.1242242513e-02,5.9540113557e-03

Region 12 (7 circles):
Circle_Index,Center_X,Center_Y,Radius
0,8.8704194122e-02,2.5743148980e-02,5.9689579801e-03
1,9.0980593382e-02,2.0219325816e-02,5.9762020704e-03
2,9.3219943302e-02,1.4676701511e-02,5.9758161456e-03
3,9.5415813807e-02,9.1212045545e-03,5.9678817552e-03
4,9.7561774821e-02,3.5587634357e-03,5.9524905219e-03
5,9.9651396269e-02,-2.0046933562e-03,5.9297453698e-03
6,1.0167824808e-01,-7.5632373320e-03,5.8997619638e-03

Region 13 (7 circles):
Circle_Index,Center_X,Center_Y,Radius
0,1.0363590016e-01,-1.3110940003e-02,5.8626703978e-03
1,1.0551792246e-01,-1.8641872879e-02,5.8186171710e-03
2,1.0731788489e-01,-2.4150107471e-02,5.7677675029e-03
3,1.0902935737e-01,-2.9629715290e-02,5.7103080471e-03
4,1.1064590983e-01,-3.5074767847e-02,5.6464500722e-03
5,1.1216111220e-01,-4.0479336652e-02,5.5764331937e-03
6,1.1356853440e-01,-4.5837493217e-02,5.5005297543e-03

Region 14 (7 circles):
Circle_Index,Center_X,Center_Y,Radius
0,1.1486174636e-01,-5.1143309052e-02,5.4190499608e-03
1,1.1603431799e-01,-5.6390855668e-02,5.3323479090e-03
2,1.1707981922e-01,-6.1574204575e-02,5.2408286328e-03
3,1.1799181998e-01,-6.6687427285e-02,5.1449563330e-03
4,1.1876389020e-01,-7.1724595307e-02,5.0452639374e-03
5,1.1938959979e-01,-7.6679780154e-02,4.9423641345e-03
6,1.1986251868e-01,-8.1547053335e-02,4.8369619858e-03

Region 15 (7 circles):
Circle_Index,Center_X,Center_Y,Radius
0,1.2017621679e-01,-8.6320486362e-02,4.7298691428e-03
1,1.2032426406e-01,-9.0994150745e-02,4.6220195547e-03
2,1.2030023040e-01,-9.5562117994e-02,4.5144863219e-03
3,1.2009768574e-01,-1.0001845962e-01,4.4084989947e-03
4,1.1971020000e-01,-1.0435724714e-01,4.3054600961e-03
5,1.1913134312e-01,-1.0857255205e-01,4.2069589461e-03
6,1.1835468500e-01,-1.1265844588e-01,4.1147799939e-03

Region 16 (7 circles):
Circle_Index,Center_X,Center_Y,Radius
0,1.1737379558e-01,-1.1660900012e-01,4.0309019060e-03
1,1.1618224478e-01,-1.2041828630e-01,3.9574828509e-03
2,1.1477360253e-01,-1.2408037592e-01,3.8968271367e-03
3,1.1314143875e-01,-1.2758934050e-01,3.8513291544e-03
4,1.1127932336e-01,-1.3093925153e-01,3.8233930098e-03
5,1.0918082629e-01,-1.3412418054e-01,3.8153305431e-03
6,1.0683951746e-01,-1.3713819904e-01,3.5674997086e-03

Region 17 (7 circles):
Circle_Index,Center_X,Center_Y,Radius
0,1.0456078928e-01,-1.3955056743e-01,3.2330143803e-03
1,1.0213821896e-01,-1.4156014270e-01,3.0890387534e-03
2,9.9577002309e-02,-1.4318005128e-01,2.9990963568e-03
3,9.6882335150e-02,-1.4442341960e-01,2.9622917867e-03
4,9.4059413290e-02,-1.4530337408e-01,2.9750544303e-03
5,9.1113432540e-02,-1.4583304115e-01,3.0315514491e-03
6,8.8049588711e-02,-1.4602554724e-01,3.1245593013e-03

Region 18 (7 circles):
Circle_Index,Center_X,Center_Y,Radius
0,8.4873077615e-02,-1.4589401879e-01,3.2464426483e-03
1,8.1589095063e-02,-1.4545158220e-01,3.3899351800e-03
2,7.8202836867e-02,-1.4471136392e-01,3.5485986097e-03
3,7.4719498837e-02,-1.4368649038e-01,3.7169937102e-03
4,7.1144276785e-02,-1.4239008799e-01,3.8906625443e-03
5,6.7482366523e-02,-1.4083528319e-01,4.0660162738e-03
6,6.3738963861e-02,-1.3903520240e-01,4.2401922408e-03

Region 19 (7 circles):
Circle_Index,Center_X,Center_Y,Radius
0,5.9919264612e-02,-1.3700297205e-01,4.4109145796e-03
1,5.6028464586e-02,-1.3475171858e-01,4.5763728807e-03
2,5.2071759595e-02,-1.3229456840e-01,4.7351226029e-03
3,4.8054345450e-02,-1.2964464795e-01,4.8860059319e-03
4,4.3981417963e-02,-1.2681508366e-01,5.0280899821e-03
5,3.9858172945e-02,-1.2381900194e-01,5.1606189614e-03
6,3.5689806206e-02,-1.2066952924e-01,5.2829772683e-03

Region 20 (7 circles):
Circle_Index,Center_X,Center_Y,Radius
0,3.1481513560e-02,-1.1737979197e-01,5.3946610235e-03
1,2.7238490816e-02,-1.1396291656e-01,5.4952560663e-03
2,2.2965933787e-02,-1.1043202945e-01,5.5844208991e-03
3,1.8669038283e-02,-1.0680025706e-01,5.6618734246e-03
4,1.4353000116e-02,-1.0308072582e-01,5.7273806092e-03
5,1.0023015097e-02,-9.9286562147e-02,5.7807504140e-03
6,5.6842790382e-03,-9.5430892483e-02,5.8218255062e-03

Region 21 (7 circles):
Circle_Index,Center_X,Center_Y,Radius
0,1.3419877503e-03,-9.1526843251e-02,5.8504783822e-03
1,-2.9986629553e-03,-8.7587540877e-02,5.8666076302e-03
2,-7.3324772672e-03,-8.3626111790e-02,5.8701351340e-03
3,-1.1654259374e-02,-7.9655682419e-02,5.8610040740e-03
4,-1.5958813465e-02,-7.5689379189e-02,5.8391776321e-03
5,-2.0240943727e-02,-7.1740328530e-02,5.8046383444e-03
6,-2.4495454351e-02,-6.7821656869e-02,5.7573880834e-03

Region 22 (7 circles):
Circle_Index,Center_X,Center_Y,Radius
0,-2.8717149524e-02,-6.3946490634e-02,5.6974486891e-03
1,-3.2900833436e-02,-6.0127956253e-02,5.6248633048e-03
2,-3.7041310274e-02,-5.6379180153e-02,5.5396985241e-03
3,-4.1133384228e-02,-5.2713288762e-02,5.4420475082e-03
4,-4.5171859486e-02,-4.9143408508e-02,5.3320343120e-03
5,-4.9151540237e-02,-4.5682665819e-02,5.2098197575e-03
6,-5.3067230670e-02,-4.2344187122e-02,5.0756093377e-03

Region 23 (7 circles):
Circle_Index,Center_X,Center_Y,Radius
0,-5.6913734972e-02,-3.9141098846e-02,4.9296638341e-03
1,-6.0685857334e-02,-3.6086527418e-02,4.7723136256e-03
2,-6.4378401943e-02,-3.3193599266e-02,4.6039780908e-03
3,-6.7986172988e-02,-3.0475440817e-02,4.4251921312e-03
4,-7.1503974657e-02,-2.7945178500e-02,4.2366427709e-03
5,-7.4926611141e-02,-2.5615938742e-02,4.0392201538e-03
6,-7.8248886626e-02,-2.3500847971e-02,3.8340892624e-03

Region 24 (7 circles):
Circle_Index,Center_X,Center_Y,Radius
0,-8.1465605302e-02,-2.1613032615e-02,2.8603348620e-02
1,-1.3327807793e-01,-3.4851244889e-02,2.7339207437e-02
2,-1.3445560210e-01,-3.5089971857e-02,1.9923846602e-03
3,-1.3177047018e-01,-3.4357327937e-02,3.1737811067e-03
4,-1.3526850553e-01,-3.5041278667e-02,4.5237110845e-03
5,-1.2996731599e-01,-3.3640451176e-02,3.8690187706e-03
6,-1.2790315252e-01,-3.2732844779e-02,5.1361322501e-03

Region 25 (6 circles):
Circle_Index,Center_X,Center_Y,Radius
0,-1.3568225107e-01,-3.4672935146e-02,9.2631330388e-03
1,-1.2561251691e-01,-3.1666738920e-02,1.0407692357e-02
2,-1.3566230157e-01,-3.3952711120e-02,1.1656301205e-02
3,-1.2312994632e-01,-3.0474363773e-02,1.2641010434e-02
4,-1.3517411988e-01,-3.2848376414e-02,1.3704705584e-02
5,-1.2048997790e-01,-2.9187949511e-02,9.1038671074e-03

Region 26 (6 circles):
Circle_Index,Center_X,Center_Y,Radius
0,-1.1772714879e-01,-2.7839726310e-02,1.8575999404e-02
1,-8.4571571357e-02,-1.9965619102e-02,3.2535333485e-02
2,-1.1487599615e-01,-2.6461924342e-02,2.5031810957e-02
3,-1.3359893921e-01,-3.0087342525e-02,2.0634581212e-02
4,-1.1197105712e-01,-2.5086773782e-02,1.2707575652e-02
5,-1.0904686887e-01,-2.3746504804e-02,1.2658189073e-02

Region 27 (6 circles):
Circle_Index,Center_X,Center_Y,Radius
0,-8.7561588981e-02,-1.8571733858e-02,2.0540679879e-02
1,-1.0613796853e-01,-2.2473347581e-02,2.2599271316e-02
2,-1.3191981308e-01,-2.7229393781e-02,2.7732598785e-02
3,-1.0327889327e-01,-2.1299532287e-02,2.1884293936e-02
4,-8.9104848548e-02,-1.8147710778e-02,1.3056567301e-02
5,-1.0050418022e-01,-2.0257289096e-02,1.0704538451e-02

Region 28 (6 circles):
Circle_Index,Center_X,Center_Y,Radius
0,-9.0939693238e-02,-1.8048640844e-02,8.4258778281e-03
1,-9.7848366542e-02,-1.9378848183e-02,4.8146622921e-03
2,-9.5345989386e-02,-1.8696439720e-02,2.4761483521e-03
3,-9.3031585901e-02,-1.8242293883e-02,1.9977594566e-02
4,-1.3014043187e-01,-2.4278978454e-02,2.0583769233e-02
5,-1.2826448594e-01,-2.1240544813e-02,3.6309230569e-03

Region 29 (6 circles):
Circle_Index,Center_X,Center_Y,Radius
0,-1.2629566563e-01,-1.8118541131e-02,3.7482779256e-03
1,-1.2423766132e-01,-1.4917415679e-02,3.8601857984e-03
2,-1.2209416336e-01,-1.1641616728e-02,3.9666051237e-03
3,-1.1986886212e-01,-8.2955925490e-03,4.0675012500e-03
4,-1.1756544795e-01,-4.8837914139e-03,4.1628450813e-03
5,-1.1518761121e-01,-1.4106615936e-03,4.2526120362e-03
