Region Metadata for: shape_5.txt
================================================================================

REGION DEFINITION: Circle union (one circle per point)
  Each point gets a circle with radius = average distance to neighbors

Total vertices: 192
Number of regions: 30
Points per region:
  Region 0: 7 points
  Region 1: 7 points
  Region 2: 7 points
  Region 3: 7 points
  Region 4: 7 points
  Region 5: 7 points
  Region 6: 7 points
  Region 7: 7 points
  Region 8: 7 points
  Region 9: 7 points
  Region 10: 7 points
  Region 11: 7 points
  Region 12: 6 points
  Region 13: 6 points
  Region 14: 6 points
  Region 15: 6 points
  Region 16: 6 points
  Region 17: 6 points
  Region 18: 6 points
  Region 19: 6 points
  Region 20: 6 points
  Region 21: 6 points
  Region 22: 6 points
  Region 23: 6 points
  Region 24: 6 points
  Region 25: 6 points
  Region 26: 6 points
  Region 27: 6 points
  Region 28: 6 points
  Region 29: 6 points

REGION SUMMARY:
Region_Index,Num_Points,BBox_Min_X,BBox_Max_X,BBox_Min_Y,BBox_Max_Y,Normal_X,Normal_Y,Tangent_X,Tangent_Y,Fitted_Circle_X,Fitted_Circle_Y,Fitted_Circle_Radius,Local_AoA_Rad,Union_Area,Collection_Area
0,7,-5.8258557243e-02,-3.7432138082e-02,-1.6408134326e-03,3.6598726995e-02,-0.9340027371,-0.3572658493,-0.3572658493,0.9340027371,1.5037155105e+00,6.1086963788e-01,1.6612261050e+00,-3.65338901e-01,3.69717346e-04,1.85196343e-04
1,7,-6.9949543742e-02,-4.9967876369e-02,3.1267269657e-02,6.9051139617e-02,-0.9402200080,-0.3405676681,-0.3405676681,0.9402200080,2.1506360027e+00,8.5090049939e-01,2.3512451163e+00,-3.47520593e-01,3.57536605e-04,1.78997818e-04
2,7,-8.0436193150e-02,-6.1889275031e-02,6.3935421712e-02,9.9719388346e-02,-0.9442378619,-0.3292641192,-0.3292641192,0.9442378619,3.2243132648e+00,1.2310926848e+00,3.4902514706e+00,-3.35524131e-01,3.18864833e-04,1.59464273e-04
3,7,-8.9477839916e-02,-7.2957864538e-02,9.5011898578e-02,1.2724953301e-01,-0.9464157407,-0.3229508411,-0.3229508411,0.9464157407,7.0984683197e+00,2.5611176844e+00,7.5863552388e+00,-3.28845748e-01,2.58281208e-04,1.29093738e-04
4,7,-9.3903269027e-02,-8.2934572497e-02,1.2314435324e-01,1.4307936568e-01,-0.9538389276,-0.3003186645,-0.3003186645,0.9538389276,1.1866800595e-01,2.0306882926e-01,2.1905366354e-01,-3.05026723e-01,1.30689367e-04,6.64100005e-05
5,7,-9.1831786820e-02,-8.2070321451e-02,1.3609364376e-01,1.4345195618e-01,0.5347854788,0.8449878648,0.8449878648,-0.5347854788,-9.8670115291e-02,1.2396315793e-01,2.0269569317e-02,2.13505018e+00,3.37005070e-05,1.74202798e-05
6,7,-8.4850454816e-02,-6.8919967672e-02,1.2384379656e-01,1.3912287382e-01,0.6854174892,0.7281503042,0.7281503042,-0.6854174892,-2.4253514101e-01,-4.4133546418e-02,2.4153922430e-01,2.32597323e+00,9.22634221e-05,4.64452143e-05
7,7,-7.2075836477e-02,-5.7715179345e-02,1.1196581154e-01,1.2699298972e-01,0.7327686059,0.6804778984,0.6804778984,-0.7327686059,-1.8813746446e-01,5.7814970186e-03,1.6777298507e-01,2.39317803e+00,8.23251689e-05,4.13127814e-05
8,7,-6.2206410825e-02,-4.0397827009e-02,9.2204602556e-02,1.1614297104e-01,0.7537701047,0.6571382117,0.6571382117,-0.7537701047,-5.0302822385e+00,-4.2359575335e+00,6.6050562005e+00,2.42457684e+00,1.97564935e-04,9.87824674e-05
9,7,-4.5726616786e-02,-2.0828351508e-02,6.9667002625e-02,9.7139655745e-02,0.7562764263,0.6542522197,0.6542522197,-0.7562764263,-5.8318146797e+00,-4.9325173230e+00,7.6669649754e+00,2.42839922e+00,2.58527258e-04,1.29351184e-04
10,7,-2.6773085152e-02,2.0571662061e-04,4.5218439285e-02,7.5149463222e-02,0.7588811783,0.6512291127,0.6512291127,-0.7588811783,-5.7866273902e+00,-4.8939699564e+00,7.6075704942e+00,2.43238970e+00,3.05274955e-04,1.52611638e-04
11,7,-6.1334041500e-03,2.1916865212e-02,1.9724321700e-02,5.1037878694e-02,0.7618295027,0.6477775921,0.6477775921,-0.7618295027,-5.1383286903e+00,-4.3403681158e+00,6.7550643834e+00,2.43692905e+00,3.32172292e-04,1.66156414e-04
12,6,1.5404818656e-02,4.0468394619e-02,-2.3039803241e-03,2.5670406720e-02,0.7650889447,0.6439246126,0.6439246126,-0.7650889447,-4.2371769391e+00,-3.5780510547e+00,5.5747241590e+00,2.44197577e+00,2.93266467e-04,1.46700543e-04
13,6,3.3984275752e-02,5.8442931930e-02,-2.3919720570e-02,3.5833653802e-03,0.7687983938,0.6394912273,0.6394912273,-0.7687983938,-3.3067837968e+00,-2.7993889848e+00,4.3614856102e+00,2.44775635e+00,2.81614323e-04,1.40898647e-04
14,6,5.2149176122e-02,7.5344647890e-02,-4.4578015113e-02,-1.8245373774e-02,0.7735102481,0.6337837928,0.6337837928,-0.7735102481,-2.3970404144e+00,-2.0479643220e+00,3.1815386763e+00,2.45515747e+00,2.56095402e-04,1.28189406e-04
15,6,6.9403427068e-02,9.0677811005e-02,-6.3734077791e-02,-3.9270663373e-02,0.7797673085,0.6260694407,0.6260694407,-0.7797673085,-1.5852086154e+00,-1.3888999724e+00,2.1358616184e+00,2.46509039e+00,2.18811342e-04,1.09493105e-04
16,6,8.5250825374e-02,1.0394690477e-01,-8.0843337425e-02,-5.8947245535e-02,0.7885509154,0.6149694739,0.6149694739,-0.7885509154,-9.2046432755e-01,-8.6199323687e-01,1.2876159475e+00,2.47924540e+00,1.72951091e-04,8.66098190e-05
17,6,9.9194919279e-02,1.0655625001e-01,-8.6310475020e-02,-7.6729613826e-02,0.9796275997,0.2008227227,0.2008227227,-0.9796275997,1.0175729035e-01,-8.3015417139e-02,3.0049105244e-03,2.93939497e+00,4.57370532e-05,2.43563829e-05
18,6,9.5404726511e-02,1.0389488393e-01,-9.0012603483e-02,-8.4758915014e-02,0.4204103802,-0.9073340687,-0.9073340687,-0.4204103802,8.5754090356e-02,-5.7012410961e-02,3.3537579686e-02,-2.00469389e+00,2.16229032e-05,1.10419684e-05
19,6,8.5185823655e-02,9.6696155746e-02,-9.4297572595e-02,-8.7968407911e-02,0.3309655070,-0.9436428526,-0.9436428526,-0.3309655070,1.2823892944e-01,-1.9581724976e-01,-1.1156808518e-01,-1.90812289e+00,4.17009563e-05,2.06966173e-05
20,6,6.9886029381e-02,8.7778938058e-02,-1.0123944711e-01,-9.0366451617e-02,0.4012654063,-0.9159618298,-0.9159618298,-0.4012654063,2.5731875612e-01,-5.0194202006e-01,-4.4379346066e-01,-1.98369426e+00,9.43642970e-05,4.70498548e-05
21,6,5.3226713584e-02,7.3087178908e-02,-1.0865896174e-01,-9.6563557218e-02,0.4025423283,-0.9154013731,-0.9154013731,-0.4025423283,-1.7446061144e-01,4.3734334135e-01,5.8995872677e-01,-1.98508877e+00,1.15928425e-04,5.81102665e-05
22,6,3.7195170008e-02,5.6473513275e-02,-1.1442127395e-01,-1.0377609642e-01,0.3413813804,-0.9399248657,-0.9399248657,-0.3413813804,-8.2903080401e-03,4.1816778989e-02,1.6091769462e-01,-1.91918250e+00,1.05444390e-04,5.31769657e-05
23,6,2.3694950409e-02,3.9966619163e-02,-1.1647528322e-01,-1.0982784245e-01,0.1668485133,-0.9859825422,-0.9859825422,-0.1668485133,2.3159537660e-02,-6.4464740200e-02,5.0027512035e-02,-1.73842884e+00,7.08350653e-05,3.62067041e-05
24,6,1.4215049455e-02,2.5700965260e-02,-1.1632815888e-01,-1.0998841302e-01,-0.3320708527,-0.9432544454,-0.9432544454,0.3320708527,2.3769966172e-02,-1.0146371195e-01,1.2898263559e-02,-1.23229816e+00,3.83429340e-05,2.03342215e-05
25,6,1.7344259780e-03,1.7027286295e-02,-1.1274954993e-01,-9.3631722365e-02,-0.8146963404,-0.5798878107,-0.5798878107,0.8146963404,1.3812806862e-01,-1.2679263957e-02,1.5744634114e-01,-6.18590977e-01,1.28393231e-04,6.50550027e-05
26,6,-1.0346952458e-02,6.9735228268e-03,-9.7758332929e-02,-7.3316475466e-02,-0.8671086408,-0.4981190671,-0.4981190671,0.8671086408,2.6457725757e-01,6.6971986282e-02,3.0691509362e-01,-5.21428220e-01,1.89610961e-04,9.53642953e-05
27,6,-2.2370829682e-02,-4.0315157194e-03,-7.7918565508e-02,-4.9745680182e-02,-0.8960632046,-0.4439264955,-0.4439264955,0.8960632046,4.5638848236e-01,1.6846680631e-01,5.2393800634e-01,-4.59975882e-01,2.40462998e-04,1.20735770e-04
28,6,-3.4175461572e-02,-1.5195982790e-02,-5.4723165115e-02,-2.3782151532e-02,-0.9137994289,-0.4061657344,-0.4061657344,0.9137994289,7.1769374487e-01,2.9047299035e-01,8.1233194628e-01,-4.18254170e-01,2.82112167e-04,1.41492993e-04
29,6,-4.5604540433e-02,-2.6378287923e-02,-2.9014793111e-02,3.7167318848e-03,-0.9254584612,-0.3788490946,-0.3788490946,0.9254584612,1.0514412057e+00,4.3235134161e-01,1.1749901456e+00,-3.88552374e-01,3.10242116e-04,1.55423124e-04

DETAILED CIRCLE DATA:

Region 0 (7 circles):
Circle_Index,Center_X,Center_Y,Radius
0,-4.2447092514e-02,3.3741409989e-03,5.0149544315e-03
1,-4.4277845501e-02,8.0501119015e-03,5.0262898238e-03
2,-4.6096345899e-02,1.2740945398e-02,5.0337519365e-03
3,-4.7901894488e-02,1.7442696569e-02,5.0373329419e-03
4,-4.9693792047e-02,2.2151420498e-02,5.0370256354e-03
5,-5.1471339357e-02,2.6863172264e-02,5.0328233780e-03
6,-5.3233837198e-02,3.1574006950e-02,5.0247200451e-03

Region 1 (7 circles):
Circle_Index,Center_X,Center_Y,Radius
0,-5.4980586350e-02,3.6279979638e-02,5.0127099805e-03
1,-5.6710887593e-02,4.0977145408e-02,4.9967879567e-03
2,-5.8424041708e-02,4.5661559343e-02,4.9769491385e-03
3,-6.0119349474e-02,5.0329276524e-02,4.9531890510e-03
4,-6.1796111672e-02,5.4976352033e-02,4.9255035514e-03
5,-6.3453629082e-02,5.9598840950e-02,4.8938888042e-03
6,-6.5091202484e-02,6.4192798359e-02,4.8583412580e-03

Region 2 (7 circles):
Circle_Index,Center_X,Center_Y,Radius
0,-6.6708132658e-02,6.8754279339e-02,4.8188576268e-03
1,-6.8303720385e-02,7.3279338973e-02,4.7754348723e-03
2,-6.9877266444e-02,7.7764032343e-02,4.7280701889e-03
3,-7.1428071616e-02,8.2204414529e-02,4.6767609910e-03
4,-7.2955436680e-02,8.6596540613e-02,4.6215049023e-03
5,-7.4458662418e-02,9.0936465678e-02,4.5622997468e-03
6,-7.5937049608e-02,9.5220244804e-02,4.4991435421e-03

Region 3 (7 circles):
Circle_Index,Center_X,Center_Y,Radius
0,-7.7389899032e-02,9.9443933073e-02,4.4320344947e-03
1,-7.8816511470e-02,1.0360358557e-01,4.3609709973e-03
2,-8.0216187701e-02,1.0769525737e-01,4.2859516288e-03
3,-8.1588228506e-02,1.1171500355e-01,4.2069751564e-03
4,-8.2931934664e-02,1.1565887921e-01,4.1240405411e-03
5,-8.4246606957e-02,1.1952293942e-01,4.0371469464e-03
6,-8.5531546164e-02,1.2330323926e-01,3.9462937516e-03

Region 4 (7 circles):
Circle_Index,Center_X,Center_Y,Radius
0,-8.6786053066e-02,1.2699583381e-01,3.8514805690e-03
1,-8.8009428442e-02,1.3059677816e-01,3.7527072689e-03
2,-8.9200973072e-02,1.3410212738e-01,3.6499740115e-03
3,-9.0359987738e-02,1.3750793657e-01,3.5432812891e-03
4,-9.1485773219e-02,1.4081026079e-01,2.2691048887e-03
5,-9.1732596028e-02,1.4183008174e-01,8.3948426761e-04
6,-9.1653341901e-02,1.4245477830e-01,5.4417912580e-04

Region 5 (7 circles):
Circle_Index,Center_X,Center_Y,Radius
0,-9.1274999624e-02,1.4271404830e-01,5.5678719660e-04
1,-9.0624557983e-02,1.4263758957e-01,8.1436660650e-04
2,-8.9729005765e-02,1.4225509995e-01,1.1338836172e-03
3,-8.8615331756e-02,1.4159627726e-01,1.4410764244e-03
4,-8.7310524744e-02,1.4069081935e-01,1.7184354973e-03
5,-8.5841573515e-02,1.3956842404e-01,1.9605216723e-03
6,-8.4235466855e-02,1.3825878916e-01,2.1651454032e-03

Region 6 (7 circles):
Circle_Index,Center_X,Center_Y,Radius
0,-8.2519193551e-02,1.3679161255e-01,2.3312612659e-03
1,-8.0719742389e-02,1.3519659205e-01,2.4583083682e-03
2,-7.8864102157e-02,1.3350342547e-01,2.5459595078e-03
3,-7.6979261640e-02,1.3174181066e-01,2.5940116364e-03
4,-7.5092209626e-02,1.2994144544e-01,2.6023329097e-03
5,-7.3229934901e-02,1.2813202766e-01,2.5708351087e-03
6,-7.1419426252e-02,1.2634325514e-01,2.4994585793e-03

Region 7 (7 circles):
Circle_Index,Center_X,Center_Y,Radius
0,-6.9687672464e-02,1.2460482571e-01,2.3881640130e-03
1,-6.8061662326e-02,1.2294643720e-01,2.2369286281e-03
2,-6.6568384622e-02,1.2139778746e-01,2.0457462797e-03
3,-6.5234828141e-02,1.1998857430e-01,1.8146333573e-03
4,-6.4087981669e-02,1.1874849557e-01,1.5436482128e-03
5,-6.3154833991e-02,1.1770724910e-01,2.3231075297e-03
6,-6.1013992951e-02,1.1526462515e-01,3.2988136064e-03

Region 8 (7 circles):
Circle_Index,Center_X,Center_Y,Radius
0,-5.8807708150e-02,1.1274426836e-01,3.3987026751e-03
1,-5.6538275677e-02,1.1014870193e-01,3.4951820406e-03
2,-5.4207991620e-02,1.0748044905e-01,3.5882517232e-03
3,-5.1819152066e-02,1.0474203290e-01,3.6779117512e-03
4,-4.9374053104e-02,1.0193597669e-01,3.7641621604e-03
5,-4.6874990822e-02,9.9064803615e-02,3.8470029935e-03
6,-4.4324261309e-02,9.6131036855e-02,3.9264342998e-03

Region 9 (7 circles):
Circle_Index,Center_X,Center_Y,Radius
0,-4.1724160651e-02,9.3137199610e-02,4.0024561346e-03
1,-3.9076984939e-02,9.0085815072e-02,4.0750685596e-03
2,-3.6385030258e-02,8.6979406433e-02,4.1442716423e-03
3,-3.3650592699e-02,8.3820496888e-02,4.2100654565e-03
4,-3.0875968348e-02,8.0611609629e-02,4.2724500819e-03
5,-2.8063453295e-02,7.7355267850e-02,4.3314256048e-03
6,-2.5215343626e-02,7.4053994743e-02,4.3869921179e-03

Region 10 (7 circles):
Circle_Index,Center_X,Center_Y,Radius
0,-2.2333935431e-02,7.0710313501e-02,4.4391497208e-03
1,-1.9421524797e-02,6.7326747318e-02,4.4878985201e-03
2,-1.6480407813e-02,6.3905819387e-02,4.5332386301e-03
3,-1.3512880566e-02,6.0450052900e-02,4.5751701731e-03
4,-1.0521239145e-02,5.6961971051e-02,4.6136932800e-03
5,-7.5077796383e-03,5.3444097033e-02,4.6488080904e-03
6,-4.4747981335e-03,4.9898954040e-02,4.6805147541e-03

Region 11 (7 circles):
Circle_Index,Center_X,Center_Y,Radius
0,-1.4245907189e-03,4.6329065263e-02,4.7088134311e-03
1,1.6405465173e-03,4.2736953896e-02,4.7337042926e-03
2,4.7183174870e-03,3.9125143133e-02,4.7551875222e-03
3,7.8064261021e-03,3.5496156166e-02,4.7732633165e-03
4,1.0902576274e-02,3.1852516188e-02,4.7879318862e-03
5,1.4004471916e-02,2.8196746393e-02,4.7991934577e-03
6,1.7109816938e-02,2.4531369974e-02,4.8070482742e-03

Region 12 (6 circles):
Circle_Index,Center_X,Center_Y,Radius
0,2.0216315253e-02,2.0858910123e-02,4.8114965972e-03
1,2.3321670773e-02,1.7181890034e-02,4.8125387083e-03
2,2.6423587410e-02,1.3502832900e-02,4.8101749110e-03
3,2.9519769075e-02,9.8242619138e-03,4.8044055332e-03
4,3.2607919680e-02,6.1487002686e-03,4.7952309289e-03
5,3.5685743137e-02,2.4786711574e-03,4.7826514815e-03

Region 13 (6 circles):
Circle_Index,Center_X,Center_Y,Radius
0,3.8750943358e-02,-1.1833022265e-03,4.7666676067e-03
1,4.1801224256e-02,-4.8346966901e-03,4.7472797555e-03
2,4.4834289740e-02,-8.4729890404e-03,4.7244884188e-03
3,4.7847843725e-02,-1.2095656084e-02,4.6982941308e-03
4,5.0839590121e-02,-1.5700174629e-02,4.6686974751e-03
5,5.3807232840e-02,-1.9284021480e-02,4.6356990893e-03

Region 14 (6 circles):
Circle_Index,Center_X,Center_Y,Radius
0,5.6748475795e-02,-2.2844673446e-02,4.5992996723e-03
1,5.9661022896e-02,-2.6379607334e-02,4.5594999912e-03
2,6.2542578057e-02,-2.9886299949e-02,4.5163008901e-03
3,6.5390845188e-02,-3.3362228100e-02,4.4697032997e-03
4,6.8203528202e-02,-3.6804868592e-02,4.4197082494e-03
5,7.0978331010e-02,-4.0211698234e-02,4.3663168794e-03

Region 15 (6 circles):
Circle_Index,Center_X,Center_Y,Radius
0,7.3712957525e-02,-4.3580193831e-02,4.3095304575e-03
1,7.6405111658e-02,-4.6907832191e-02,4.2493503960e-03
2,7.9052497322e-02,-5.0192090120e-02,4.1857782741e-03
3,8.1652818427e-02,-5.3430444426e-02,4.1188158623e-03
4,8.4203778886e-02,-5.6620371916e-02,4.0484651528e-03
5,8.6703082610e-02,-5.9759349396e-02,3.9747283949e-03

Region 16 (6 circles):
Circle_Index,Center_X,Center_Y,Radius
0,8.9148433513e-02,-6.2844853673e-02,3.8976081382e-03
1,9.1537535504e-02,-6.5874361554e-02,3.8171072839e-03
2,9.3868092497e-02,-6.8845349847e-02,3.7332291479e-03
3,9.6137808403e-02,-7.1755295358e-02,3.6459775371e-03
4,9.8344387135e-02,-7.4601674893e-02,3.5553568443e-03
5,1.0048553260e-01,-7.7381965261e-02,3.4613721644e-03

Region 17 (6 circles):
Circle_Index,Center_X,Center_Y,Radius
0,1.0255894872e-01,-8.0093643267e-02,3.3640294407e-03
1,1.0456233940e-01,-8.2734185719e-02,1.9939106107e-03
2,1.0482411459e-01,-8.3354515576e-02,6.5971432610e-04
3,1.0472231276e-01,-8.3992572178e-02,7.0792280586e-04
4,1.0430589280e-01,-8.4639921753e-02,8.5533963583e-04
5,1.0362381365e-01,-8.5288130528e-02,1.0223444923e-03

Region 18 (6 circles):
Circle_Index,Center_X,Center_Y,Radius
0,1.0272503421e-01,-8.5928764731e-02,1.1698497163e-03
1,1.0165851341e-01,-8.6553390589e-02,1.2822828880e-03
2,1.0047321016e-01,-8.7153574330e-02,1.3529884838e-03
3,9.9218083372e-02,-8.7720882182e-02,1.3787686098e-03
4,9.7942091969e-02,-8.8246880372e-02,1.3579221851e-03
5,9.6694194866e-02,-8.8723135129e-02,1.2894683546e-03

Region 19 (6 circles):
Circle_Index,Center_X,Center_Y,Radius
0,9.5523350979e-02,-8.9141212678e-02,1.1728047671e-03
1,9.4478519225e-02,-8.9492679249e-02,1.0075434668e-03
2,9.3608658521e-02,-8.9769101068e-02,1.4561178337e-03
3,9.1708216257e-02,-9.0390681855e-02,2.0754604598e-03
4,8.9683351345e-02,-9.1117653352e-02,2.2220025379e-03
5,8.7543340576e-02,-9.1940055675e-02,2.3575169206e-03

Region 20 (6 circles):
Circle_Index,Center_X,Center_Y,Radius
0,8.5297460738e-02,-9.2847928937e-02,2.4814773201e-03
1,8.2954988618e-02,-9.3831313255e-02,2.5935240580e-03
2,8.0525201008e-02,-9.4880248744e-02,2.6934096188e-03
3,7.8017374694e-02,-9.5984775517e-02,2.7809650756e-03
4,7.5440786466e-02,-9.7134933692e-02,2.8560789435e-03
5,7.2804713114e-02,-9.8320763381e-02,2.9186837325e-03

Region 21 (6 circles):
Circle_Index,Center_X,Center_Y,Radius
0,7.0118431424e-02,-9.9532304701e-02,2.9687474835e-03
1,6.7391218187e-02,-1.0075959777e-01,3.0062686988e-03
2,6.4632350192e-02,-1.0199268269e-01,3.0312737431e-03
3,6.1851104226e-02,-1.0322159959e-01,3.0438162001e-03
4,5.9056757079e-02,-1.0443638858e-01,3.0439779521e-03
5,5.6258585540e-02,-1.0562708978e-01,3.0318719559e-03

Region 22 (6 circles):
Circle_Index,Center_X,Center_Y,Radius
0,5.3465866398e-02,-1.0678374330e-01,3.0076468775e-03
1,5.0687876441e-02,-1.0789638925e-01,2.9714939436e-03
2,4.7933892457e-02,-1.0895506775e-01,2.9236566040e-03
3,4.5213191237e-02,-1.0994981892e-01,2.8644439079e-03
4,4.2535049569e-02,-1.1087068287e-01,2.7942489345e-03
5,3.9908744241e-02,-1.1170769972e-01,2.7135742333e-03

Region 23 (6 circles):
Circle_Index,Center_X,Center_Y,Radius
0,3.7343552043e-02,-1.1245090957e-01,2.6230671207e-03
1,3.4848749762e-02,-1.1309035255e-01,2.5235689531e-03
2,3.2433614189e-02,-1.1361606877e-01,2.4161842543e-03
3,3.0107422112e-02,-1.1401809835e-01,2.3023778442e-03
4,2.7879450319e-02,-1.1428648140e-01,2.1841105431e-03
5,2.5758975600e-02,-1.1441125803e-01,2.0640251912e-03

Region 24 (6 circles):
Circle_Index,Center_X,Center_Y,Radius
0,2.3755274743e-02,-1.1438246836e-01,1.9456905170e-03
1,2.1877624537e-02,-1.1419015251e-01,1.8338911136e-03
2,2.0135301772e-02,-1.1382435059e-01,1.7348996252e-03
3,1.8537583234e-02,-1.1327510272e-01,1.6565643402e-03
4,1.7093745715e-02,-1.1253244900e-01,1.6079179661e-03
5,1.5813066002e-02,-1.1158642956e-01,1.5980165472e-03

Region 25 (6 circles):
Circle_Index,Center_X,Center_Y,Radius
0,1.4704820884e-02,-1.1042708451e-01,2.3224654111e-03
1,1.2831627434e-02,-1.0803137850e-01,3.0967004541e-03
2,1.0949709978e-02,-1.0550246234e-01,3.2069355584e-03
3,9.0597677363e-03,-1.0284428095e-01,3.3150858195e-03
4,7.1624999288e-03,-1.0006077925e-01,3.4209034389e-03
5,5.2586057750e-03,-9.7155902162e-02,3.5241797971e-03

Region 26 (6 circles):
Circle_Index,Center_X,Center_Y,Radius
0,3.3487844951e-03,-9.4133594598e-02,3.6247383318e-03
1,1.4337353086e-03,-9.0997801478e-02,3.7224288404e-03
2,-4.8584256438e-04,-8.7752467722e-02,3.8171229062e-03
3,-2.4092499041e-03,-8.4401538248e-02,3.9087102091e-03
4,-4.3357874908e-03,-8.0948957974e-02,3.9970955373e-03
5,-6.2647561045e-03,-7.7398671820e-02,4.0821963537e-03

Region 27 (6 circles):
Circle_Index,Center_X,Center_Y,Radius
0,-8.1954565255e-03,-7.3754624702e-02,4.1639408061e-03
1,-1.0127189534e-02,-7.0020761540e-02,4.2422660911e-03
2,-1.2059255910e-02,-6.6201027253e-02,4.3171171030e-03
3,-1.3990956433e-02,-6.2299366758e-02,4.3884453127e-03
4,-1.5921591884e-02,-5.8319724974e-02,4.4562078333e-03
5,-1.7850463044e-02,-5.4266046820e-02,4.5203666378e-03

Region 28 (6 circles):
Circle_Index,Center_X,Center_Y,Radius
0,-1.9776870691e-02,-5.0142277213e-02,4.5808879014e-03
1,-2.1700115607e-02,-4.5952361074e-02,4.6377414459e-03
2,-2.3619498571e-02,-4.1700243319e-02,4.6909002691e-03
3,-2.5534320364e-02,-3.7389868867e-02,4.7403401442e-03
4,-2.7443881766e-02,-3.3025182638e-02,4.7860392777e-03
5,-2.9347483557e-02,-2.8610129548e-02,4.8279780159e-03

Region 29 (6 circles):
Circle_Index,Center_X,Center_Y,Radius
0,-3.1244426516e-02,-2.4148654518e-02,4.8661385929e-03
1,-3.3134011425e-02,-1.9644702464e-02,4.9005049130e-03
2,-3.5015539063e-02,-1.5102218307e-02,4.9310623620e-03
3,-3.6888310211e-02,-1.0525146963e-02,4.9577976440e-03
4,-3.8751625649e-02,-5.9174333518e-03,4.9806986385e-03
5,-4.0604786156e-02,-1.2830223917e-03,4.9997542765e-03
