# SPARTA_NODE_ID AERO_S_NODE_ID
632
1 319
2 318
3 317
4 316
5 315
6 314
7 313
8 312
9 311
10 310
11 309
12 308
13 307
14 306
15 305
16 304
17 303
18 302
19 301
20 300
21 299
22 298
23 297
24 296
25 295
26 294
27 293
28 292
29 291
30 290
31 289
32 288
33 287
34 286
35 285
36 284
37 283
38 282
39 281
40 280
41 279
42 278
43 277
44 276
45 275
46 274
47 273
48 272
49 271
50 270
51 269
52 268
53 267
54 266
55 265
56 264
57 263
58 262
59 261
60 260
61 259
62 258
63 257
64 256
65 255
66 254
67 253
68 252
69 251
70 250
71 249
72 248
73 247
74 246
75 245
76 244
77 243
78 242
79 241
80 240
81 239
82 238
83 237
84 236
85 235
86 234
87 233
88 232
89 231
90 230
91 229
92 228
93 227
94 226
95 225
96 224
97 223
98 222
99 221
100 220
101 219
102 218
103 217
104 216
105 215
106 214
107 213
108 212
109 211
110 210
111 209
112 208
113 207
114 206
115 205
116 204
117 203
118 202
119 201
120 200
121 199
122 198
123 197
124 196
125 195
126 194
127 193
128 192
129 191
130 190
131 189
132 188
133 187
134 186
135 185
136 184
137 183
138 182
139 181
140 180
141 179
142 178
143 177
144 176
145 175
146 174
147 173
148 172
149 171
150 170
151 169
152 168
153 167
154 166
155 165
156 164
157 163
158 3
159 162
160 161
161 160
162 159
163 158
164 157
165 156
166 155
167 154
168 153
169 152
170 151
171 150
172 149
173 148
174 147
175 146
176 145
177 144
178 143
179 142
180 141
181 140
182 139
183 138
184 137
185 136
186 135
187 134
188 133
189 132
190 131
191 130
192 129
193 128
194 127
195 126
196 125
197 124
198 123
199 122
200 121
201 120
202 119
203 118
204 117
205 116
206 115
207 114
208 113
209 112
210 111
211 110
212 109
213 108
214 107
215 106
216 105
217 104
218 103
219 102
220 101
221 100
222 99
223 98
224 97
225 96
226 95
227 94
228 93
229 92
230 91
231 90
232 89
233 88
234 87
235 86
236 85
237 84
238 83
239 82
240 81
241 80
242 79
243 78
244 77
245 76
246 75
247 74
248 73
249 72
250 71
251 70
252 69
253 68
254 67
255 66
256 65
257 64
258 63
259 62
260 61
261 60
262 59
263 58
264 57
265 56
266 55
267 54
268 53
269 52
270 51
271 50
272 49
273 48
274 47
275 46
276 45
277 44
278 43
279 42
280 41
281 40
282 39
283 38
284 37
285 36
286 35
287 34
288 33
289 32
290 31
291 30
292 29
293 28
294 27
295 26
296 25
297 24
298 23
299 22
300 21
301 20
302 19
303 18
304 17
305 16
306 15
307 14
308 13
309 12
310 11
311 10
312 9
313 8
314 7
315 6
316 2
317 633
318 632
319 631
320 630
321 629
322 628
323 627
324 626
325 625
326 624
327 623
328 622
329 621
330 620
331 619
332 618
333 617
334 616
335 615
336 614
337 613
338 612
339 611
340 610
341 609
342 608
343 607
344 606
345 605
346 604
347 603
348 602
349 601
350 600
351 599
352 598
353 597
354 596
355 595
356 594
357 593
358 592
359 591
360 590
361 589
362 588
363 587
364 586
365 585
366 584
367 583
368 582
369 581
370 580
371 579
372 578
373 577
374 576
375 575
376 574
377 573
378 572
379 571
380 570
381 569
382 568
383 567
384 566
385 565
386 564
387 563
388 562
389 561
390 560
391 559
392 558
393 557
394 556
395 555
396 554
397 553
398 552
399 551
400 550
401 549
402 548
403 547
404 546
405 545
406 544
407 543
408 542
409 541
410 540
411 539
412 538
413 537
414 536
415 535
416 534
417 533
418 532
419 531
420 530
421 529
422 528
423 527
424 526
425 525
426 524
427 523
428 522
429 521
430 520
431 519
432 518
433 517
434 516
435 515
436 514
437 513
438 512
439 511
440 510
441 509
442 508
443 507
444 506
445 505
446 504
447 503
448 502
449 501
450 500
451 499
452 498
453 497
454 496
455 495
456 494
457 493
458 492
459 491
460 490
461 489
462 488
463 487
464 486
465 485
466 484
467 483
468 482
469 481
470 480
471 479
472 478
473 477
474 5
475 476
476 475
477 474
478 473
479 472
480 471
481 470
482 469
483 468
484 467
485 466
486 465
487 464
488 463
489 462
490 461
491 460
492 459
493 458
494 457
495 456
496 455
497 454
498 453
499 452
500 451
501 450
502 449
503 448
504 447
505 446
506 445
507 444
508 443
509 442
510 441
511 440
512 439
513 438
514 437
515 436
516 435
517 434
518 433
519 432
520 431
521 430
522 429
523 428
524 427
525 426
526 425
527 424
528 423
529 422
530 421
531 420
532 419
533 418
534 417
535 416
536 415
537 414
538 413
539 412
540 411
541 410
542 409
543 408
544 407
545 406
546 405
547 404
548 403
549 402
550 401
551 400
552 399
553 398
554 397
555 396
556 395
557 394
558 393
559 392
560 391
561 390
562 389
563 388
564 387
565 386
566 385
567 384
568 383
569 382
570 381
571 380
572 379
573 378
574 377
575 376
576 375
577 374
578 373
579 372
580 371
581 370
582 369
583 368
584 367
585 366
586 365
587 364
588 363
589 362
590 361
591 360
592 359
593 358
594 357
595 356
596 355
597 354
598 353
599 352
600 351
601 350
602 349
603 348
604 347
605 346
606 345
607 344
608 343
609 342
610 341
611 340
612 339
613 338
614 337
615 336
616 335
617 334
618 333
619 332
620 331
621 330
622 329
623 328
624 327
625 326
626 325
627 324
628 323
629 322
630 321
631 320
632 4

# SPARTA_ELEMENT_ID SPARTA_NODE_ID_1 SPARTA_NODE_ID_2 AERO-S_NODE_ID_1 AERO-S_NODE_ID_2
1 1 2 319 318
2 2 3 318 317
3 3 4 317 316
4 4 5 316 315
5 5 6 315 314
6 6 7 314 313
7 7 8 313 312
8 8 9 312 311
9 9 10 311 310
10 10 11 310 309
11 11 12 309 308
12 12 13 308 307
13 13 14 307 306
14 14 15 306 305
15 15 16 305 304
16 16 17 304 303
17 17 18 303 302
18 18 19 302 301
19 19 20 301 300
20 20 21 300 299
21 21 22 299 298
22 22 23 298 297
23 23 24 297 296
24 24 25 296 295
25 25 26 295 294
26 26 27 294 293
27 27 28 293 292
28 28 29 292 291
29 29 30 291 290
30 30 31 290 289
31 31 32 289 288
32 32 33 288 287
33 33 34 287 286
34 34 35 286 285
35 35 36 285 284
36 36 37 284 283
37 37 38 283 282
38 38 39 282 281
39 39 40 281 280
40 40 41 280 279
41 41 42 279 278
42 42 43 278 277
43 43 44 277 276
44 44 45 276 275
45 45 46 275 274
46 46 47 274 273
47 47 48 273 272
48 48 49 272 271
49 49 50 271 270
50 50 51 270 269
51 51 52 269 268
52 52 53 268 267
53 53 54 267 266
54 54 55 266 265
55 55 56 265 264
56 56 57 264 263
57 57 58 263 262
58 58 59 262 261
59 59 60 261 260
60 60 61 260 259
61 61 62 259 258
62 62 63 258 257
63 63 64 257 256
64 64 65 256 255
65 65 66 255 254
66 66 67 254 253
67 67 68 253 252
68 68 69 252 251
69 69 70 251 250
70 70 71 250 249
71 71 72 249 248
72 72 73 248 247
73 73 74 247 246
74 74 75 246 245
75 75 76 245 244
76 76 77 244 243
77 77 78 243 242
78 78 79 242 241
79 79 80 241 240
80 80 81 240 239
81 81 82 239 238
82 82 83 238 237
83 83 84 237 236
84 84 85 236 235
85 85 86 235 234
86 86 87 234 233
87 87 88 233 232
88 88 89 232 231
89 89 90 231 230
90 90 91 230 229
91 91 92 229 228
92 92 93 228 227
93 93 94 227 226
94 94 95 226 225
95 95 96 225 224
96 96 97 224 223
97 97 98 223 222
98 98 99 222 221
99 99 100 221 220
100 100 101 220 219
101 101 102 219 218
102 102 103 218 217
103 103 104 217 216
104 104 105 216 215
105 105 106 215 214
106 106 107 214 213
107 107 108 213 212
108 108 109 212 211
109 109 110 211 210
110 110 111 210 209
111 111 112 209 208
112 112 113 208 207
113 113 114 207 206
114 114 115 206 205
115 115 116 205 204
116 116 117 204 203
117 117 118 203 202
118 118 119 202 201
119 119 120 201 200
120 120 121 200 199
121 121 122 199 198
122 122 123 198 197
123 123 124 197 196
124 124 125 196 195
125 125 126 195 194
126 126 127 194 193
127 127 128 193 192
128 128 129 192 191
129 129 130 191 190
130 130 131 190 189
131 131 132 189 188
132 132 133 188 187
133 133 134 187 186
134 134 135 186 185
135 135 136 185 184
136 136 137 184 183
137 137 138 183 182
138 138 139 182 181
139 139 140 181 180
140 140 141 180 179
141 141 142 179 178
142 142 143 178 177
143 143 144 177 176
144 144 145 176 175
145 145 146 175 174
146 146 147 174 173
147 147 148 173 172
148 148 149 172 171
149 149 150 171 170
150 150 151 170 169
151 151 152 169 168
152 152 153 168 167
153 153 154 167 166
154 154 155 166 165
155 155 156 165 164
156 156 157 164 163
157 157 158 163 3
158 158 159 3 162
159 159 160 162 161
160 160 161 161 160
161 161 162 160 159
162 162 163 159 158
163 163 164 158 157
164 164 165 157 156
165 165 166 156 155
166 166 167 155 154
167 167 168 154 153
168 168 169 153 152
169 169 170 152 151
170 170 171 151 150
171 171 172 150 149
172 172 173 149 148
173 173 174 148 147
174 174 175 147 146
175 175 176 146 145
176 176 177 145 144
177 177 178 144 143
178 178 179 143 142
179 179 180 142 141
180 180 181 141 140
181 181 182 140 139
182 182 183 139 138
183 183 184 138 137
184 184 185 137 136
185 185 186 136 135
186 186 187 135 134
187 187 188 134 133
188 188 189 133 132
189 189 190 132 131
190 190 191 131 130
191 191 192 130 129
192 192 193 129 128
193 193 194 128 127
194 194 195 127 126
195 195 196 126 125
196 196 197 125 124
197 197 198 124 123
198 198 199 123 122
199 199 200 122 121
200 200 201 121 120
201 201 202 120 119
202 202 203 119 118
203 203 204 118 117
204 204 205 117 116
205 205 206 116 115
206 206 207 115 114
207 207 208 114 113
208 208 209 113 112
209 209 210 112 111
210 210 211 111 110
211 211 212 110 109
212 212 213 109 108
213 213 214 108 107
214 214 215 107 106
215 215 216 106 105
216 216 217 105 104
217 217 218 104 103
218 218 219 103 102
219 219 220 102 101
220 220 221 101 100
221 221 222 100 99
222 222 223 99 98
223 223 224 98 97
224 224 225 97 96
225 225 226 96 95
226 226 227 95 94
227 227 228 94 93
228 228 229 93 92
229 229 230 92 91
230 230 231 91 90
231 231 232 90 89
232 232 233 89 88
233 233 234 88 87
234 234 235 87 86
235 235 236 86 85
236 236 237 85 84
237 237 238 84 83
238 238 239 83 82
239 239 240 82 81
240 240 241 81 80
241 241 242 80 79
242 242 243 79 78
243 243 244 78 77
244 244 245 77 76
245 245 246 76 75
246 246 247 75 74
247 247 248 74 73
248 248 249 73 72
249 249 250 72 71
250 250 251 71 70
251 251 252 70 69
252 252 253 69 68
253 253 254 68 67
254 254 255 67 66
255 255 256 66 65
256 256 257 65 64
257 257 258 64 63
258 258 259 63 62
259 259 260 62 61
260 260 261 61 60
261 261 262 60 59
262 262 263 59 58
263 263 264 58 57
264 264 265 57 56
265 265 266 56 55
266 266 267 55 54
267 267 268 54 53
268 268 269 53 52
269 269 270 52 51
270 270 271 51 50
271 271 272 50 49
272 272 273 49 48
273 273 274 48 47
274 274 275 47 46
275 275 276 46 45
276 276 277 45 44
277 277 278 44 43
278 278 279 43 42
279 279 280 42 41
280 280 281 41 40
281 281 282 40 39
282 282 283 39 38
283 283 284 38 37
284 284 285 37 36
285 285 286 36 35
286 286 287 35 34
287 287 288 34 33
288 288 289 33 32
289 289 290 32 31
290 290 291 31 30
291 291 292 30 29
292 292 293 29 28
293 293 294 28 27
294 294 295 27 26
295 295 296 26 25
296 296 297 25 24
297 297 298 24 23
298 298 299 23 22
299 299 300 22 21
300 300 301 21 20
301 301 302 20 19
302 302 303 19 18
303 303 304 18 17
304 304 305 17 16
305 305 306 16 15
306 306 307 15 14
307 307 308 14 13
308 308 309 13 12
309 309 310 12 11
310 310 311 11 10
311 311 312 10 9
312 312 313 9 8
313 313 314 8 7
314 314 315 7 6
315 315 316 6 2
316 316 317 2 633
317 317 318 633 632
318 318 319 632 631
319 319 320 631 630
320 320 321 630 629
321 321 322 629 628
322 322 323 628 627
323 323 324 627 626
324 324 325 626 625
325 325 326 625 624
326 326 327 624 623
327 327 328 623 622
328 328 329 622 621
329 329 330 621 620
330 330 331 620 619
331 331 332 619 618
332 332 333 618 617
333 333 334 617 616
334 334 335 616 615
335 335 336 615 614
336 336 337 614 613
337 337 338 613 612
338 338 339 612 611
339 339 340 611 610
340 340 341 610 609
341 341 342 609 608
342 342 343 608 607
343 343 344 607 606
344 344 345 606 605
345 345 346 605 604
346 346 347 604 603
347 347 348 603 602
348 348 349 602 601
349 349 350 601 600
350 350 351 600 599
351 351 352 599 598
352 352 353 598 597
353 353 354 597 596
354 354 355 596 595
355 355 356 595 594
356 356 357 594 593
357 357 358 593 592
358 358 359 592 591
359 359 360 591 590
360 360 361 590 589
361 361 362 589 588
362 362 363 588 587
363 363 364 587 586
364 364 365 586 585
365 365 366 585 584
366 366 367 584 583
367 367 368 583 582
368 368 369 582 581
369 369 370 581 580
370 370 371 580 579
371 371 372 579 578
372 372 373 578 577
373 373 374 577 576
374 374 375 576 575
375 375 376 575 574
376 376 377 574 573
377 377 378 573 572
378 378 379 572 571
379 379 380 571 570
380 380 381 570 569
381 381 382 569 568
382 382 383 568 567
383 383 384 567 566
384 384 385 566 565
385 385 386 565 564
386 386 387 564 563
387 387 388 563 562
388 388 389 562 561
389 389 390 561 560
390 390 391 560 559
391 391 392 559 558
392 392 393 558 557
393 393 394 557 556
394 394 395 556 555
395 395 396 555 554
396 396 397 554 553
397 397 398 553 552
398 398 399 552 551
399 399 400 551 550
400 400 401 550 549
401 401 402 549 548
402 402 403 548 547
403 403 404 547 546
404 404 405 546 545
405 405 406 545 544
406 406 407 544 543
407 407 408 543 542
408 408 409 542 541
409 409 410 541 540
410 410 411 540 539
411 411 412 539 538
412 412 413 538 537
413 413 414 537 536
414 414 415 536 535
415 415 416 535 534
416 416 417 534 533
417 417 418 533 532
418 418 419 532 531
419 419 420 531 530
420 420 421 530 529
421 421 422 529 528
422 422 423 528 527
423 423 424 527 526
424 424 425 526 525
425 425 426 525 524
426 426 427 524 523
427 427 428 523 522
428 428 429 522 521
429 429 430 521 520
430 430 431 520 519
431 431 432 519 518
432 432 433 518 517
433 433 434 517 516
434 434 435 516 515
435 435 436 515 514
436 436 437 514 513
437 437 438 513 512
438 438 439 512 511
439 439 440 511 510
440 440 441 510 509
441 441 442 509 508
442 442 443 508 507
443 443 444 507 506
444 444 445 506 505
445 445 446 505 504
446 446 447 504 503
447 447 448 503 502
448 448 449 502 501
449 449 450 501 500
450 450 451 500 499
451 451 452 499 498
452 452 453 498 497
453 453 454 497 496
454 454 455 496 495
455 455 456 495 494
456 456 457 494 493
457 457 458 493 492
458 458 459 492 491
459 459 460 491 490
460 460 461 490 489
461 461 462 489 488
462 462 463 488 487
463 463 464 487 486
464 464 465 486 485
465 465 466 485 484
466 466 467 484 483
467 467 468 483 482
468 468 469 482 481
469 469 470 481 480
470 470 471 480 479
471 471 472 479 478
472 472 473 478 477
473 473 474 477 5
474 474 475 5 476
475 475 476 476 475
476 476 477 475 474
477 477 478 474 473
478 478 479 473 472
479 479 480 472 471
480 480 481 471 470
481 481 482 470 469
482 482 483 469 468
483 483 484 468 467
484 484 485 467 466
485 485 486 466 465
486 486 487 465 464
487 487 488 464 463
488 488 489 463 462
489 489 490 462 461
490 490 491 461 460
491 491 492 460 459
492 492 493 459 458
493 493 494 458 457
494 494 495 457 456
495 495 496 456 455
496 496 497 455 454
497 497 498 454 453
498 498 499 453 452
499 499 500 452 451
500 500 501 451 450
501 501 502 450 449
502 502 503 449 448
503 503 504 448 447
504 504 505 447 446
505 505 506 446 445
506 506 507 445 444
507 507 508 444 443
508 508 509 443 442
509 509 510 442 441
510 510 511 441 440
511 511 512 440 439
512 512 513 439 438
513 513 514 438 437
514 514 515 437 436
515 515 516 436 435
516 516 517 435 434
517 517 518 434 433
518 518 519 433 432
519 519 520 432 431
520 520 521 431 430
521 521 522 430 429
522 522 523 429 428
523 523 524 428 427
524 524 525 427 426
525 525 526 426 425
526 526 527 425 424
527 527 528 424 423
528 528 529 423 422
529 529 530 422 421
530 530 531 421 420
531 531 532 420 419
532 532 533 419 418
533 533 534 418 417
534 534 535 417 416
535 535 536 416 415
536 536 537 415 414
537 537 538 414 413
538 538 539 413 412
539 539 540 412 411
540 540 541 411 410
541 541 542 410 409
542 542 543 409 408
543 543 544 408 407
544 544 545 407 406
545 545 546 406 405
546 546 547 405 404
547 547 548 404 403
548 548 549 403 402
549 549 550 402 401
550 550 551 401 400
551 551 552 400 399
552 552 553 399 398
553 553 554 398 397
554 554 555 397 396
555 555 556 396 395
556 556 557 395 394
557 557 558 394 393
558 558 559 393 392
559 559 560 392 391
560 560 561 391 390
561 561 562 390 389
562 562 563 389 388
563 563 564 388 387
564 564 565 387 386
565 565 566 386 385
566 566 567 385 384
567 567 568 384 383
568 568 569 383 382
569 569 570 382 381
570 570 571 381 380
571 571 572 380 379
572 572 573 379 378
573 573 574 378 377
574 574 575 377 376
575 575 576 376 375
576 576 577 375 374
577 577 578 374 373
578 578 579 373 372
579 579 580 372 371
580 580 581 371 370
581 581 582 370 369
582 582 583 369 368
583 583 584 368 367
584 584 585 367 366
585 585 586 366 365
586 586 587 365 364
587 587 588 364 363
588 588 589 363 362
589 589 590 362 361
590 590 591 361 360
591 591 592 360 359
592 592 593 359 358
593 593 594 358 357
594 594 595 357 356
595 595 596 356 355
596 596 597 355 354
597 597 598 354 353
598 598 599 353 352
599 599 600 352 351
600 600 601 351 350
601 601 602 350 349
602 602 603 349 348
603 603 604 348 347
604 604 605 347 346
605 605 606 346 345
606 606 607 345 344
607 607 608 344 343
608 608 609 343 342
609 609 610 342 341
610 610 611 341 340
611 611 612 340 339
612 612 613 339 338
613 613 614 338 337
614 614 615 337 336
615 615 616 336 335
616 616 617 335 334
617 617 618 334 333
618 618 619 333 332
619 619 620 332 331
620 620 621 331 330
621 621 622 330 329
622 622 623 329 328
623 623 624 328 327
624 624 625 327 326
625 625 626 326 325
626 626 627 325 324
627 627 628 324 323
628 628 629 323 322
629 629 630 322 321
630 630 631 321 320
631 631 632 320 4
632 632 1 4 319

# AERO-S_NODE_ID SPARTA_ELEMENT_ID_1 SPARTA_ELEMENT_ID_2
319 632 1
318 1 2
317 2 3
316 3 4
315 4 5
314 5 6
313 6 7
312 7 8
311 8 9
310 9 10
309 10 11
308 11 12
307 12 13
306 13 14
305 14 15
304 15 16
303 16 17
302 17 18
301 18 19
300 19 20
299 20 21
298 21 22
297 22 23
296 23 24
295 24 25
294 25 26
293 26 27
292 27 28
291 28 29
290 29 30
289 30 31
288 31 32
287 32 33
286 33 34
285 34 35
284 35 36
283 36 37
282 37 38
281 38 39
280 39 40
279 40 41
278 41 42
277 42 43
276 43 44
275 44 45
274 45 46
273 46 47
272 47 48
271 48 49
270 49 50
269 50 51
268 51 52
267 52 53
266 53 54
265 54 55
264 55 56
263 56 57
262 57 58
261 58 59
260 59 60
259 60 61
258 61 62
257 62 63
256 63 64
255 64 65
254 65 66
253 66 67
252 67 68
251 68 69
250 69 70
249 70 71
248 71 72
247 72 73
246 73 74
245 74 75
244 75 76
243 76 77
242 77 78
241 78 79
240 79 80
239 80 81
238 81 82
237 82 83
236 83 84
235 84 85
234 85 86
233 86 87
232 87 88
231 88 89
230 89 90
229 90 91
228 91 92
227 92 93
226 93 94
225 94 95
224 95 96
223 96 97
222 97 98
221 98 99
220 99 100
219 100 101
218 101 102
217 102 103
216 103 104
215 104 105
214 105 106
213 106 107
212 107 108
211 108 109
210 109 110
209 110 111
208 111 112
207 112 113
206 113 114
205 114 115
204 115 116
203 116 117
202 117 118
201 118 119
200 119 120
199 120 121
198 121 122
197 122 123
196 123 124
195 124 125
194 125 126
193 126 127
192 127 128
191 128 129
190 129 130
189 130 131
188 131 132
187 132 133
186 133 134
185 134 135
184 135 136
183 136 137
182 137 138
181 138 139
180 139 140
179 140 141
178 141 142
177 142 143
176 143 144
175 144 145
174 145 146
173 146 147
172 147 148
171 148 149
170 149 150
169 150 151
168 151 152
167 152 153
166 153 154
165 154 155
164 155 156
163 156 157
3 157 158
162 158 159
161 159 160
160 160 161
159 161 162
158 162 163
157 163 164
156 164 165
155 165 166
154 166 167
153 167 168
152 168 169
151 169 170
150 170 171
149 171 172
148 172 173
147 173 174
146 174 175
145 175 176
144 176 177
143 177 178
142 178 179
141 179 180
140 180 181
139 181 182
138 182 183
137 183 184
136 184 185
135 185 186
134 186 187
133 187 188
132 188 189
131 189 190
130 190 191
129 191 192
128 192 193
127 193 194
126 194 195
125 195 196
124 196 197
123 197 198
122 198 199
121 199 200
120 200 201
119 201 202
118 202 203
117 203 204
116 204 205
115 205 206
114 206 207
113 207 208
112 208 209
111 209 210
110 210 211
109 211 212
108 212 213
107 213 214
106 214 215
105 215 216
104 216 217
103 217 218
102 218 219
101 219 220
100 220 221
99 221 222
98 222 223
97 223 224
96 224 225
95 225 226
94 226 227
93 227 228
92 228 229
91 229 230
90 230 231
89 231 232
88 232 233
87 233 234
86 234 235
85 235 236
84 236 237
83 237 238
82 238 239
81 239 240
80 240 241
79 241 242
78 242 243
77 243 244
76 244 245
75 245 246
74 246 247
73 247 248
72 248 249
71 249 250
70 250 251
69 251 252
68 252 253
67 253 254
66 254 255
65 255 256
64 256 257
63 257 258
62 258 259
61 259 260
60 260 261
59 261 262
58 262 263
57 263 264
56 264 265
55 265 266
54 266 267
53 267 268
52 268 269
51 269 270
50 270 271
49 271 272
48 272 273
47 273 274
46 274 275
45 275 276
44 276 277
43 277 278
42 278 279
41 279 280
40 280 281
39 281 282
38 282 283
37 283 284
36 284 285
35 285 286
34 286 287
33 287 288
32 288 289
31 289 290
30 290 291
29 291 292
28 292 293
27 293 294
26 294 295
25 295 296
24 296 297
23 297 298
22 298 299
21 299 300
20 300 301
19 301 302
18 302 303
17 303 304
16 304 305
15 305 306
14 306 307
13 307 308
12 308 309
11 309 310
10 310 311
9 311 312
8 312 313
7 313 314
6 314 315
2 315 316
633 316 317
632 317 318
631 318 319
630 319 320
629 320 321
628 321 322
627 322 323
626 323 324
625 324 325
624 325 326
623 326 327
622 327 328
621 328 329
620 329 330
619 330 331
618 331 332
617 332 333
616 333 334
615 334 335
614 335 336
613 336 337
612 337 338
611 338 339
610 339 340
609 340 341
608 341 342
607 342 343
606 343 344
605 344 345
604 345 346
603 346 347
602 347 348
601 348 349
600 349 350
599 350 351
598 351 352
597 352 353
596 353 354
595 354 355
594 355 356
593 356 357
592 357 358
591 358 359
590 359 360
589 360 361
588 361 362
587 362 363
586 363 364
585 364 365
584 365 366
583 366 367
582 367 368
581 368 369
580 369 370
579 370 371
578 371 372
577 372 373
576 373 374
575 374 375
574 375 376
573 376 377
572 377 378
571 378 379
570 379 380
569 380 381
568 381 382
567 382 383
566 383 384
565 384 385
564 385 386
563 386 387
562 387 388
561 388 389
560 389 390
559 390 391
558 391 392
557 392 393
556 393 394
555 394 395
554 395 396
553 396 397
552 397 398
551 398 399
550 399 400
549 400 401
548 401 402
547 402 403
546 403 404
545 404 405
544 405 406
543 406 407
542 407 408
541 408 409
540 409 410
539 410 411
538 411 412
537 412 413
536 413 414
535 414 415
534 415 416
533 416 417
532 417 418
531 418 419
530 419 420
529 420 421
528 421 422
527 422 423
526 423 424
525 424 425
524 425 426
523 426 427
522 427 428
521 428 429
520 429 430
519 430 431
518 431 432
517 432 433
516 433 434
515 434 435
514 435 436
513 436 437
512 437 438
511 438 439
510 439 440
509 440 441
508 441 442
507 442 443
506 443 444
505 444 445
504 445 446
503 446 447
502 447 448
501 448 449
500 449 450
499 450 451
498 451 452
497 452 453
496 453 454
495 454 455
494 455 456
493 456 457
492 457 458
491 458 459
490 459 460
489 460 461
488 461 462
487 462 463
486 463 464
485 464 465
484 465 466
483 466 467
482 467 468
481 468 469
480 469 470
479 470 471
478 471 472
477 472 473
5 473 474
476 474 475
475 475 476
474 476 477
473 477 478
472 478 479
471 479 480
470 480 481
469 481 482
468 482 483
467 483 484
466 484 485
465 485 486
464 486 487
463 487 488
462 488 489
461 489 490
460 490 491
459 491 492
458 492 493
457 493 494
456 494 495
455 495 496
454 496 497
453 497 498
452 498 499
451 499 500
450 500 501
449 501 502
448 502 503
447 503 504
446 504 505
445 505 506
444 506 507
443 507 508
442 508 509
441 509 510
440 510 511
439 511 512
438 512 513
437 513 514
436 514 515
435 515 516
434 516 517
433 517 518
432 518 519
431 519 520
430 520 521
429 521 522
428 522 523
427 523 524
426 524 525
425 525 526
424 526 527
423 527 528
422 528 529
421 529 530
420 530 531
419 531 532
418 532 533
417 533 534
416 534 535
415 535 536
414 536 537
413 537 538
412 538 539
411 539 540
410 540 541
409 541 542
408 542 543
407 543 544
406 544 545
405 545 546
404 546 547
403 547 548
402 548 549
401 549 550
400 550 551
399 551 552
398 552 553
397 553 554
396 554 555
395 555 556
394 556 557
393 557 558
392 558 559
391 559 560
390 560 561
389 561 562
388 562 563
387 563 564
386 564 565
385 565 566
384 566 567
383 567 568
382 568 569
381 569 570
380 570 571
379 571 572
378 572 573
377 573 574
376 574 575
375 575 576
374 576 577
373 577 578
372 578 579
371 579 580
370 580 581
369 581 582
368 582 583
367 583 584
366 584 585
365 585 586
364 586 587
363 587 588
362 588 589
361 589 590
360 590 591
359 591 592
358 592 593
357 593 594
356 594 595
355 595 596
354 596 597
353 597 598
352 598 599
351 599 600
350 600 601
349 601 602
348 602 603
347 603 604
346 604 605
345 605 606
344 606 607
343 607 608
342 608 609
341 609 610
340 610 611
339 611 612
338 612 613
337 613 614
336 614 615
335 615 616
334 616 617
333 617 618
332 618 619
331 619 620
330 620 621
329 621 622
328 622 623
327 623 624
326 624 625
325 625 626
324 626 627
323 627 628
322 628 629
321 629 630
320 630 631
4 631 632
