Region Metadata for: shape_90.txt
================================================================================

REGION DEFINITION: Circle union (one circle per point)
  Each point gets a circle with radius = average distance to neighbors

Total vertices: 224
Number of regions: 30
Points per region:
  Region 0: 8 points
  Region 1: 8 points
  Region 2: 8 points
  Region 3: 8 points
  Region 4: 8 points
  Region 5: 8 points
  Region 6: 8 points
  Region 7: 8 points
  Region 8: 8 points
  Region 9: 8 points
  Region 10: 8 points
  Region 11: 8 points
  Region 12: 8 points
  Region 13: 8 points
  Region 14: 7 points
  Region 15: 7 points
  Region 16: 7 points
  Region 17: 7 points
  Region 18: 7 points
  Region 19: 7 points
  Region 20: 7 points
  Region 21: 7 points
  Region 22: 7 points
  Region 23: 7 points
  Region 24: 7 points
  Region 25: 7 points
  Region 26: 7 points
  Region 27: 7 points
  Region 28: 7 points
  Region 29: 7 points

REGION SUMMARY:
Region_Index,Num_Points,BBox_Min_X,BBox_Max_X,BBox_Min_Y,BBox_Max_Y,Normal_X,Normal_Y,Tangent_X,Tangent_Y,Fitted_Circle_X,Fitted_Circle_Y,Fitted_Circle_Radius,Local_AoA_Rad,Union_Area,Collection_Area
0,8,-1.0000076035e-01,-6.5919227587e-02,-2.7873926875e-03,2.5515707833e-02,-0.6098268365,0.7925346866,0.7925346866,0.6098268365,3.2105333622e-01,-5.1400198570e-01,6.6291784416e-01,9.14954247e-01,3.37321324e-04,1.69370617e-04
1,8,-7.1432229608e-02,-3.5023140626e-02,1.8983287539e-02,4.6935383903e-02,-0.5664514756,0.8240950951,0.8240950951,0.5664514756,3.4222244242e-01,-5.4244831903e-01,6.9837630728e-01,9.68602841e-01,3.63444725e-04,1.82324847e-04
2,8,-4.0503436936e-02,-2.9708138535e-03,4.0061344914e-02,6.6574994067e-02,-0.5197800131,0.8543001451,0.8543001451,0.5197800131,3.1324415444e-01,-4.9710099905e-01,6.4455897982e-01,1.02420290e+00,3.65808612e-04,1.83549148e-04
3,8,-8.2401028508e-03,2.9220177275e-02,5.9554292136e-02,8.3550196078e-02,-0.4647050845,0.8854655185,0.8854655185,0.4647050845,2.5557613808e-01,-3.9502091714e-01,5.2730817775e-01,1.08749481e+00,3.45577725e-04,1.73522359e-04
4,8,2.4328437808e-02,6.0537938197e-02,7.6566027575e-02,9.6982328587e-02,-0.3938589736,0.9191708813,0.9191708813,0.3938589736,1.9391354052e-01,-2.6598883318e-01,3.8428437623e-01,1.16597017e+00,3.05227345e-04,1.53400249e-04
5,8,5.6166701519e-02,8.9982048878e-02,9.0194300920e-02,1.0600420477e-01,-0.2947947843,0.9555605868,0.9555605868,0.2947947843,1.4678478485e-01,-1.3957890291e-01,2.4934948265e-01,1.27155557e+00,2.50987895e-04,1.26383551e-04
6,8,8.6226555767e-02,1.1090562177e-01,9.9524212866e-02,1.0859668310e-01,-0.1022364175,0.9947601294,0.9947601294,0.1022364175,1.0575425834e-01,5.4389246562e-02,5.1149824770e-02,1.46838097e+00,1.39907107e-04,7.16731061e-05
7,8,1.0901489236e-01,1.1942599697e-01,8.9835495303e-02,1.0607314487e-01,0.8882891832,0.4592845818,0.4592845818,-0.8882891832,9.9744591253e-02,9.1357769409e-02,1.7132351733e-02,2.66440301e+00,6.87134986e-05,3.61716902e-05
8,8,1.1304249294e-01,1.2067728039e-01,6.4476539258e-02,9.2423274155e-02,0.9994571759,-0.0329447029,-0.0329447029,-0.9994571759,1.8100316475e-02,8.2415749655e-02,9.9483273303e-02,-3.10864199e+00,1.61688094e-04,8.20764571e-05
9,8,1.0700547407e-01,1.1967900685e-01,3.4786498242e-02,6.8064362182e-02,0.9800415156,-0.1987929268,-0.1987929268,-0.9800415156,-1.4626094151e-01,1.0437500494e-01,2.6536668807e-01,-2.94146654e+00,2.33547228e-04,1.17549630e-04
10,8,9.9232994531e-02,1.1369635094e-01,7.3513487261e-03,3.8725623474e-02,0.9571472997,-0.2896015308,-0.2896015308,-0.9571472997,-2.2391002086e-01,1.2263875272e-01,3.4512811302e-01,-2.84778215e+00,2.15772930e-04,1.08449149e-04
11,8,9.2814773991e-02,1.0465891833e-01,-1.1048132795e-02,1.0783842350e-02,0.9245946563,-0.3809523876,-0.3809523876,-0.9245946563,-5.1379665225e-02,6.0349546378e-02,1.6168435075e-01,-2.75076652e+00,1.14040456e-04,5.75994494e-05
12,8,8.2376437524e-02,9.5029260393e-02,-1.5144042929e-02,-9.1987659517e-03,0.2868393004,-0.9579787136,-0.9579787136,-0.2868393004,8.6017492024e-02,-1.1132220341e-03,1.2243833611e-02,-1.86172219e+00,3.74678371e-05,1.97629902e-05
13,8,4.0279595345e-02,1.0010693160e-01,-3.2825552055e-02,7.0992918547e-03,-0.1517820318,-0.9884139896,-0.9884139896,0.1517820318,3.1697226478e-01,1.5527366210e+00,1.5835108058e+00,-1.41842538e+00,1.84422624e-03,9.68356357e-04
14,7,4.3971921679e-02,9.3653306146e-02,-2.8191573347e-02,2.5255283323e-03,-0.1501898972,-0.9886571675,-0.9886571675,0.1501898972,-1.0859782000e-01,-1.1253723922e+00,-1.1280868212e+00,-1.42003598e+00,1.08768370e-03,5.53926109e-04
15,7,3.8975308831e-02,5.2761406676e-02,-1.4268238534e-02,-7.2135903317e-03,0.2956902149,-0.9552838829,-0.9552838829,-0.2956902149,5.1102998116e-02,-2.5981858475e-02,-1.7073869347e-02,-1.87097429e+00,4.91088692e-05,2.38362958e-05
16,7,2.2857060169e-02,4.1642463764e-02,-2.4756044159e-02,-1.0684192522e-02,0.5448456550,-0.8385363512,-0.8385363512,-0.5448456550,1.2552911393e-01,-1.6038384110e-01,-1.7071360328e-01,-2.14700137e+00,1.04964162e-04,5.21077677e-05
17,7,4.9899204782e-03,2.6352825785e-02,-3.8253971168e-02,-2.0580624895e-02,0.6027904568,-0.7978995333,-0.7978995333,-0.6027904568,3.5090635473e-01,-4.7245334626e-01,-5.5568603263e-01,-2.21779009e+00,1.45095521e-04,7.23816368e-05
18,7,-1.3845076192e-02,9.0018818147e-03,-5.3048978311e-02,-3.3666449728e-02,0.6171861620,-0.7868171589,-0.7868171589,-0.6171861620,-1.1315954561e+01,1.4372505808e+01,1.8325198273e+01,-2.23595776e+00,1.69083816e-04,8.45985902e-05
19,7,-3.2889174487e-02,-9.6712094108e-03,-6.7450303032e-02,-4.8270501085e-02,0.6019317659,-0.7985475247,-0.7985475247,-0.6019317659,-4.0343303928e-01,4.4873355202e-01,6.3466050812e-01,-2.21671434e+00,1.71008458e-04,8.57286684e-05
20,7,-5.1399666351e-02,-2.8907452435e-02,-7.9783230077e-02,-6.2701776309e-02,0.5529110012,-0.8332403163,-0.8332403163,-0.5529110012,-1.8557312452e-01,1.4734901619e-01,2.6275816637e-01,-2.15665012e+00,1.51251743e-04,7.60469542e-05
21,7,-6.8664916616e-02,-4.7931052341e-02,-8.8404117076e-02,-7.5252473283e-02,0.4460445806,-0.8950107441,-0.8950107441,-0.4460445806,-1.1015892583e-01,2.1359606625e-02,1.1588685062e-01,-2.03313736e+00,1.16242086e-04,5.87907561e-05
22,7,-8.3304082996e-02,-6.5930425873e-02,-9.1391095250e-02,-8.4179001549e-02,0.2045930011,-0.9788471300,-0.9788471300,-0.2045930011,-8.2755280080e-02,-5.1665243871e-02,3.7811736537e-02,-1.77684422e+00,7.29549300e-05,3.74838782e-05
23,7,-1.0117762819e-01,-8.1224393538e-02,-9.1406999740e-02,-8.2479268051e-02,-0.2510901904,-0.9679636958,-0.9679636958,0.2510901904,-7.4879983304e-02,-2.6484083160e-02,6.3361816121e-02,-1.31698996e+00,9.69835514e-05,4.94451656e-05
24,7,-1.2098211183e-01,-9.8027199738e-02,-8.7306058354e-02,-7.2762049848e-02,-0.4464955316,-0.8947858628,-0.8947858628,0.4464955316,-5.2165508551e-02,3.4531955902e-02,1.2849802339e-01,-1.10795138e+00,1.42286942e-04,7.19847895e-05
25,7,-1.3758236939e-01,-1.1735869284e-01,-7.7443004520e-02,-6.0818916927e-02,-0.5994080817,-0.8004435968,-0.8004435968,0.5994080817,-6.8814198205e-02,9.8581395036e-03,9.8751019363e-02,-9.28034911e-01,1.29999192e-04,6.59759214e-05
26,7,-1.4612554067e-01,-1.3415446266e-01,-6.4319413957e-02,-4.8939895017e-02,-0.8238142021,-0.5668599125,-0.5668599125,0.8238142021,-1.1623658948e-01,-3.9294294169e-02,3.0359917123e-02,-6.02689189e-01,7.38558624e-05,3.82299530e-05
27,7,-1.4653413598e-01,-1.3657414432e-01,-5.0773636490e-02,-3.5307129571e-02,-0.9110292903,0.4123416451,0.4123416451,0.9110292903,-1.3416648560e-01,-4.7836664112e-02,1.0710616164e-02,4.25022901e-01,7.46545244e-05,3.90045181e-05
28,7,-1.4124255646e-01,-1.1717599425e-01,-3.9879694897e-02,-1.6350894049e-02,-0.6952614612,0.7187569134,0.7187569134,0.6952614612,1.5055713147e-01,-3.1783919995e-01,4.0290987352e-01,8.02012721e-01,2.12994304e-04,1.06972808e-04
29,7,-1.2225801145e-01,-9.4638047261e-02,-2.1705583122e-02,3.2037601205e-03,-0.6515212804,0.7586303588,0.7586303588,0.6515212804,2.5021783553e-01,-4.2727542635e-01,5.5093407155e-01,8.61208314e-01,2.60183261e-04,1.30807145e-04

DETAILED CIRCLE DATA:

Region 0 (8 circles):
Circle_Index,Center_X,Center_Y,Radius
0,-9.5601497324e-02,1.6118703414e-03,4.3992630289e-03
1,-9.2156082915e-02,4.3790619413e-03,4.4376746983e-03
2,-8.8662228556e-02,7.1451706192e-03,4.4736575848e-03
3,-8.5121932654e-02,9.9084581885e-03,4.5072090109e-03
4,-8.1537193617e-02,1.2667186462e-02,4.5383271109e-03
5,-7.7910009853e-02,1.5419617254e-02,4.5670107910e-03
6,-7.4242379770e-02,1.8164012376e-02,4.5932596971e-03
7,-7.0536301777e-02,2.0898633643e-02,4.6170741901e-03

Region 1 (8 circles):
Circle_Index,Center_X,Center_Y,Radius
0,-6.6793774280e-02,2.3621742867e-02,4.6384553278e-03
1,-6.3016795688e-02,2.6331601861e-02,4.6574048520e-03
2,-5.9207364408e-02,2.9026472440e-02,4.6739251824e-03
3,-5.5367478849e-02,3.1704616415e-02,4.6880194154e-03
4,-5.1499137419e-02,3.4364295601e-02,4.6996913278e-03
5,-4.7604338525e-02,3.7003771810e-02,4.7089453865e-03
6,-4.3685080575e-02,3.9621306856e-02,4.7157867628e-03
7,-3.9743361977e-02,4.2215162552e-02,4.7202213516e-03

Region 2 (8 circles):
Circle_Index,Center_X,Center_Y,Radius
0,-3.5781181140e-02,4.4783600710e-02,4.7222557968e-03
1,-3.1800536470e-02,4.7324883146e-02,4.7218975212e-03
2,-2.7803426376e-02,4.9837271671e-02,4.7191547626e-03
3,-2.3791849266e-02,5.2319028098e-02,4.7140366162e-03
4,-1.9767803547e-02,5.4768414242e-02,4.7065530825e-03
5,-1.5733287628e-02,5.7183691915e-02,4.6967151232e-03
6,-1.1690299916e-02,5.9563122930e-02,4.6845347241e-03
7,-7.6408388195e-03,6.1904969101e-02,4.6700249660e-03

Region 3 (8 circles):
Circle_Index,Center_X,Center_Y,Radius
0,-3.5869027462e-03,6.4207492241e-02,4.6532001046e-03
1,4.6950989606e-04,6.6468954163e-02,4.6340756609e-03
2,4.5264006993e-03,6.8687616680e-02,4.6126685215e-03
3,8.5817712557e-03,7.0861741606e-02,4.5889970515e-03
4,1.2633623157e-02,7.2989590753e-02,4.5630812208e-03
5,1.6679957996e-02,7.5069425936e-02,4.5349427453e-03
6,2.0718777365e-02,7.7099508966e-02,4.5046052449e-03
7,2.4748082855e-02,7.9078101658e-02,4.4720944200e-03

Region 4 (8 circles):
Circle_Index,Center_X,Center_Y,Radius
0,2.8765876058e-02,8.1003465825e-02,4.4374382497e-03
1,3.2770158567e-02,8.2873863280e-02,4.4006672129e-03
2,3.6758931975e-02,8.4687555835e-02,4.3618145369e-03
3,4.0730197872e-02,8.6442805305e-02,4.3209164755e-03
4,4.4681957851e-02,8.8137873503e-02,4.2780126216e-03
5,4.8612213504e-02,8.9771022241e-02,4.2331462579e-03
6,5.2518966424e-02,9.1340513333e-02,4.1863647511e-03
7,5.6400218202e-02,9.2844608592e-02,4.1377199954e-03

Region 5 (8 circles):
Circle_Index,Center_X,Center_Y,Radius
0,6.0253970431e-02,9.4281569832e-02,4.0872689116e-03
1,6.4078224702e-02,9.5649658865e-02,4.0350740087e-03
2,6.7870982608e-02,9.6947137505e-02,3.9812040167e-03
3,7.1630245740e-02,9.8172267565e-02,3.9257345992e-03
4,7.5354015692e-02,9.9323310858e-02,3.8687491563e-03
5,7.9040294054e-02,1.0039852920e-01,3.8103397277e-03
6,8.2687082420e-02,1.0139618440e-01,3.7506080098e-03
7,8.6292382381e-02,1.0231453827e-01,3.6896664970e-03

Region 6 (8 circles):
Circle_Index,Center_X,Center_Y,Radius
0,8.9854195529e-02,1.0315185263e-01,3.6276397620e-03
1,9.3370523456e-02,1.0390638929e-01,3.5646658876e-03
2,9.6839367756e-02,1.0457641006e-01,3.5008980610e-03
3,1.0025873002e-01,1.0516017675e-01,3.4365063426e-03
4,1.0362661184e-01,1.0565595119e-01,2.7214850727e-03
5,1.0566126495e-01,1.0578581532e-01,1.9503149265e-03
6,1.0751472460e-01,1.0560939876e-01,1.8020685748e-03
7,1.0919241751e-01,1.0513933733e-01,1.7132042582e-03

Region 7 (8 circles):
Circle_Index,Center_X,Center_Y,Radius
0,1.1069977039e-01,1.0438826683e-01,1.6848780336e-03
1,1.1204220997e-01,1.0336882310e-01,1.7125172205e-03
2,1.1322516296e-01,1.0209364192e-01,1.7867269272e-03
3,1.1425405608e-01,1.0057535913e-01,1.8959335626e-03
4,1.1513431605e-01,9.8826610535e-02,2.0289806616e-03
5,1.1587136959e-01,9.6860031945e-02,2.1765494670e-03
6,1.1647064341e-01,9.4688259176e-02,2.3314661953e-03
7,1.1693756424e-01,9.2323928041e-02,2.4884327379e-03

Region 8 (8 circles):
Circle_Index,Center_X,Center_Y,Radius
0,1.1727755878e-01,8.9779674354e-02,2.6435998009e-03
1,1.1749605377e-01,8.7068133929e-02,2.7941750394e-03
2,1.1759847591e-01,8.4201942579e-02,2.9381192378e-03
3,1.1759025192e-01,8.1193736117e-02,3.0739268189e-03
4,1.1747680853e-01,7.8056150358e-02,3.2004718587e-03
5,1.1726357246e-01,7.4801821114e-02,3.3169010213e-03
6,1.1695597041e-01,7.1443384198e-02,3.4225589929e-03
7,1.1655942911e-01,6.7993475426e-02,3.5169361680e-03

Region 9 (8 circles):
Circle_Index,Center_X,Center_Y,Radius
0,1.1607937528e-01,6.4464730609e-02,3.5996315727e-03
1,1.1552123563e-01,6.0869785562e-02,3.6703262817e-03
2,1.1489043688e-01,5.7221276098e-02,3.7287641334e-03
3,1.1419240576e-01,5.3531838031e-02,3.7747375764e-03
4,1.1343256897e-01,4.9814107173e-02,3.8080771672e-03
5,1.1261635324e-01,4.6080719339e-02,3.8286437021e-03
6,1.1174918529e-01,4.2344310343e-02,3.8363222735e-03
7,1.1083649183e-01,3.8617515997e-02,3.8310177543e-03

Region 10 (8 circles):
Circle_Index,Center_X,Center_Y,Radius
0,1.0988369958e-01,3.4912972115e-02,3.8126513594e-03
1,1.0889623526e-01,3.1243314510e-02,3.7811580390e-03
2,1.0787952558e-01,2.7621178997e-02,3.7364845298e-03
3,1.0683899728e-01,2.4059201389e-02,3.6785879517e-03
4,1.0578007706e-01,2.0570017498e-02,3.6074348794e-03
5,1.0470819164e-01,1.7166263139e-02,3.5230008629e-03
6,1.0362876774e-01,1.3860574126e-02,3.4252704164e-03
7,1.0254723208e-01,1.0665586271e-02,3.3142375450e-03

Region 11 (8 circles):
Circle_Index,Center_X,Center_Y,Radius
0,1.0146901137e-01,7.5939353884e-03,3.1899069620e-03
1,1.0039953234e-01,4.6582572914e-03,3.0522962635e-03
2,9.9344221705e-02,1.8711877936e-03,2.9014395330e-03
3,9.8308506180e-02,-7.5463729145e-04,2.7373932062e-03
4,9.7297812483e-02,-3.2065821503e-03,2.5602456973e-03
5,9.6317567334e-02,-5.4720109694e-03,2.3701336185e-03
6,9.5373197451e-02,-7.5382879352e-03,2.1672702075e-03
7,9.4470129552e-02,-9.3927772343e-03,1.6553555609e-03

Region 12 (8 circles):
Circle_Index,Center_X,Center_Y,Radius
0,9.3789289823e-02,-1.0438736522e-02,1.2399705704e-03
1,9.2909122192e-02,-1.1300661835e-02,1.2508382776e-03
2,9.1843426036e-02,-1.1991017182e-02,1.3082031292e-03
3,9.0606000735e-02,-1.2522266576e-02,1.3970166328e-03
4,8.9210645665e-02,-1.2906874026e-02,1.5035557786e-03
5,8.7671160206e-02,-1.3157303543e-02,1.6172456614e-03
6,8.6001343735e-02,-1.3286019138e-02,1.7306121085e-03
7,8.4214995632e-02,-1.3305484821e-02,1.8385581079e-03

Region 13 (8 circles):
Circle_Index,Center_X,Center_Y,Radius
0,8.2325915274e-02,-1.3228164603e-02,1.1827953319e-02
1,6.0820700897e-02,-9.8738202155e-03,1.1976227474e-02
2,6.2978137998e-02,-1.0233478857e-02,9.8932477765e-03
3,8.0347902039e-02,-1.3066522495e-02,1.9759029560e-02
4,5.8712324701e-02,-9.5544797897e-03,1.4232375813e-02
5,6.5170836627e-02,-1.0620991705e-02,4.3982486852e-03
6,6.7384997406e-02,-1.1023894747e-02,6.5541909027e-03
7,5.6666808791e-02,-9.2879215908e-03,1.6387213445e-02

Region 14 (7 circles):
Circle_Index,Center_X,Center_Y,Radius
0,7.8294755306e-02,-1.2833022508e-02,1.5358550840e-02
1,6.9606820957e-02,-1.1429723973e-02,7.7335584782e-03
2,7.6180274453e-02,-1.2540128651e-02,5.5412351673e-03
3,7.1822507900e-02,-1.1826015373e-02,3.3216568416e-03
4,7.4018258858e-02,-1.2200304936e-02,1.0898512849e-02
5,5.4697952542e-02,-9.0866096292e-03,1.0726030863e-02
6,5.2819555335e-02,-8.9630079157e-03,1.8284565438e-03

Region 15 (7 circles):
Circle_Index,Center_X,Center_Y,Radius
0,5.1045416547e-02,-8.9295804608e-03,1.7159901291e-03
1,4.9389335557e-02,-8.9987912753e-03,1.5964268839e-03
2,4.7865111742e-02,-9.1831043698e-03,1.4743665770e-03
3,4.6486544481e-02,-9.4949837548e-03,1.3567904411e-03
4,4.5267433153e-02,-9.9468934412e-03,1.7371602296e-03
5,4.3310674333e-02,-1.0894524061e-02,2.2234965001e-03
6,4.1296315450e-02,-1.1947231915e-02,2.3210066194e-03

Region 16 (7 circles):
Circle_Index,Center_X,Center_Y,Radius
0,3.9226565795e-02,-1.3100090491e-02,2.4158979690e-03
1,3.7103634658e-02,-1.4348173278e-02,2.5077474081e-03
2,3.4929731329e-02,-1.5686553763e-02,2.5962158372e-03
3,3.2707065098e-02,-1.7110305432e-02,2.6810297464e-03
4,3.0437845256e-02,-1.8614501775e-02,2.7619672219e-03
5,2.8124281093e-02,-2.0194216278e-02,2.8388472856e-03
6,2.5768581898e-02,-2.1844522430e-02,2.9115217290e-03

Region 17 (7 circles):
Circle_Index,Center_X,Center_Y,Radius
0,2.3372956963e-02,-2.3560493717e-02,2.9798688219e-03
1,2.0939615577e-02,-2.5337203628e-02,3.0437884370e-03
2,1.8470767031e-02,-2.7169725650e-02,3.1031982516e-03
3,1.5968620615e-02,-2.9053133270e-02,3.1580307755e-03
4,1.3435385618e-02,-3.0982499977e-02,3.2082310174e-03
5,1.0873271332e-02,-3.2952899258e-02,3.2537546500e-03
6,8.2844870466e-03,-3.4959404600e-02,3.2945665684e-03

Region 18 (7 circles):
Circle_Index,Center_X,Center_Y,Radius
0,5.6712420517e-03,-3.6997089491e-02,3.3306397629e-03
1,3.0357456378e-03,-3.9061027420e-02,3.3619544463e-03
2,3.8020709499e-04,-4.1146291872e-02,3.3884973907e-03
3,-2.2931642864e-03,-4.3247956337e-02,3.4102614406e-03
4,-4.9821592163e-03,-4.5361094301e-02,3.4272451774e-03
5,-7.6845684043e-03,-4.7480779253e-02,3.4394527171e-03
6,-1.0398182560e-02,-4.9602084679e-02,3.4468936315e-03

Region 19 (7 circles):
Circle_Index,Center_X,Center_Y,Radius
0,-1.3120792394e-02,-5.1720084069e-02,3.4495829833e-03
1,-1.5850188615e-02,-5.3829850908e-02,3.4475414749e-03
2,-1.8584161934e-02,-5.5926458685e-02,3.4407957118e-03
3,-2.1320503060e-02,-5.8004980887e-02,3.4293785869e-03
4,-2.4057002702e-02,-6.0060491003e-02,3.4133297942e-03
5,-2.6791451572e-02,-6.2088062519e-02,3.3926964886e-03
6,-2.9521640377e-02,-6.4082768923e-02,3.3675341094e-03

Region 20 (7 circles):
Circle_Index,Center_X,Center_Y,Radius
0,-3.2245359829e-02,-6.6039683703e-02,3.3379073946e-03
1,-3.4960400637e-02,-6.7953880347e-02,3.3038916169e-03
2,-3.7664553511e-02,-6.9820432342e-02,3.2655740834e-03
3,-4.0355609160e-02,-7.1634413175e-02,3.2230559492e-03
4,-4.3031358295e-02,-7.3390896336e-02,3.1764544080e-03
5,-4.5689591624e-02,-7.5084955310e-02,3.1259053371e-03
6,-4.8328099859e-02,-7.6711663585e-02,3.0715664920e-03

Region 21 (7 circles):
Circle_Index,Center_X,Center_Y,Radius
0,-5.0944673708e-02,-7.8266094650e-02,3.0136213672e-03
1,-5.3537103882e-02,-7.9743321992e-02,2.9522838621e-03
2,-5.6103181090e-02,-8.1138419098e-02,2.8878039195e-03
3,-5.8640696042e-02,-8.2446459456e-02,2.8204743329e-03
4,-6.1147439448e-02,-8.3662516554e-02,2.7506389424e-03
5,-6.3621202018e-02,-8.4781663880e-02,2.6787024590e-03
6,-6.6059774461e-02,-8.5798974920e-02,2.6051421556e-03

Region 22 (7 circles):
Circle_Index,Center_X,Center_Y,Radius
0,-6.8460947487e-02,-8.6709523163e-02,2.5305216140e-03
1,-7.0822511806e-02,-8.7508382097e-02,2.4555066066e-03
2,-7.3142258127e-02,-8.8190625208e-02,2.3808829437e-03
3,-7.5417977162e-02,-8.8751325984e-02,2.3075756820e-03
4,-7.7647459618e-02,-8.9185557914e-02,2.0130647158e-03
5,-7.9391946595e-02,-8.9375095351e-02,1.8352814149e-03
6,-8.1307656107e-02,-8.9394668361e-02,1.9964268890e-03

Region 23 (7 circles):
Circle_Index,Center_X,Center_Y,Radius
0,-8.3379768883e-02,-8.9251624395e-02,2.1553753449e-03
1,-8.5593465654e-02,-8.8953310902e-02,2.3081640574e-03
2,-8.7933927147e-02,-8.8507075334e-02,2.4521286447e-03
3,-9.0386334092e-02,-8.7920265141e-02,2.5854472667e-03
4,-9.2935867218e-02,-8.7200227773e-02,2.7068521136e-03
5,-9.5567707254e-02,-8.6354310680e-02,2.8154473673e-03
6,-9.8267034929e-02,-8.5389861312e-02,2.9105932611e-03

Region 24 (7 circles):
Circle_Index,Center_X,Center_Y,Radius
0,-1.0101903097e-01,-8.4314227121e-02,2.9918312336e-03
1,-1.0380887611e-01,-8.3134755556e-02,3.0588350077e-03
2,-1.0662175108e-01,-8.1858794067e-02,3.1113783978e-03
3,-1.0944283660e-01,-8.0493690106e-02,3.1493142432e-03
4,-1.1225731341e-01,-7.9046791122e-02,3.1725610460e-03
5,-1.1505036223e-01,-7.7525444566e-02,3.1810952567e-03
6,-1.1780716379e-01,-7.5936997887e-02,3.1749480398e-03

Region 25 (7 circles):
Circle_Index,Center_X,Center_Y,Radius
0,-1.2051289882e-01,-7.4288798537e-02,3.1542059827e-03
1,-1.2315274806e-01,-7.2588193966e-02,3.1190157230e-03
2,-1.2571189222e-01,-7.0842531624e-02,3.0695929537e-03
3,-1.2817551205e-01,-6.9059158961e-02,3.0062368185e-03
4,-1.3052878826e-01,-6.7245423428e-02,2.9293514294e-03
5,-1.3275690159e-01,-6.5408672475e-02,2.8394772548e-03
6,-1.3484503276e-01,-6.3556253552e-02,2.7373366255e-03

Region 26 (7 circles):
Circle_Index,Center_X,Center_Y,Radius
0,-1.3677836251e-01,-6.1695514110e-02,2.6238998471e-03
1,-1.3854207157e-01,-5.9833801599e-02,2.5004817239e-03
2,-1.4012134065e-01,-5.7978463470e-02,2.3688829702e-03
3,-1.4150135050e-01,-5.6136847172e-02,2.2315967667e-03
4,-1.4266728184e-01,-5.4316300156e-02,2.0921052966e-03
5,-1.4360431541e-01,-5.2524169873e-02,1.9552859644e-03
6,-1.4429763192e-01,-5.0767803772e-02,1.8279087554e-03

Region 27 (7 circles):
Circle_Index,Center_X,Center_Y,Radius
0,-1.4473241211e-01,-4.9054549304e-02,1.7190871850e-03
1,-1.4489383670e-01,-4.7391753920e-02,1.6402992771e-03
2,-1.4476708644e-01,-4.5786765070e-02,1.6043320370e-03
3,-1.4433734204e-01,-4.4246930204e-02,1.6227329514e-03
4,-1.4358978424e-01,-4.2779596772e-02,1.7025874020e-03
5,-1.4250959376e-01,-4.1392112225e-02,2.6289208378e-03
6,-1.4011100203e-01,-3.8843987276e-02,3.5368577056e-03

Region 28 (7 circles):
Circle_Index,Center_X,Center_Y,Radius
0,-1.3763199582e-01,-3.6269134261e-02,3.6105606352e-03
1,-1.3507457355e-01,-3.3669291367e-02,3.6820411742e-03
2,-1.3244073362e-01,-3.1046196779e-02,3.7512690770e-03
3,-1.2973247443e-01,-2.8401588685e-02,3.8182178559e-03
4,-1.2695179440e-01,-2.5737205271e-02,3.8828642916e-03
5,-1.2410069193e-01,-2.3054784725e-02,3.9451880200e-03
6,-1.2118116543e-01,-2.0356065233e-02,4.0051711843e-03

Region 29 (7 circles):
Circle_Index,Center_X,Center_Y,Radius
0,-1.1819521331e-01,-1.7642784982e-02,4.0627981395e-03
1,-1.1514483398e-01,-1.4916682159e-02,4.1180552022e-03
2,-1.1203202584e-01,-1.2179494949e-02,4.1709304371e-03
3,-1.0885878730e-01,-9.4329615417e-03,4.2214134752e-03
4,-1.0562711677e-01,-6.6788201219e-03,4.2694953590e-03
5,-1.0233901266e-01,-3.9188088770e-03,4.3151684096e-03
6,-9.8996473375e-02,-1.1546659936e-03,4.3584261141e-03
