Region Metadata for: shape_38.txt
================================================================================

REGION DEFINITION: Circle union (one circle per point)
  Each point gets a circle with radius = average distance to neighbors

Total vertices: 241
Number of regions: 30
Points per region:
  Region 0: 9 points
  Region 1: 8 points
  Region 2: 8 points
  Region 3: 8 points
  Region 4: 8 points
  Region 5: 8 points
  Region 6: 8 points
  Region 7: 8 points
  Region 8: 8 points
  Region 9: 8 points
  Region 10: 8 points
  Region 11: 8 points
  Region 12: 8 points
  Region 13: 8 points
  Region 14: 8 points
  Region 15: 8 points
  Region 16: 8 points
  Region 17: 8 points
  Region 18: 8 points
  Region 19: 8 points
  Region 20: 8 points
  Region 21: 8 points
  Region 22: 8 points
  Region 23: 8 points
  Region 24: 8 points
  Region 25: 8 points
  Region 26: 8 points
  Region 27: 8 points
  Region 28: 8 points
  Region 29: 8 points

REGION SUMMARY:
Region_Index,Num_Points,BBox_Min_X,BBox_Max_X,BBox_Min_Y,BBox_Max_Y,Normal_X,Normal_Y,Tangent_X,Tangent_Y,Fitted_Circle_X,Fitted_Circle_Y,Fitted_Circle_Radius,Local_AoA_Rad,Union_Area,Collection_Area
0,9,-1.4264998933e-01,-1.1201539665e-01,-2.8300262359e-03,2.2687466358e-02,-0.6151135724,-0.7884385157,-0.7884385157,0.6151135724,2.4277830929e-02,2.0519314781e-01,2.4760910273e-01,-9.08266321e-01,2.51625641e-04,1.26900972e-04
1,8,-1.5896910665e-01,-1.3837476504e-01,1.8194155828e-02,4.0356232957e-02,-0.7425478043,-0.6697930713,-0.6697930713,0.7425478043,-6.6877711428e-02,1.0378940026e-01,1.1118927279e-01,-7.33930079e-01,1.57780282e-04,8.00220463e-05
2,8,-1.6218486835e-01,-1.5500347729e-01,3.7094490892e-02,5.3342585524e-02,-0.9884459360,-0.1515738485,-0.1515738485,0.9884459360,-1.4998879043e-01,4.7096546176e-02,1.0564678206e-02,-1.52160325e-01,6.20758463e-05,3.27256394e-05
3,8,-1.6057185419e-01,-1.4411497965e-01,5.1295982530e-02,6.7230700989e-02,-0.6909025273,0.7229479219,0.7229479219,0.6909025273,-1.2554796539e-01,2.9938388572e-02,4.0533717093e-02,8.08059619e-01,9.24705882e-05,4.75171020e-05
4,8,-1.4742564828e-01,-1.2118520178e-01,6.3107022472e-02,7.9668470430e-02,-0.4571827262,0.8893727873,0.8893727873,0.4571827262,-6.9882014021e-02,-5.5083412886e-02,1.4226281803e-01,1.09597143e+00,1.69298379e-04,8.56017885e-05
5,8,-1.2488844095e-01,-9.5056318015e-02,7.4114040174e-02,8.8889470294e-02,-0.3258877194,0.9454084802,0.9454084802,0.3258877194,-3.6125011204e-02,-1.3267083459e-01,2.2689105221e-01,1.23884577e+00,1.98380312e-04,9.98989340e-05
6,8,-9.8548051152e-02,-7.1562476556e-02,8.3048243191e-02,9.3378578882e-02,-0.2011003129,0.9795706530,0.9795706530,0.2011003129,-5.2306189949e-02,-6.8572969422e-02,1.6078486532e-01,1.36831527e+00,1.54666081e-04,7.80689934e-05
7,8,-7.4190829330e-02,-5.3369280288e-02,8.7729537778e-02,9.3593522697e-02,0.0434227384,0.9990567881,0.9990567881,-0.0434227384,-6.5906506405e-02,4.2702997936e-02,4.8616903468e-02,1.61423272e+00,8.98127832e-05,4.56116253e-05
8,8,-5.6030508812e-02,-2.9963628081e-02,8.2051771160e-02,9.2521133348e-02,0.2214305117,0.9751761525,0.9751761525,-0.2214305117,-1.0316574843e-01,-1.7565763936e-01,2.7014629540e-01,1.79407748e+00,1.44948935e-04,7.28587156e-05
9,8,-3.3326959494e-02,-3.0625451100e-03,7.3625596423e-02,8.7710472812e-02,0.2928349062,0.9561630184,0.9561630184,-0.2928349062,-1.4508498971e-01,-3.3262997805e-01,4.3263346735e-01,1.86798670e+00,2.00735910e-04,1.00770355e-04
10,8,-6.9347856884e-03,2.5593808612e-02,6.2881452652e-02,7.9794495319e-02,0.3503204253,0.9366299160,0.9366299160,-0.3503204253,-1.7141129617e-01,-4.1151392330e-01,5.1579807502e-01,1.92870951e+00,2.39182075e-04,1.20013558e-04
11,8,2.1413336858e-02,5.4271585447e-02,5.0243466554e-02,6.9196155685e-02,0.4064869663,0.9136565800,0.9136565800,-0.4064869663,-1.6118088343e-01,-3.8770056752e-01,4.8988293449e-01,1.98940206e+00,2.53485044e-04,1.27240724e-04
12,8,4.9978856430e-02,8.1242430038e-02,3.6130272561e-02,5.6344284697e-02,0.4700294428,0.8826507366,0.8826507366,-0.4700294428,-1.1508818437e-01,-2.9349648215e-01,3.8499884937e-01,2.06012046e+00,2.41884818e-04,1.21528870e-04
13,8,7.7017484494e-02,1.0478778031e-01,2.0950711811e-02,4.1673449959e-02,0.5506061981,0.8347651254,0.8347651254,-0.5506061981,-4.8608822549e-02,-1.8080900796e-01,2.5414415779e-01,2.15388658e+00,2.07770060e-04,1.04524960e-04
14,8,1.0077411213e-01,1.2321314302e-01,5.0895566273e-03,2.5629039466e-02,0.6619427857,0.7495543665,0.7495543665,-0.6619427857,1.9492762416e-02,-9.0057810553e-02,1.4064572132e-01,2.29420405e+00,1.59311729e-04,8.04891468e-05
15,8,1.1946633087e-01,1.3134967664e-01,-9.5116023165e-03,8.6837407491e-03,0.8866776055,0.4623881744,0.4623881744,-0.8866776055,1.0469828690e-01,-1.1659031597e-02,2.4821197888e-02,2.66090594e+00,8.34165454e-05,4.30263593e-05
16,8,1.2626965029e-01,1.3240357094e-01,-2.9633544402e-02,-7.2460930991e-03,0.9995192014,-0.0310059026,-0.0310059026,-0.9995192014,7.0228713244e-02,-1.6234431400e-02,5.9698853055e-02,-3.11058178e+00,1.03392021e-04,5.27539459e-05
17,8,1.1998730037e-01,1.3127508759e-01,-5.2165509266e-02,-2.6851580374e-02,0.9623189395,-0.2719232588,-0.2719232588,-0.9623189395,1.0968791348e-03,-4.0613428575e-03,1.2995741414e-01,-2.86620162e+00,1.39193385e-04,7.03510413e-05
18,8,1.1050199475e-01,1.2493895821e-01,-7.3847839292e-02,-4.8977718313e-02,0.9118480775,-0.4105278111,-0.4105278111,-0.9118480775,-5.2392172793e-02,1.5114943674e-02,1.8679476030e-01,-2.71855983e+00,1.45722202e-04,7.34585587e-05
19,8,1.0009819963e-01,1.1489619013e-01,-9.1537235348e-02,-7.0650550285e-02,0.8530020076,-0.5219076307,-0.5219076307,-0.8530020076,-2.5291986957e-02,-3.4634238887e-04,1.5560346613e-01,-2.59250686e+00,1.14162146e-04,5.75286222e-05
20,8,9.1036927321e-02,1.0336174313e-01,-1.0033441769e-01,-8.8796283597e-02,0.6723863416,-0.7402003835,-0.7402003835,-0.6723863416,8.5585017653e-02,-8.3138182154e-02,1.7299876864e-02,-2.30822433e+00,5.17946114e-05,2.67232345e-05
21,8,7.6393354976e-02,9.2597869331e-02,-1.0134311584e-01,-9.6528412735e-02,-0.0509625575,-0.9987005646,-0.9987005646,0.0509625575,8.6604165729e-02,-6.5853399511e-02,3.3692555123e-02,-1.51981168e+00,5.47537596e-05,2.81096429e-05
22,8,6.0023232842e-02,7.8506992949e-02,-1.0020475556e-01,-9.1325685848e-02,-0.3110683612,-0.9503875392,-0.9503875392,0.3110683612,1.0282771147e-01,6.3618206275e-03,1.0777284565e-01,-1.25447937e+00,7.56153448e-05,3.81831757e-05
23,8,4.7092573917e-02,6.2273472036e-02,-9.4731148255e-02,-8.5812210829e-02,-0.4188131611,-0.9080724289,-0.9080724289,0.4188131611,1.2363379013e-01,6.0189760923e-02,1.6548488600e-01,-1.13865839e+00,5.54133144e-05,2.78572192e-05
24,8,2.7466208925e-02,4.8661540956e-02,-8.8004574134e-02,-7.4830028300e-02,-0.4593173458,-0.8882722420,-0.8882722420,0.4593173458,-2.4098479390e-01,-6.2390418876e-01,-6.0972679397e-01,-1.09356980e+00,1.20063780e-04,5.99671065e-05
25,8,1.4742000762e-03,3.1058589245e-02,-7.9879691038e-02,-6.1732499877e-02,-0.4406618677,-0.8976731690,-0.8976731690,0.4406618677,-1.5103555098e+00,-3.1829651675e+00,-3.4663280457e+00,-1.11446047e+00,2.11528185e-04,1.05682488e-04
26,8,-2.7868405878e-02,5.7175679533e-03,-6.7748479575e-02,-4.7099979327e-02,-0.4418801864,-0.8970740777,-0.8970740777,0.4418801864,1.4268318844e+00,2.8620772133e+00,3.2544960538e+00,-1.11310282e+00,2.72340220e-04,1.36247782e-04
27,8,-5.8626525327e-02,-2.3201551629e-02,-5.3652766158e-02,-3.1251481120e-02,-0.4575982560,-0.8891590612,-0.8891590612,0.4575982560,5.8266336792e-01,1.1693977572e+00,1.3629842344e+00,-1.09550415e+00,3.06925522e-04,1.53583383e-04
28,8,-8.8868784147e-02,-5.3759764945e-02,-3.7915486202e-02,-1.4502310236e-02,-0.4874269336,-0.8731637787,-0.8731637787,0.4874269336,3.1894783641e-01,6.7329091504e-01,8.0113010442e-01,-1.06165584e+00,3.09932025e-04,1.55406612e-04
29,8,-1.1666995178e-01,-8.4014235651e-02,-2.0863406907e-02,2.8383719065e-03,-0.5350731844,-0.8448057098,-0.8448057098,0.5350731844,1.5308986631e-01,3.9173658059e-01,4.7433856244e-01,-1.00620195e+00,2.81946004e-04,1.41660313e-04

DETAILED CIRCLE DATA:

Region 0 (9 circles):
Circle_Index,Center_X,Center_Y,Radius
0,-1.1594670688e-01,1.1012839984e-03,3.9313102343e-03
1,-1.1913691961e-01,3.3534455991e-03,3.8774079529e-03
2,-1.2225453716e-01,5.6119602835e-03,3.8206453802e-03
3,-1.2529577667e-01,7.8762015778e-03,3.7611148410e-03
4,-1.2825685529e-01,1.0145543009e-02,3.6989201866e-03
5,-1.3113399014e-01,1.2419358103e-02,3.6341785150e-03
6,-1.3392339839e-01,1.4697020387e-02,3.5670221811e-03
7,-1.3662129716e-01,1.6977903386e-02,3.4976011467e-03
8,-1.3922390360e-01,1.9261380629e-02,3.4260857290e-03

Region 1 (8 circles):
Circle_Index,Center_X,Center_Y,Radius
0,-1.4172743485e-01,2.1546825640e-02,3.3526698122e-03
1,-1.4412810805e-01,2.3833611948e-02,3.2775745951e-03
2,-1.4642214035e-01,2.6121113077e-02,3.2010529533e-03
3,-1.4860574888e-01,2.8408702555e-02,3.1233944915e-03
4,-1.5067515079e-01,3.0695753908e-02,3.0449313588e-03
5,-1.5262656321e-01,3.2981640663e-02,2.9660448769e-03
6,-1.5445620329e-01,3.5265736346e-02,2.8871729901e-03
7,-1.5616028818e-01,3.7547414484e-02,2.8088184730e-03

Region 2 (8 circles):
Circle_Index,Center_X,Center_Y,Radius
0,-1.5773503500e-01,3.9826048603e-02,2.7315577110e-03
1,-1.5917666091e-01,4.2101012230e-02,2.2048134440e-03
2,-1.5994456633e-01,4.3635996207e-02,1.6707992518e-03
3,-1.6041411765e-01,4.5191938650e-02,1.6048992268e-03
4,-1.6059665089e-01,4.6765939156e-02,1.5882174655e-03
5,-1.6050350204e-01,4.8355097319e-02,1.6163595517e-03
6,-1.6014600711e-01,4.9956512733e-02,1.6817098178e-03
7,-1.5953550210e-01,5.1567284995e-02,1.7753005291e-03

Region 3 (8 circles):
Circle_Index,Center_X,Center_Y,Radius
0,-1.5868332302e-01,5.3184513698e-02,1.8885311687e-03
1,-1.5760080586e-01,5.4805298438e-02,2.0141176116e-03
2,-1.5629928664e-01,5.6426738810e-02,2.1463271340e-03
3,-1.5479010136e-01,5.8045934408e-02,2.2808224751e-03
4,-1.5308458602e-01,5.9659984827e-02,2.4143791690e-03
5,-1.5119407662e-01,6.1265989663e-02,2.5446097625e-03
6,-1.4912990917e-01,6.2861048510e-02,2.6697398543e-03
7,-1.4690341967e-01,6.4442260963e-02,2.7884400265e-03

Region 4 (8 circles):
Circle_Index,Center_X,Center_Y,Radius
0,-1.4452594413e-01,6.6006726617e-02,2.8997041452e-03
1,-1.4200881855e-01,6.7551545067e-02,3.0027624777e-03
2,-1.3936337893e-01,6.9073815908e-02,3.0970198349e-03
3,-1.3660096128e-01,7.0570638735e-02,3.1820113718e-03
4,-1.3373290160e-01,7.2039113142e-02,3.2573707886e-03
5,-1.3077053589e-01,7.3476338725e-02,3.3228072625e-03
6,-1.2772520016e-01,7.4879415079e-02,3.3780885683e-03
7,-1.2460823041e-01,7.6245441798e-02,3.4230286328e-03

Region 5 (8 circles):
Circle_Index,Center_X,Center_Y,Radius
0,-1.2143096265e-01,7.7571518477e-02,3.4574783030e-03
1,-1.1820473288e-01,7.8854744711e-02,3.4813184794e-03
2,-1.1494087709e-01,8.0092220096e-02,3.4944550243e-03
3,-1.1165073131e-01,8.1281044226e-02,3.4968150300e-03
4,-1.0834563153e-01,8.2418316695e-02,3.4883441667e-03
5,-1.0503691375e-01,8.3501137100e-02,3.4690049227e-03
6,-1.0173591398e-01,8.4526605034e-02,3.4387756258e-03
7,-9.8453968216e-02,8.5491820093e-02,3.3976502009e-03

Region 6 (8 circles):
Circle_Index,Center_X,Center_Y,Radius
0,-9.5202412471e-02,8.6393881872e-02,3.3456386811e-03
1,-9.1992582744e-02,8.7229889965e-02,3.2827685572e-03
2,-8.8835815041e-02,8.7996943968e-02,3.2090871377e-03
3,-8.5743445364e-02,8.8692143475e-02,3.1246652036e-03
4,-8.2726809717e-02,8.9312588081e-02,3.0296024122e-03
5,-7.9797244103e-02,8.9855377381e-02,2.9240351583e-03
6,-7.6966084528e-02,9.0317610971e-02,2.8081480036e-03
7,-7.4244666993e-02,9.0696388444e-02,2.6821904376e-03

Region 7 (8 circles):
Circle_Index,Center_X,Center_Y,Radius
0,-7.1644327504e-02,9.0988809396e-02,2.5465018267e-03
1,-6.9176402063e-02,9.1191973423e-02,2.4015492745e-03
2,-6.6852226674e-02,9.1302980118e-02,2.2479863910e-03
3,-6.4683137342e-02,9.1318929076e-02,2.0867468364e-03
4,-6.2680470070e-02,9.1236919893e-02,1.9191971476e-03
5,-6.0855560861e-02,9.1054052164e-02,2.1346900122e-03
6,-5.8445070876e-02,9.0707097939e-02,2.4830262511e-03
7,-5.5946255063e-02,9.0306512553e-02,2.5769747750e-03

Region 8 (8 circles):
Circle_Index,Center_X,Center_Y,Radius
0,-5.3362503827e-02,8.9853128363e-02,2.6680049850e-03
1,-5.0697207572e-02,8.9347777723e-02,2.7560512312e-03
2,-4.7953756704e-02,8.8791292991e-02,2.8410596381e-03
3,-4.5135541626e-02,8.8184506522e-02,2.9229857697e-03
4,-4.2245952745e-02,8.7528250672e-02,3.0017928357e-03
5,-3.9288380464e-02,8.6823357799e-02,3.0774502996e-03
6,-3.6266215189e-02,8.6070660257e-02,3.1499327900e-03
7,-3.3182847324e-02,8.5270990403e-02,3.2192192427e-03

Region 9 (8 circles):
Circle_Index,Center_X,Center_Y,Radius
0,-3.0041667274e-02,8.4425180593e-02,3.2852922196e-03
1,-2.6846065445e-02,8.3534063183e-02,3.3481373656e-03
2,-2.3599432240e-02,8.2598470529e-02,3.4077429729e-03
3,-2.0305158065e-02,8.1619234988e-02,3.4640996314e-03
4,-1.6966633324e-02,8.0597188915e-02,3.5171999462e-03
5,-1.3587248423e-02,7.9533164667e-02,3.5670383106e-03
6,-1.0170393766e-02,7.8427994600e-02,3.6136107243e-03
7,-6.7194597573e-03,7.7282511070e-02,3.6569146473e-03

Region 10 (8 circles):
Circle_Index,Center_X,Center_Y,Radius
0,-3.2378368027e-03,7.6097546433e-02,3.6969488856e-03
1,2.7108469327e-04,7.4873933045e-02,3.7337135027e-03
2,3.8039143259e-03,7.3612503262e-02,3.7672097527e-03
3,7.3572616903e-03,7.2314089441e-02,3.7974400340e-03
4,1.0927736382e-02,7.0979523938e-02,3.8244078591e-03
5,1.4511947995e-02,6.9609639108e-02,3.8481178407e-03
6,1.8106506126e-02,6.8205267308e-02,3.8685756923e-03
7,2.1708020370e-02,6.6767240894e-02,3.8857882425e-03

Region 11 (8 circles):
Circle_Index,Center_X,Center_Y,Radius
0,2.5313100321e-02,6.5296392222e-02,3.8997634624e-03
1,2.8918355575e-02,6.3793553648e-02,3.9105105068e-03
2,3.2520395727e-02,6.2259557529e-02,3.9180397685e-03
3,3.6115830372e-02,6.0695236220e-02,3.9223629467e-03
4,3.9701269106e-02,5.9101422078e-02,3.9234931304e-03
5,4.3273321523e-02,5.7478947459e-02,3.9214448977e-03
6,4.6828597219e-02,5.5828644718e-02,3.9162344322e-03
7,5.0363705789e-02,5.4151346213e-02,3.9078796583e-03

Region 12 (8 circles):
Circle_Index,Center_X,Center_Y,Radius
0,5.3875256828e-02,5.2447884298e-02,3.8964003987e-03
1,5.7359859932e-02,5.0719091331e-02,3.8818185543e-03
2,6.0814124695e-02,4.8965799667e-02,3.8641583120e-03
3,6.4234660713e-02,4.7188841663e-02,3.8434463828e-03
4,6.7618077580e-02,4.5389049675e-02,3.8197122745e-03
5,7.0960984893e-02,4.3567256058e-02,3.7929886045e-03
6,7.4259992246e-02,4.1724293169e-02,3.7633114588e-03
7,7.7511709234e-02,3.9860993364e-02,3.7307208036e-03

Region 13 (8 circles):
Circle_Index,Center_X,Center_Y,Radius
0,8.0712745453e-02,3.7978189000e-02,3.6952609591e-03
1,8.3859710498e-02,3.6076712432e-02,3.6569811439e-03
2,8.6949213963e-02,3.4157396016e-02,3.6159361028e-03
3,8.9977865445e-02,3.2221072108e-02,3.5721868310e-03
4,9.2942274538e-02,3.0268573066e-02,3.5258014119e-03
5,9.5839050837e-02,2.8300731244e-02,3.4768559856e-03
6,9.8664803939e-02,2.6318378999e-02,3.4254358726e-03
7,1.0141614344e-01,2.4322348688e-02,3.3716368769e-03

Region 14 (8 circles):
Circle_Index,Center_X,Center_Y,Radius
0,1.0408967893e-01,2.2313472665e-02,3.3155668006e-03
1,1.0668202000e-01,2.0292583288e-02,3.2573472033e-03
2,1.0918977626e-01,1.8260512912e-02,3.1971154483e-03
3,1.1160955730e-01,1.6218093894e-02,3.1350270797e-03
4,1.1393797271e-01,1.4166158590e-02,3.0712585823e-03
5,1.1617163209e-01,1.2105539355e-02,3.0060105774e-03
6,1.1830714503e-01,1.0037068547e-02,2.9395115118e-03
7,1.2034112113e-01,7.9615785205e-03,2.8720218932e-03

Region 15 (8 circles):
Circle_Index,Center_X,Center_Y,Radius
0,1.2227016998e-01,5.8799016324e-03,2.8038391167e-03
1,1.2409090118e-01,3.7928702387e-03,2.3727332296e-03
2,1.2528985321e-01,2.2223586409e-03,1.9832018102e-03
3,1.2634057877e-01,5.3171673937e-04,2.0051535038e-03
4,1.2724746445e-01,-1.2729914659e-03,2.0403406435e-03
5,1.2801489687e-01,-3.1857019749e-03,2.0862440167e-03
6,1.2864726259e-01,-5.2003507875e-03,2.1404466773e-03
7,1.2914894822e-01,-7.3108739038e-03,2.2007284126e-03

Region 16 (8 circles):
Circle_Index,Center_X,Center_Y,Radius
0,1.2952434035e-01,-9.5112073238e-03,2.2651142247e-03
1,1.2977782557e-01,-1.1795287047e-02,2.3318874772e-03
2,1.2991379047e-01,-1.4157049074e-02,2.3995799621e-03
3,1.2993662165e-01,-1.6590429405e-02,2.4669492862e-03
4,1.2985070569e-01,-1.9089364039e-02,2.5329509944e-03
5,1.2966042919e-01,-2.1647788976e-02,2.5967100587e-03
6,1.2937017874e-01,-2.4259640217e-02,2.6574942652e-03
7,1.2898434093e-01,-2.6918853761e-02,2.7146906402e-03

Region 17 (8 circles):
Circle_Index,Center_X,Center_Y,Radius
0,1.2850730236e-01,-2.9619365609e-02,2.7677852350e-03
1,1.2794344961e-01,-3.2355111760e-02,2.8163461420e-03
2,1.2729716928e-01,-3.5120028214e-02,2.8600094101e-03
3,1.2657284796e-01,-3.7908050972e-02,2.8984674601e-03
4,1.2577487224e-01,-4.0713116032e-02,2.9314596026e-03
5,1.2490762871e-01,-4.3529159396e-02,2.9587642965e-03
6,1.2397550397e-01,-4.6350117063e-02,2.9801928402e-03
7,1.2298288461e-01,-4.9169925033e-02,2.9955842328e-03

Region 18 (8 circles):
Circle_Index,Center_X,Center_Y,Radius
0,1.2193415721e-01,-5.1982519306e-02,3.0048009936e-03
1,1.2083370838e-01,-5.4781835882e-02,3.0077257681e-03
2,1.1968592471e-01,-5.7561810762e-02,3.0042585824e-03
3,1.1849519277e-01,-6.0316379944e-02,2.9943146392e-03
4,1.1726589918e-01,-6.3039479429e-02,2.9778225723e-03
5,1.1600243052e-01,-6.5725045217e-02,2.9547230989e-03
6,1.1470917337e-01,-6.8367013308e-02,2.9249680267e-03
7,1.1339051434e-01,-7.0959319702e-02,2.8885195905e-03

Region 19 (8 circles):
Circle_Index,Center_X,Center_Y,Radius
0,1.1205084002e-01,-7.3495900398e-02,2.8453501130e-03
1,1.1069453699e-01,-7.5970691398e-02,2.7954419999e-03
2,1.0932599186e-01,-7.8377628700e-02,2.7387881057e-03
3,1.0794959120e-01,-8.0710648305e-02,2.6753925327e-03
4,1.0656972162e-01,-8.2963686212e-02,2.6052719680e-03
5,1.0519076970e-01,-8.5130678422e-02,2.5284577164e-03
6,1.0381712204e-01,-8.7205560935e-02,2.4449986724e-03
7,1.0245316523e-01,-8.9182269750e-02,2.3549655978e-03

Region 20 (8 circles):
Circle_Index,Center_X,Center_Y,Radius
0,1.0110328586e-01,-9.1054740868e-02,2.2584572709e-03
1,9.9771870527e-02,-9.2816910289e-02,2.1556093847e-03
2,9.8463305817e-02,-9.4462714012e-02,2.0466075889e-03
3,9.7181978324e-02,-9.5986088037e-02,1.6710529158e-03
4,9.6217112546e-02,-9.6932457671e-02,1.3547821043e-03
5,9.5111483441e-02,-9.7721059810e-02,1.3748988826e-03
6,9.3874741579e-02,-9.8359355924e-02,1.4187467357e-03
7,9.2516537527e-02,-9.8854807483e-02,1.4796102061e-03

Region 21 (8 circles):
Circle_Index,Center_X,Center_Y,Radius
0,9.1046521857e-02,-9.9214875957e-02,1.5513474749e-03
1,8.9474345136e-02,-9.9447022817e-02,1.6288266351e-03
2,8.7809657934e-02,-9.9558709533e-02,1.7079886134e-03
3,8.6062110821e-02,-9.9557397575e-02,1.7857182654e-03
4,8.4241354366e-02,-9.9450548412e-02,1.8596572477e-03
5,8.2357039138e-02,-9.9245623516e-02,1.9280256771e-03
6,8.0418815707e-02,-9.8950084355e-02,1.9894757595e-03
7,7.8436334641e-02,-9.8571392401e-02,2.0429796657e-03

Region 22 (8 circles):
Circle_Index,Center_X,Center_Y,Radius
0,7.6419246511e-02,-9.8117009123e-02,2.0877464378e-03
1,7.4377201885e-02,-9.7594395992e-02,2.1231612898e-03
2,7.2319851332e-02,-9.7011014477e-02,2.1487414391e-03
3,7.0256845423e-02,-9.6374326049e-02,2.1641038991e-03
4,6.8197834725e-02,-9.5691792178e-02,2.1689418608e-03
5,6.6152469810e-02,-9.4970874334e-02,2.1630072412e-03
6,6.4130401245e-02,-9.4219033986e-02,2.1460976793e-03
7,6.2141279601e-02,-9.3443732607e-02,2.1180467584e-03

Region 23 (8 circles):
Circle_Index,Center_X,Center_Y,Radius
0,6.0194755446e-02,-9.2652431664e-02,2.0787165906e-03
1,5.8300479350e-02,-9.1852592629e-02,2.0279921486e-03
2,5.6468101882e-02,-9.1051676971e-02,1.9657769021e-03
3,5.4707273611e-02,-9.0257146162e-02,1.8919894468e-03
4,5.3027645107e-02,-8.9476461670e-02,1.8065609030e-03
5,5.1438866939e-02,-8.8717084966e-02,1.7094329348e-03
6,4.9950589677e-02,-8.7986477520e-02,1.6005563067e-03
7,4.8572463889e-02,-8.7292100802e-02,1.4798899724e-03

Region 24 (8 circles):
Circle_Index,Center_X,Center_Y,Radius
0,4.7314140145e-02,-8.6641416282e-02,1.3474008112e-03
1,4.6185269014e-02,-8.6041885431e-02,1.9626887025e-03
2,4.3850147243e-02,-8.4794980853e-02,2.7020396171e-03
3,4.1409826300e-02,-8.3512278936e-02,2.8099884699e-03
4,3.8868089045e-02,-8.2194406156e-02,2.9143835040e-03
5,3.6228718336e-02,-8.0841988986e-02,3.0151974559e-03
6,3.3495497032e-02,-7.9455653898e-02,3.1124084837e-03
7,3.0672207991e-02,-7.8036027367e-02,3.2059990667e-03

Region 25 (8 circles):
Circle_Index,Center_X,Center_Y,Radius
0,2.7762634072e-02,-7.6583735865e-02,3.2959551730e-03
1,2.4770558134e-02,-7.5099405868e-02,3.3822656248e-03
2,2.1699763034e-02,-7.3583663847e-02,3.4649216091e-03
3,1.8554031632e-02,-7.2037136276e-02,3.5439162977e-03
4,1.5337146785e-02,-7.0460449629e-02,3.6192445508e-03
5,1.2052891353e-02,-6.8854230380e-02,3.6909026851e-03
6,8.7050481941e-03,-6.7219105001e-02,3.7588882911e-03
7,5.2974001666e-03,-6.5555699967e-02,3.8232000904e-03

Region 26 (8 circles):
Circle_Index,Center_X,Center_Y,Radius
0,1.8337301291e-03,-6.3864641751e-02,3.8838378242e-03
1,-1.6821790598e-03,-6.2146556826e-02,3.9408021678e-03
2,-5.2465445416e-03,-6.0402071666e-02,3.9940946656e-03
3,-8.8555834578e-03,-5.8631812744e-02,4.0437176838e-03
4,-1.2505512950e-02,-5.6836406534e-02,4.0896743777e-03
5,-1.6192550159e-02,-5.5016479509e-02,4.1319686731e-03
6,-1.9912912227e-02,-5.3172658143e-02,4.1706052573e-03
7,-2.3662816296e-02,-5.1305568909e-02,4.2055895823e-03

Region 27 (8 circles):
Circle_Index,Center_X,Center_Y,Radius
0,-2.7438479506e-02,-4.9415838281e-02,4.2369278765e-03
1,-3.1236118999e-02,-4.7504092733e-02,4.2646271665e-03
2,-3.5051951917e-02,-4.5570958737e-02,4.2886953073e-03
3,-3.8882195401e-02,-4.3617062767e-02,4.3091410222e-03
4,-4.2723066592e-02,-4.1643031297e-02,4.3259739517e-03
5,-4.6570782633e-02,-3.9649490800e-02,4.3392047123e-03
6,-5.0421560664e-02,-3.7637067749e-02,4.3488449657e-03
7,-5.4271617827e-02,-3.5606388619e-02,4.3549074994e-03

Region 28 (8 circles):
Circle_Index,Center_X,Center_Y,Radius
0,-5.8117171264e-02,-3.3558079883e-02,4.3574063192e-03
1,-6.1954438115e-02,-3.1492768013e-02,4.3563567561e-03
2,-6.5779635523e-02,-2.9411079485e-02,4.3517755872e-03
3,-6.9588980629e-02,-2.7313640770e-02,4.3436811749e-03
4,-7.3378690574e-02,-2.5201078343e-02,4.3320936244e-03
5,-7.7144982500e-02,-2.3074018677e-02,4.3170349632e-03
6,-8.0884073548e-02,-2.0933088246e-02,4.2985293458e-03
7,-8.4592180860e-02,-1.8778913522e-02,4.2766032869e-03

Region 29 (8 circles):
Circle_Index,Center_X,Center_Y,Radius
0,-8.8265521578e-02,-1.6612120981e-02,4.2512859264e-03
1,-9.1900312842e-02,-1.4433337094e-02,4.2226093335e-03
2,-9.5492771794e-02,-1.2243188336e-02,4.1906088537e-03
3,-9.9039115575e-02,-1.0042301180e-02,4.1553235058e-03
4,-1.0253556133e-01,-7.8313020992e-03,4.1167964388e-03
5,-1.0597832619e-01,-5.6108175676e-03,4.0750754561e-03
6,-1.0936362731e-01,-3.3814740584e-03,4.0302136205e-03
7,-1.1268768183e-01,-1.1438980453e-03,3.9822699518e-03
