Region Metadata for: shape_68.txt
================================================================================

REGION DEFINITION: Circle union (one circle per point)
  Each point gets a circle with radius = average distance to neighbors

Total vertices: 217
Number of regions: 30
Points per region:
  Region 0: 8 points
  Region 1: 8 points
  Region 2: 8 points
  Region 3: 8 points
  Region 4: 8 points
  Region 5: 8 points
  Region 6: 8 points
  Region 7: 7 points
  Region 8: 7 points
  Region 9: 7 points
  Region 10: 7 points
  Region 11: 7 points
  Region 12: 7 points
  Region 13: 7 points
  Region 14: 7 points
  Region 15: 7 points
  Region 16: 7 points
  Region 17: 7 points
  Region 18: 7 points
  Region 19: 7 points
  Region 20: 7 points
  Region 21: 7 points
  Region 22: 7 points
  Region 23: 7 points
  Region 24: 7 points
  Region 25: 7 points
  Region 26: 7 points
  Region 27: 7 points
  Region 28: 7 points
  Region 29: 7 points

REGION SUMMARY:
Region_Index,Num_Points,BBox_Min_X,BBox_Max_X,BBox_Min_Y,BBox_Max_Y,Normal_X,Normal_Y,Tangent_X,Tangent_Y,Fitted_Circle_X,Fitted_Circle_Y,Fitted_Circle_Radius,Local_AoA_Rad,Union_Area,Collection_Area
0,8,-8.0485279221e-02,-7.4912520714e-02,-1.2200504237e-03,1.9214333233e-02,-0.9976400370,0.0686611725,0.0686611725,0.9976400370,-1.0044554352e+00,7.4404933224e-02,-9.2918018199e-01,6.87152361e-02,8.56656400e-05,4.27808926e-05
1,8,-8.0158812637e-02,-7.4904413036e-02,1.7103611785e-02,3.3634431456e-02,-0.9952239662,-0.0976179141,-0.0976179141,0.9952239662,-1.1439599527e-01,2.2057186387e-02,-3.7488355225e-02,-9.77736204e-02,5.70368330e-05,2.79354153e-05
2,8,-9.0178913344e-02,-7.6695109104e-02,3.1468361915e-02,5.4525650567e-02,-0.9091850238,-0.4163923540,-0.4163923540,0.9091850238,-2.4137703875e-01,-3.0564678382e-02,-1.7476020567e-01,-4.29473698e-01,1.28205197e-04,6.35927227e-05
3,8,-1.0254509269e-01,-8.5148962048e-02,5.0912131658e-02,7.8317324360e-02,-0.8871756804,-0.4614318066,-0.4614318066,0.8871756804,3.9277724515e+00,2.1601455503e+00,4.5348534302e+00,-4.79608415e-01,1.84603026e-04,9.23282105e-05
4,8,-1.1029640248e-01,-9.7574029739e-02,7.4768346157e-02,9.7143336366e-02,-0.9160508873,-0.4010620548,-0.4010620548,0.9160508873,2.0906995254e-02,1.4187381668e-01,1.3740392277e-01,-4.12675936e-01,1.19913705e-04,6.05307330e-05
5,8,-1.1073070720e-01,-1.0577232559e-01,9.5145345208e-02,1.0467658710e-01,-0.9608585891,0.2770392964,0.2770392964,0.9608585891,-1.0510609566e-01,9.9801681418e-02,4.4539841650e-03,2.80711424e-01,2.65696884e-05,1.44258784e-05
6,8,-1.0707321058e-01,-8.0154439278e-02,9.0750254438e-02,1.0546863664e-01,0.3773507696,0.9260704059,0.9260704059,-0.3773507696,-2.0893020957e-01,-1.7901747229e-01,3.0076395529e-01,1.95773023e+00,1.83482159e-04,9.25461594e-05
7,7,-8.4357068660e-02,-5.4355695421e-02,7.8171175951e-02,9.6879171281e-02,0.4359236786,0.8999836368,0.8999836368,-0.4359236786,-3.2232893565e-01,-4.3408975771e-01,5.7992336033e-01,2.02186068e+00,2.40607806e-04,1.20739445e-04
8,7,-5.9053940382e-02,-2.7198023974e-02,6.3512995655e-02,8.4703049243e-02,0.4742040702,0.8804149589,0.8804149589,-0.4742040702,-4.2585897447e-01,-6.3602929063e-01,8.0686242801e-01,2.06485610e+00,2.80055856e-04,1.40373542e-04
9,7,-3.2274147846e-02,6.7231859809e-04,4.7254995960e-02,7.0306235291e-02,0.5042365894,0.8635655516,0.8635655516,-0.5042365894,-5.3053346321e-01,-8.2249297340e-01,1.0207019151e+00,2.09929404e+00,3.07974955e-04,1.54333790e-04
10,7,-4.6575727437e-03,2.8610614196e-02,2.9874920911e-02,5.4161637064e-02,0.5294547743,0.8483381649,0.8483381649,-0.5294547743,-6.1301484138e-01,-9.5929894216e-01,1.1804510623e+00,2.12875406e+00,3.22117014e-04,1.61349378e-04
11,7,2.3154503522e-02,5.5972990794e-02,1.1849668480e-02,3.6743561908e-02,0.5520866631,0.8337867332,0.8337867332,-0.5520866631,-6.4931746648e-01,-1.0161454018e+00,1.2479007912e+00,2.15566113e+00,3.21354151e-04,1.60847008e-04
12,7,5.0520012290e-02,8.2116136843e-02,-6.3444238418e-03,1.8527104431e-02,0.5738356803,0.8189704586,0.8189704586,-0.5738356803,-6.2242040583e-01,-9.7707932258e-01,1.2004707430e+00,2.18197808e+00,3.05548684e-04,1.53057246e-04
13,7,7.6796345421e-02,1.0639723519e-01,-2.4231512954e-02,-1.2101284943e-05,0.5963101601,0.8027541298,0.8027541298,-0.5963101601,-5.2965075603e-01,-8.4879940832e-01,1.0421591258e+00,2.20969307e+00,2.75903741e-04,1.38244372e-04
14,7,1.0134039461e-01,1.2817410014e-01,-4.1336387215e-02,-1.8397920991e-02,0.6214333985,0.7834669943,0.7834669943,-0.6214333985,-3.8573359326e-01,-6.6133624354e-01,8.0581932168e-01,2.24136726e+00,2.34755948e-04,1.17688198e-04
15,7,1.2350837783e-01,1.4582670161e-01,-5.6205990604e-02,-3.6153546706e-02,0.6520652624,0.7581628410,0.7581628410,-0.6520652624,-2.1883213102e-01,-4.5884350770e-01,5.4340146841e-01,2.28110162e+00,1.74310266e-04,8.78532906e-05
16,7,1.4080096444e-01,1.4595236016e-01,-6.1532248975e-02,-5.3620147233e-02,0.9281755423,-0.3721426644,-0.3721426644,-0.9281755423,1.4142064560e-01,-5.6547480160e-02,3.5079735884e-03,-2.76027623e+00,1.99474709e-05,1.10536692e-05
17,7,1.2550311553e-01,1.4257674587e-01,-6.7185075850e-02,-5.9103823164e-02,0.2824377818,-0.9592856193,-0.9592856193,-0.2824377818,1.1818766215e-01,-6.4626574762e-03,5.8911772435e-02,-1.85713074e+00,7.28868194e-05,3.71321875e-05
18,7,1.0570490855e-01,1.2822709672e-01,-7.0073315140e-02,-6.2317609384e-02,0.1280480947,-0.9917679595,-0.9917679595,-0.1280480947,9.1850925795e-02,1.2939833460e-01,1.9733775419e-01,-1.69919695e+00,1.17465756e-04,5.91688681e-05
19,7,8.9018366625e-02,1.0851891375e-01,-7.0406893674e-02,-6.4681963980e-02,0.0356035810,-0.9993659915,-0.9993659915,-0.0356035810,9.2312230829e-02,9.8991642613e-02,1.6699142179e-01,-1.60640743e+00,8.82039475e-05,4.44163499e-05
20,7,7.3929125430e-02,9.0906859127e-02,-6.9721549409e-02,-6.3838223243e-02,-0.1186344324,-0.9929379998,-0.9929379998,0.1186344324,1.0502353868e-01,1.1312357431e-01,1.8178275372e-01,-1.45188184e+00,6.91831256e-05,3.47793476e-05
21,7,5.3460615890e-02,7.6587840125e-02,-6.8731117373e-02,-6.0211231787e-02,-0.1543971967,-0.9880088591,-0.9880088591,0.1543971967,1.9435723021e-01,7.6123269848e-01,8.3600786322e-01,-1.41577902e+00,1.24857981e-04,6.25582497e-05
22,7,3.0214505665e-02,5.6670065212e-02,-6.6017880739e-02,-5.5753473372e-02,-0.1785525577,-0.9839303757,-0.9839303757,0.1785525577,2.0895741016e-01,8.5030480700e-01,9.2626862721e-01,-1.39128115e+00,1.64020932e-04,8.21864306e-05
23,7,5.6532962657e-03,3.3771592021e-02,-6.2072677005e-02,-5.0540731666e-02,-0.2054649092,-0.9786644834,-0.9786644834,0.2054649092,1.8993246829e-01,7.5433956970e-01,8.2843499428e-01,-1.36385760e+00,1.86555080e-04,9.34902539e-05
24,7,-1.8761753033e-02,9.3577890479e-03,-5.6974156824e-02,-4.4647548104e-02,-0.2391015518,-0.9709945664,-0.9709945664,0.2391015518,1.4659209035e-01,5.6401338098e-01,6.3323265204e-01,-1.32935587e+00,1.88826717e-04,9.46629241e-05
25,7,-4.1571977541e-02,-1.5104614342e-02,-5.0802331721e-02,-3.8145869537e-02,-0.2850336950,-0.9585174974,-0.9585174974,0.2850336950,9.0629920400e-02,3.5639293639e-01,4.1819414608e-01,-1.28175475e+00,1.70643112e-04,8.56324206e-05
26,7,-6.1325247574e-02,-3.8145960640e-02,-4.3640141365e-02,-3.1101107807e-02,-0.3535349808,-0.9354213047,-0.9354213047,0.3535349808,3.2517605009e-02,1.8126361241e-01,2.3365892840e-01,-1.20944888e+00,1.35938555e-04,6.83878075e-05
27,7,-7.4949347447e-02,-5.8289017450e-02,-3.5578100311e-02,-2.4778195302e-02,-0.4689324943,-0.8832340097,-0.8832340097,0.4689324943,-2.6109044763e-02,4.8902362723e-02,8.8858435923e-02,-1.08271457e+00,8.15701775e-05,4.14760199e-05
28,7,-7.9901014616e-02,-7.3117359264e-02,-2.6616762855e-02,-1.4255061667e-02,-0.9337782085,-0.3578522842,-0.3578522842,0.9337782085,-6.0147652586e-02,-1.4624658235e-02,1.7894965458e-02,-3.65966849e-01,3.98101838e-05,2.07644638e-05
29,7,-8.0715055605e-02,-7.5989009500e-02,-1.6201430670e-02,1.0987414702e-03,-0.9999910227,-0.0042372709,-0.0042372709,0.9999910227,1.0485066787e-02,-7.5089974581e-03,8.8993526714e-02,-4.23728361e-03,6.86952836e-05,3.47858830e-05

DETAILED CIRCLE DATA:

Region 0 (8 circles):
Circle_Index,Center_X,Center_Y,Radius
0,-7.8158021130e-02,1.1072076669e-03,2.3272580906e-03
1,-7.7998717855e-02,3.4360720775e-03,2.3356982707e-03
2,-7.7826766324e-02,5.7668278331e-03,2.3327663306e-03
3,-7.7650232482e-02,8.0885687696e-03,2.3183791859e-03
4,-7.7477182275e-02,1.0390388723e-02,2.2925219042e-03
5,-7.7315681646e-02,1.2661381529e-02,2.2552491403e-03
6,-7.7173796540e-02,1.4890641025e-02,2.2066920965e-03
7,-7.7059592902e-02,1.7067261045e-02,2.1470721883e-03

Region 1 (8 circles):
Circle_Index,Center_X,Center_Y,Radius
0,-7.6981136677e-02,1.9180335426e-02,2.0767236413e-03
1,-7.6946493810e-02,2.1218958004e-02,1.9961287825e-03
2,-7.6963730245e-02,2.3172222615e-02,1.9059721911e-03
3,-7.7040911926e-02,2.5029223095e-02,1.8072236465e-03
4,-7.7186104800e-02,2.6779053280e-02,1.7012656748e-03
5,-7.7407374810e-02,2.8410807006e-02,1.5900899592e-03
6,-7.7712787902e-02,2.9913578109e-02,1.6854355223e-03
7,-7.8207488264e-02,3.1683107083e-02,1.9513243730e-03

Region 2 (8 circles):
Circle_Index,Center_X,Center_Y,Radius
0,-7.8866993195e-02,3.3640246006e-02,2.1718840911e-03
1,-7.9677709752e-02,3.5769634029e-02,2.3768273426e-03
2,-8.0626044994e-02,3.8055910302e-02,2.5646227045e-03
3,-8.1698405978e-02,4.0483713977e-02,2.7343260477e-03
4,-8.2881199761e-02,4.3037684204e-02,2.8853286231e-03
5,-8.4160833401e-02,4.5702460134e-02,3.0172240129e-03
6,-8.5523713956e-02,4.8462680918e-02,3.1297339195e-03
7,-8.6956248483e-02,5.1302985707e-02,3.2226648605e-03

Region 3 (8 circles):
Circle_Index,Center_X,Center_Y,Radius
0,-8.8444844040e-02,5.4208013651e-02,3.2958819921e-03
1,-8.9975907684e-02,5.7162403901e-02,3.3492929104e-03
2,-9.1535846473e-02,6.0150795608e-02,3.3828375707e-03
3,-9.3111067465e-02,6.3157827923e-02,3.3964821830e-03
4,-9.4687977717e-02,6.6168139997e-02,3.3902159037e-03
5,-9.6252984287e-02,6.9166370981e-02,3.3640497186e-03
6,-9.7792494232e-02,7.2137160025e-02,3.3180173148e-03
7,-9.9292914610e-02,7.5065146280e-02,3.2521780797e-03

Region 4 (8 circles):
Circle_Index,Center_X,Center_Y,Radius
0,-1.0074065248e-01,7.7934968897e-02,3.1666227398e-03
1,-1.0212211490e-01,8.0731267027e-02,3.0614826787e-03
2,-1.0342370892e-01,8.3438679820e-02,2.9369448079e-03
3,-1.0463184161e-01,8.6041846428e-02,2.7932753408e-03
4,-1.0573292001e-01,8.8525406001e-02,2.6308585690e-03
5,-1.0671335120e-01,9.0873997690e-02,2.4502621592e-03
6,-1.0755954222e-01,9.3072260646e-02,2.2523517461e-03
7,-1.0825790014e-01,9.5104834019e-02,2.0385023464e-03

Region 5 (8 circles):
Circle_Index,Center_X,Center_Y,Radius
0,-1.0879483200e-01,9.6956356961e-02,1.8110117532e-03
1,-1.0915674488e-01,9.8611468623e-02,1.5739623209e-03
2,-1.0933004582e-01,1.0005480815e-01,1.3351281687e-03
3,-1.0930114189e-01,1.0127101471e-01,1.1102698566e-03
4,-1.0905644014e-01,1.0224472743e-01,9.3130142365e-04
5,-1.0858234763e-01,1.0296058548e-01,8.5065281361e-04
6,-1.0786527141e-01,1.0340322800e-01,9.1422968597e-04
7,-1.0689161855e-01,1.0355729414e-01,1.1192929567e-03

Region 6 (8 circles):
Circle_Index,Center_X,Center_Y,Radius
0,-1.0564779610e-01,1.0340742306e-01,1.4254144728e-03
1,-1.0412021113e-01,1.0293825391e-01,2.5303827394e-03
2,-1.0088886558e-01,1.0169363254e-01,3.4982903023e-03
3,-9.7605161516e-02,1.0038779689e-01,3.5684288303e-03
4,-9.4270973350e-02,9.9022134551e-02,3.6366856771e-03
5,-9.0888175497e-02,9.7598033143e-02,3.7030231466e-03
6,-8.7458642374e-02,9.6116880274e-02,3.7674076375e-03
7,-8.3984248397e-02,9.4580063556e-02,3.8298091184e-03

Region 7 (7 circles):
Circle_Index,Center_X,Center_Y,Radius
0,-8.0466867980e-02,9.2988970600e-02,3.8902006803e-03
1,-7.6908375541e-02,9.1344989018e-02,3.9485581533e-03
2,-7.3310645494e-02,8.9649506419e-02,4.0048597775e-03
3,-6.9675552257e-02,8.7903910416e-02,4.0590859206e-03
4,-6.6004970244e-02,8.6109588618e-02,4.1112188327e-03
5,-6.2300773872e-02,8.4267928638e-02,4.1612424349e-03
6,-5.8564837557e-02,8.2380318086e-02,4.2091421353e-03

Region 8 (7 circles):
Circle_Index,Center_X,Center_Y,Radius
0,-5.4799035713e-02,8.0448144574e-02,4.2549046690e-03
1,-5.1005242758e-02,7.8472795712e-02,4.2985179581e-03
2,-4.7185333107e-02,7.6455659111e-02,4.3399709897e-03
3,-4.3341181177e-02,7.4398122383e-02,4.3792537081e-03
4,-3.9474661382e-02,7.2301573138e-02,4.4163569212e-03
5,-3.5587648138e-02,7.0167398988e-02,4.4512722166e-03
6,-3.1682015863e-02,6.7996987544e-02,4.4839918890e-03

Region 9 (7 circles):
Circle_Index,Center_X,Center_Y,Radius
0,-2.7759638971e-02,6.5791726416e-02,4.5145088752e-03
1,-2.3822391878e-02,6.3553003216e-02,4.5428166966e-03
2,-1.9872149001e-02,6.1282205555e-02,4.5689094083e-03
3,-1.5910784754e-02,5.8980721044e-02,4.5927815544e-03
4,-1.1940173555e-02,5.6649937293e-02,4.6144281275e-03
5,-7.9621898188e-03,5.4291241915e-02,4.6338445334e-03
6,-3.9787079612e-03,5.1906022520e-02,4.6510265592e-03

Region 10 (7 circles):
Circle_Index,Center_X,Center_Y,Radius
0,8.3976017984e-06,4.9495666718e-02,4.6659703455e-03
1,3.9972524542e-03,4.7061562122e-02,4.6786723610e-03
2,7.9859821803e-03,4.4605096342e-02,4.6891293809e-03
3,1.1972712364e-02,4.2127656989e-02,4.6973384669e-03
4,1.5955568590e-02,3.9630631675e-02,4.7032969504e-03
5,1.9932676441e-02,3.7115408010e-02,4.7070024170e-03
6,2.3902161503e-02,3.4583373605e-02,4.7084526935e-03

Region 11 (7 circles):
Circle_Index,Center_X,Center_Y,Radius
0,2.7862149359e-02,3.2035916071e-02,4.7076458365e-03
1,3.1810765593e-02,2.9474423021e-02,4.7045801230e-03
2,3.5746135790e-02,2.6900282063e-02,4.6992540417e-03
3,3.9666385533e-02,2.4314880810e-02,4.6916662870e-03
4,4.3569640407e-02,2.1719606873e-02,4.6818157537e-03
5,4.7454025996e-02,1.9115847863e-02,4.6697015329e-03
6,5.1317667883e-02,1.6504991390e-02,4.6553229103e-03

Region 12 (7 circles):
Circle_Index,Center_X,Center_Y,Radius
0,5.5158691654e-02,1.3888425066e-02,4.6386793647e-03
1,5.8975222892e-02,1.1267536502e-02,4.6197705687e-03
2,6.2765387182e-02,8.6437133089e-03,4.5985963907e-03
3,6.6527310106e-02,6.0183430976e-03,4.5751568980e-03
4,7.0259117251e-02,3.3928134794e-03,4.5494523621e-03
5,7.3958934199e-02,7.6851206522e-04,4.5214832650e-03
6,7.7624886535e-02,-1.8531735339e-03,4.4912503079e-03

Region 13 (7 circles):
Circle_Index,Center_X,Center_Y,Radius
0,8.1255099843e-02,-4.4708557068e-03,4.4587544218e-03
1,8.4847699707e-02,-7.0831468425e-03,4.4239967798e-03
2,8.8400811711e-02,-9.6886593299e-03,4.3869788120e-03
3,9.1912561439e-02,-1.2286005558e-02,4.3477022240e-03
4,9.5381074476e-02,-1.4873797916e-02,4.3061690169e-03
5,9.8804476405e-02,-1.7450648792e-02,4.2623815116e-03
6,1.0218089281e-01,-2.0015170576e-02,4.2163423778e-03

Region 14 (7 circles):
Circle_Index,Center_X,Center_Y,Radius
0,1.0550844928e-01,-2.2565975656e-02,4.1680546657e-03
1,1.0878527139e-01,-2.5101676422e-02,4.1175218447e-03
2,1.1200948473e-01,-2.7620885262e-02,4.0647478473e-03
3,1.1517921489e-01,-3.0122214566e-02,4.0097371205e-03
4,1.1829258744e-01,-3.2604276722e-02,3.9524946850e-03
5,1.2134772797e-01,-3.5065684119e-02,3.8930262050e-03
6,1.2434276207e-01,-3.7505049146e-02,3.8313380693e-03

Region 15 (7 circles):
Circle_Index,Center_X,Center_Y,Radius
0,1.2727581532e-01,-3.9920984192e-02,3.7674374861e-03
1,1.3014501330e-01,-4.2312101646e-02,3.7013325948e-03
2,1.3294848160e-01,-4.4677013898e-02,3.6330325973e-03
3,1.3568434580e-01,-4.7014333335e-02,3.5625479138e-03
4,1.3835073149e-01,-4.9322672347e-02,3.4898903679e-03
5,1.4094576424e-01,-5.1600643323e-02,3.4150734067e-03
6,1.4346756966e-01,-5.3846858652e-02,2.3591319525e-03

Region 16 (7 circles):
Circle_Index,Center_X,Center_Y,Radius
0,1.4437773380e-01,-5.4831871245e-02,1.2117240128e-03
1,1.4489177330e-01,-5.5784320958e-02,1.0062119301e-03
2,1.4503160412e-01,-5.6703862858e-02,9.2075604760e-04
3,1.4481914221e-01,-5.7590152017e-02,9.6110949200e-04
4,1.4427630353e-01,-5.8442843502e-02,1.0959732923e-03
5,1.4342500404e-01,-5.9261592384e-02,1.2815897080e-03
6,1.4228715968e-01,-6.0046053732e-02,1.4861952434e-03

Region 17 (7 circles):
Circle_Index,Center_X,Center_Y,Radius
0,1.4088468642e-01,-6.0795882615e-02,1.6920594504e-03
1,1.3923950021e-01,-6.1510734103e-02,1.8898221762e-03
2,1.3737351700e-01,-6.2190263265e-02,2.0743916217e-03
3,1.3530865276e-01,-6.2834125171e-02,2.2428470560e-03
4,1.3306682343e-01,-6.3441974891e-02,2.3934210065e-03
5,1.3066994497e-01,-6.4013467493e-02,2.5249917319e-03
6,1.2813993334e-01,-6.4548258047e-02,2.6368178035e-03

Region 18 (7 circles):
Circle_Index,Center_X,Center_Y,Radius
0,1.2549870448e-01,-6.5046001622e-02,2.7283922381e-03
1,1.2276817437e-01,-6.5506353289e-02,2.7993585797e-03
2,1.1997025895e-01,-6.5928968116e-02,2.8494606463e-03
3,1.1712687417e-01,-6.6313501173e-02,2.8785114124e-03
4,1.1425993600e-01,-6.6659607529e-02,2.8863732422e-03
5,1.1139136038e-01,-6.6966942254e-02,2.8729451615e-03
6,1.0854306328e-01,-6.7235160417e-02,2.8381547237e-03

Region 19 (7 circles):
Circle_Index,Center_X,Center_Y,Radius
0,1.0573696064e-01,-6.7463917087e-02,2.7819531068e-03
1,1.0299496843e-01,-6.7652867335e-02,2.7043127595e-03
2,1.0033900260e-01,-6.7801666229e-02,2.6052274447e-03
3,9.7790979097e-02,-6.7909968839e-02,2.4847150877e-03
4,9.5372813887e-02,-6.7977430235e-02,2.3428246541e-03
5,9.3106422922e-02,-6.8003705485e-02,2.1796498215e-03
6,9.1013722156e-02,-6.7988449660e-02,1.9953555316e-03

Region 20 (7 circles):
Circle_Index,Center_X,Center_Y,Radius
0,8.9116627546e-02,-6.7931317828e-02,1.7902315811e-03
1,8.7437055045e-02,-6.7831965059e-02,1.5648093632e-03
2,8.5996920610e-02,-6.7690046424e-02,1.8418927638e-03
3,8.3777984766e-02,-6.7408905900e-02,2.2895329464e-03
4,8.1455477087e-02,-6.7104353935e-02,2.3931388780e-03
5,7.9033665406e-02,-6.6776615450e-02,2.4925254866e-03
6,7.6516817556e-02,-6.6425915369e-02,2.5876921259e-03

Region 21 (7 circles):
Circle_Index,Center_X,Center_Y,Radius
0,7.3909201368e-02,-6.6052478616e-02,2.6786387572e-03
1,7.1215084676e-02,-6.5656530113e-02,2.7653658436e-03
2,6.8438735310e-02,-6.5238294784e-02,2.8478742767e-03
3,6.5584421105e-02,-6.4797997552e-02,2.9261653254e-03
4,6.2656409892e-02,-6.4335863340e-02,3.0002406020e-03
5,5.9658969504e-02,-6.3852117072e-02,3.0701020403e-03
6,5.6596367773e-02,-6.3346983671e-02,3.1357518835e-03

Region 22 (7 circles):
Circle_Index,Center_X,Center_Y,Radius
0,5.3472872532e-02,-6.2820688059e-02,3.1971926800e-03
1,5.0292751612e-02,-6.2273455161e-02,3.2544272856e-03
2,4.7060272847e-02,-6.1705509900e-02,3.3074588710e-03
3,4.3779704068e-02,-6.1117077198e-02,3.3562909351e-03
4,4.0455313108e-02,-6.0508381979e-02,3.4009273222e-03
5,3.7091367800e-02,-5.9879649166e-02,3.4413722447e-03
6,3.3692135976e-02,-5.9231103682e-02,3.4776303102e-03

Region 23 (7 circles):
Circle_Index,Center_X,Center_Y,Radius
0,3.0261885468e-02,-5.8562970452e-02,3.5097065538e-03
1,2.6804884108e-02,-5.7875474397e-02,3.5376064755e-03
2,2.3325399730e-02,-5.7168840441e-02,3.5613360843e-03
3,1.9827700165e-02,-5.6443293508e-02,3.5809019482e-03
4,1.6316053246e-02,-5.5699058520e-02,3.5963112520e-03
5,1.2794726805e-02,-5.4936360401e-02,3.6075718633e-03
6,9.2679886744e-03,-5.4155424075e-02,3.6146924087e-03

Region 24 (7 circles):
Circle_Index,Center_X,Center_Y,Radius
0,5.7401066871e-03,-5.3356474463e-02,3.6176823608e-03
1,2.2153486752e-03,-5.2539736490e-02,3.6165521382e-03
2,-1.3020175289e-03,-5.1705435079e-02,3.6113132210e-03
3,-4.8077240929e-03,-5.0853795153e-02,3.6019782835e-03
4,-8.2975031843e-03,-4.9985041635e-02,3.5885613480e-03
5,-1.1767086971e-02,-4.9099399449e-02,3.5710779636e-03
6,-1.5212207620e-02,-4.8197093518e-02,3.5495454132e-03

Region 25 (7 circles):
Circle_Index,Center_X,Center_Y,Radius
0,-1.8628597299e-02,-4.7278348764e-02,3.5239829565e-03
1,-2.2011988176e-02,-4.6343390112e-02,3.4944121132e-03
2,-2.5358112419e-02,-4.5392442484e-02,3.4608569978e-03
3,-2.8662702194e-02,-4.4425730804e-02,3.4233447127e-03
4,-3.1921489671e-02,-4.3443479995e-02,3.3819058163e-03
5,-3.5130207015e-02,-4.2445914980e-02,3.3365748783e-03
6,-3.8284586396e-02,-4.1433260682e-02,3.2873911455e-03

Region 26 (7 circles):
Circle_Index,Center_X,Center_Y,Radius
0,-4.1380359979e-02,-4.0405742025e-02,3.2343993398e-03
1,-4.4413259935e-02,-3.9363583932e-02,3.1776506236e-03
2,-4.7379018428e-02,-3.8307011326e-02,3.1172037689e-03
3,-5.0273367628e-02,-3.7236249131e-02,3.0531265854e-03
4,-5.3092039702e-02,-3.6151522269e-02,2.9854976699e-03
5,-5.5830766818e-02,-3.5053055664e-02,2.9144085645e-03
6,-5.8485281142e-02,-3.3941074239e-02,2.8399664320e-03

Region 27 (7 circles):
Circle_Index,Center_X,Center_Y,Radius
0,-6.1051314844e-02,-3.2815802917e-02,2.7622973934e-03
1,-6.3524600089e-02,-3.1677466622e-02,2.6815507122e-03
2,-6.5900869047e-02,-3.0526290277e-02,2.5979040718e-03
3,-6.8175853884e-02,-2.9362498804e-02,2.5115702659e-03
4,-7.0345286768e-02,-2.8186317128e-02,2.4228057185e-03
5,-7.2404899867e-02,-2.6997970172e-02,1.8897293240e-03
6,-7.3544937166e-02,-2.6182605583e-02,1.4044102814e-03

Region 28 (7 circles):
Circle_Index,Center_X,Center_Y,Radius
0,-7.4543271093e-02,-2.5190851026e-02,1.4259118284e-03
1,-7.5407967593e-02,-2.4033612664e-02,1.4751611849e-03
2,-7.6147092612e-02,-2.2721796662e-02,1.5441923527e-03
3,-7.6768712093e-02,-2.1266309182e-02,1.6257338831e-03
4,-7.7280891982e-02,-1.9678056389e-02,1.7137783838e-03
5,-7.7691698223e-02,-1.7967944448e-02,1.8036487749e-03
6,-7.8009196761e-02,-1.6146879521e-02,1.8918178544e-03

Region 29 (7 circles):
Circle_Index,Center_X,Center_Y,Radius
0,-7.8241453541e-02,-1.4225767774e-02,1.9756628964e-03
1,-7.8396534508e-02,-1.2215515370e-02,2.0532405055e-03
2,-7.8482505606e-02,-1.0127028473e-02,2.1231074764e-03
3,-7.8507432780e-02,-7.9712132465e-03,2.1841872792e-03
4,-7.8479381974e-02,-5.7589758555e-03,2.2356736311e-03
5,-7.8406419135e-02,-3.5012224636e-03,2.2769618987e-03
6,-7.8296610205e-02,-1.2088592348e-03,2.3076007050e-03
