Region Metadata for: shape_50.txt
================================================================================

REGION DEFINITION: Circle union (one circle per point)
  Each point gets a circle with radius = average distance to neighbors

Total vertices: 221
Number of regions: 30
Points per region:
  Region 0: 8 points
  Region 1: 8 points
  Region 2: 8 points
  Region 3: 8 points
  Region 4: 8 points
  Region 5: 8 points
  Region 6: 8 points
  Region 7: 8 points
  Region 8: 8 points
  Region 9: 8 points
  Region 10: 8 points
  Region 11: 7 points
  Region 12: 7 points
  Region 13: 7 points
  Region 14: 7 points
  Region 15: 7 points
  Region 16: 7 points
  Region 17: 7 points
  Region 18: 7 points
  Region 19: 7 points
  Region 20: 7 points
  Region 21: 7 points
  Region 22: 7 points
  Region 23: 7 points
  Region 24: 7 points
  Region 25: 7 points
  Region 26: 7 points
  Region 27: 7 points
  Region 28: 7 points
  Region 29: 7 points

REGION SUMMARY:
Region_Index,Num_Points,BBox_Min_X,BBox_Max_X,BBox_Min_Y,BBox_Max_Y,Normal_X,Normal_Y,Tangent_X,Tangent_Y,Fitted_Circle_X,Fitted_Circle_Y,Fitted_Circle_Radius,Local_AoA_Rad,Union_Area,Collection_Area
0,8,-8.4191864465e-02,-4.8527731241e-02,-3.1418343396e-03,1.6973038174e-02,-0.3949003833,-0.9187239451,-0.9187239451,0.3949003833,-3.1401830708e+00,-7.1592504904e+00,-7.7975703087e+00,-1.16483691e+00,2.96134255e-04,1.48055649e-04
1,8,-1.1300569385e-01,-7.9600741151e-02,1.0198473794e-02,3.0516519566e-02,-0.4364024742,-0.8997515660,-0.8997515660,0.4364024742,4.1769775437e-02,3.0657119105e-01,3.1798554218e-01,-1.11919990e+00,2.68709292e-04,1.35169114e-04
2,8,-1.3342345767e-01,-1.0880264329e-01,2.4923394437e-02,4.5102078985e-02,-0.6025542465,-0.7980779286,-0.7980779286,0.6025542465,-7.3727831066e-02,9.9243731102e-02,8.0540406112e-02,-9.24098573e-01,1.76588153e-04,9.00229952e-05
3,8,-1.4029283114e-01,-1.2970142078e-01,4.1666537339e-02,6.2571105220e-02,-0.9458253936,-0.3246757225,-0.3246757225,0.9458253936,-1.1625236996e-01,5.8884004578e-02,2.1664958206e-02,-3.30668857e-01,1.01160821e-04,5.32018914e-05
4,8,-1.3983960733e-01,-1.2414562575e-01,6.0139818385e-02,8.0756335058e-02,-0.8285809880,0.5598692225,0.5598692225,0.8285809880,-1.0881262893e-01,5.3984450495e-02,2.9951994748e-02,5.94227959e-01,1.19089033e-04,6.20397746e-05
5,8,-1.2796186216e-01,-9.9077225544e-02,7.6506357225e-02,9.5825676603e-02,-0.4891793775,0.8721832013,0.8721832013,0.4891793775,-6.5942659637e-02,-1.7428608837e-04,9.9225257293e-02,1.05964771e+00,2.12096620e-04,1.07963474e-04
6,8,-1.0333673402e-01,-6.7007472179e-02,8.9389498733e-02,1.0624030416e-01,-0.2918510763,0.9564637731,0.9564637731,0.2918510763,-2.6940673958e-02,-9.3998624841e-02,2.0089926898e-01,1.27463473e+00,2.89251336e-04,1.46099791e-04
7,8,-7.1396210766e-02,-3.4099666261e-02,9.8585498665e-02,1.1106516072e-01,-0.1429217718,0.9897339881,0.9897339881,0.1429217718,-2.0917703797e-02,-1.1403916572e-01,2.2177459199e-01,1.42738346e+00,2.89218385e-04,1.45994367e-04
8,8,-3.8064765613e-02,-6.3621573925e-03,1.0335644105e-01,1.1130338593e-01,0.0355288797,0.9993686501,0.9993686501,-0.0355288797,-2.5963613642e-02,-1.6480563628e-02,1.2404767928e-01,1.60633269e+00,2.07383993e-04,1.05169366e-04
9,8,-9.4130312640e-03,1.4495691874e-02,9.5268598027e-02,1.0884794504e-01,0.3867867542,0.9221691856,0.9221691856,-0.3867867542,-1.6093998546e-02,5.8565422531e-02,4.8343395663e-02,1.96794092e+00,1.33839837e-04,6.83562358e-05
10,8,1.0741115359e-02,3.8799616355e-02,7.6743886294e-02,1.0002913618e-01,0.6095436761,0.7927524878,0.7927524878,-0.6095436761,-9.3063649988e-02,-6.3658662076e-02,1.9287154943e-01,2.22628117e+00,2.30052096e-04,1.16013912e-04
11,7,3.3631637412e-02,6.1285066604e-02,5.5102833814e-02,8.2271697171e-02,0.6978635200,0.7162307641,0.7162307641,-0.6978635200,-1.8902044484e-01,-1.7350207296e-01,3.3875417614e-01,2.34320652e+00,2.82661696e-04,1.42148276e-04
12,7,5.5234202399e-02,8.3184791486e-02,3.0176035529e-02,6.0956949449e-02,0.7553282656,0.6553466343,0.6553466343,-0.7553282656,-2.4313175243e-01,-2.2527673995e-01,4.1365140471e-01,2.42695121e+00,3.24990040e-04,1.63424192e-04
13,7,7.6621199727e-02,1.0287411926e-01,3.6455453513e-03,3.5994495666e-02,0.8061741855,0.5916782762,0.5916782762,-0.8061741855,-2.2143512194e-01,-2.0871890944e-01,3.8636256150e-01,2.50845362e+00,3.27486081e-04,1.64782528e-04
14,7,9.6166399591e-02,1.1874323950e-01,-2.2821444131e-02,9.0679477974e-03,0.8593451208,0.5113960925,0.5113960925,-0.8593451208,-1.3463396273e-01,-1.5133557419e-01,2.8229303410e-01,2.60478405e+00,2.90979719e-04,1.46618760e-04
15,7,1.1222797213e-01,1.2921105111e-01,-4.7586449644e-02,-1.8123482126e-02,0.9208423526,0.3899350737,0.3899350737,-0.9208423526,-2.7536490793e-02,-9.6172649231e-02,1.6178709231e-01,2.74103157e+00,2.25039262e-04,1.13892651e-04
16,7,1.2313107571e-01,1.3278332288e-01,-6.9097857810e-02,-4.3847570299e-02,0.9854373943,0.1700386484,0.1700386484,-0.9854373943,5.7300476508e-02,-6.9184124413e-02,7.2685920700e-02,2.97072377e+00,1.50304342e-04,7.67470880e-05
17,7,1.2154458258e-01,1.3238171485e-01,-8.3438480954e-02,-6.6540796908e-02,0.8978527071,-0.4402959417,-0.4402959417,-0.8978527071,1.1214866787e-01,-6.7634374711e-02,1.7814191668e-02,-2.68566440e+00,7.94780676e-05,4.19159934e-05
18,7,1.0296661066e-01,1.2477318197e-01,-9.4875004466e-02,-8.0035812733e-02,0.4874606322,-0.8731449662,-0.8731449662,-0.4874606322,8.6241587104e-02,-3.6507983238e-02,5.8505169275e-02,-2.07997541e+00,1.34671180e-04,6.89742591e-05
19,7,7.7035724406e-02,1.0665318223e-01,-1.0260218257e-01,-8.9161272449e-02,0.2577128465,-0.9662215526,-0.9662215526,-0.2577128465,5.1972619376e-02,5.5343718533e-02,1.5663021755e-01,-1.83145067e+00,2.11775164e-04,1.07075469e-04
20,7,4.8236619053e-02,8.1159332171e-02,-1.0659054377e-01,-9.5234783264e-02,0.1256180561,-0.9920786783,-0.9920786783,-0.1256180561,3.1861251449e-02,1.5915285040e-01,2.6239746620e-01,-1.69674712e+00,2.50804874e-04,1.26341579e-04
21,7,2.0882631853e-02,5.2377564300e-02,-1.0724321262e-01,-9.8625636440e-02,0.0225531049,-0.9997456464,-0.9997456464,-0.0225531049,3.0345330104e-02,1.6415495935e-01,2.6749756721e-01,-1.59335134e+00,2.27128899e-04,1.14356966e-04
22,7,-7.6697630491e-04,2.4530803179e-02,-1.0675500853e-01,-9.8560522413e-02,-0.0992107746,-0.9950664411,-0.9950664411,0.0992107746,2.5466706649e-02,4.0108730418e-02,1.4333142779e-01,-1.47142208e+00,1.48949192e-04,7.52789291e-05
23,7,-1.1101820536e-02,1.8946569988e-03,-1.0327996981e-01,-9.3833475606e-02,-0.5125026939,-0.8586856169,-0.8586856169,0.5125026939,-8.1761874665e-04,-9.0655616248e-02,9.9863612162e-03,-1.03269950e+00,5.35478647e-05,2.82295071e-05
24,7,-2.8157366715e-02,1.0620009034e-02,-1.0266153475e-01,-3.5952065153e-02,-0.9968284470,0.0795804448,0.0795804448,0.9968284470,8.9820391058e-02,-8.0965368211e-02,1.0085135736e-01,7.96646829e-02,1.88084445e-03,9.83032293e-04
25,7,-4.1891207262e-02,2.0256331963e-02,-1.1396695373e-01,-2.3761818552e-02,0.9887254423,-0.1497397732,-0.1497397732,-0.9887254423,1.7886894832e+00,-3.0413099117e-01,-1.8131268003e+00,-2.99128758e+00,4.26533457e-03,2.39265240e-03
26,7,-3.3078805398e-02,2.1110768011e-02,-9.8429254077e-02,-1.7655637701e-02,-0.9989205009,0.0464524792,0.0464524792,0.9989205009,-6.6818890993e-01,2.6000788196e-02,-6.6581733513e-01,4.64692016e-02,3.32763724e-03,1.59648150e-03
27,7,-1.1184412508e-02,-3.3030847714e-03,-3.9263074655e-02,-2.3059746408e-02,-0.9620991599,-0.2726998468,-0.2726998468,0.9620991599,-2.5650441347e-02,-3.5955684823e-02,-1.9849962781e-02,-2.76198124e-01,6.63609933e-05,3.16439652e-05
28,7,-2.8617386015e-02,-8.1521899185e-03,-2.5903150748e-02,-9.1293841458e-03,-0.5972530892,-0.8020528333,-0.8020528333,0.5972530892,-5.9222925570e-02,-7.3677138761e-02,-6.9935995960e-02,-9.30724453e-01,1.33834645e-04,6.55689250e-05
29,7,-5.2992076773e-02,-2.4679972662e-02,-1.4357291762e-02,3.4161154200e-03,-0.4404347521,-0.8977846229,-0.8977846229,0.4404347521,-1.5788877123e-01,-2.4955256483e-01,-2.7168848689e-01,-1.11471346e+00,2.15555872e-04,1.06936581e-04

DETAILED CIRCLE DATA:

Region 0 (8 circles):
Circle_Index,Center_X,Center_Y,Radius
0,-5.2669626937e-02,1.0000613568e-03,4.1418956964e-03
1,-5.6489643926e-02,2.6669443310e-03,4.1886677737e-03
2,-6.0355139078e-02,4.3335757338e-03,4.2250971742e-03
3,-6.4254009114e-02,6.0016523381e-03,4.2511135545e-03
4,-6.8174150756e-02,7.6728709172e-03,4.2666774925e-03
5,-7.2103460724e-02,9.3489282440e-03,4.2717785780e-03
6,-7.6029835740e-02,1.1031521092e-02,4.2664346251e-03
7,-7.9941172525e-02,1.2722346234e-02,4.2506919405e-03

Region 1 (8 circles):
Circle_Index,Center_X,Center_Y,Radius
0,-8.3825367799e-02,1.4423100443e-02,4.2246266487e-03
1,-8.7670318285e-02,1.6135480492e-02,4.1883471393e-03
2,-9.1463920702e-02,1.7861183154e-02,4.1419977769e-03
3,-9.5194071772e-02,1.9601905203e-02,4.0857640914e-03
4,-9.8848668217e-02,2.1359343412e-02,4.0198797691e-03
5,-1.0241560676e-01,2.3135194553e-02,3.9446358861e-03
6,-1.0588278411e-01,2.4931155400e-02,3.8603929905e-03
7,-1.0923809701e-01,2.6748922726e-02,3.7675968394e-03

Region 2 (8 circles):
Circle_Index,Center_X,Center_Y,Radius
0,-1.1246944216e-01,2.8590193304e-02,3.6667988672e-03
1,-1.1556471629e-01,3.0456663907e-02,3.5586827834e-03
2,-1.1851181612e-01,3.2350031309e-02,3.4440990897e-03
3,-1.2129863838e-01,3.4271992281e-02,3.3241097114e-03
4,-1.2391307977e-01,3.6224243599e-02,3.2000452530e-03
5,-1.2634303703e-01,3.8208482033e-02,3.0735773456e-03
6,-1.2857640688e-01,4.0226404359e-02,2.9468075854e-03
7,-1.3060108603e-01,4.2279707348e-02,2.8223716366e-03

Region 3 (8 circles):
Circle_Index,Center_X,Center_Y,Radius
0,-1.3240497121e-01,4.4370087774e-02,2.7035504349e-03
1,-1.3397595914e-01,4.6499242410e-02,2.5943678621e-03
2,-1.3530194654e-01,4.8668868030e-02,2.4996343806e-03
3,-1.3637083012e-01,5.0880661405e-02,2.4248724380e-03
4,-1.3717050662e-01,5.3136319310e-02,2.3760470257e-03
5,-1.3768887275e-01,5.5437538518e-02,2.3590530298e-03
6,-1.3791382524e-01,5.7786015800e-02,2.3790059022e-03
7,-1.3783326080e-01,6.0183447932e-02,2.3876572884e-03

Region 4 (8 circles):
Circle_Index,Center_X,Center_Y,Radius
0,-1.3745047819e-01,6.2528947526e-02,2.3891291406e-03
1,-1.3677354135e-01,6.4833304108e-02,2.4292101389e-03
2,-1.3581422783e-01,6.7094951526e-02,2.4961610325e-03
3,-1.3458431521e-01,6.9312323626e-02,2.5842381293e-03
4,-1.3309558105e-01,7.1483854255e-02,2.6879933330e-03
5,-1.3135980293e-01,7.3607977260e-02,2.8025895996e-03
6,-1.2938875839e-01,7.5683126489e-02,2.9239204423e-03
7,-1.2719422502e-01,7.7707735788e-02,3.0485992698e-03

Region 5 (8 circles):
Circle_Index,Center_X,Center_Y,Radius
0,-1.2478798038e-01,7.9680239004e-02,3.1738817789e-03
1,-1.2218180203e-01,8.1599069984e-02,3.2975650384e-03
2,-1.1938746754e-01,8.3462662575e-02,3.4178875140e-03
3,-1.1641675447e-01,8.5269450624e-02,3.5334408529e-03
4,-1.1328144040e-01,8.7017867979e-02,3.6430966140e-03
5,-1.0999330289e-01,8.8706348485e-02,3.7459474336e-03
6,-1.0656411950e-01,9.0333325990e-02,3.8412606717e-03
7,-1.0300566781e-01,9.1897234341e-02,3.9284422616e-03

Region 6 (8 circles):
Circle_Index,Center_X,Center_Y,Radius
0,-9.9329725369e-02,9.3396507385e-02,4.0070086523e-03
1,-9.5548069756e-02,9.4829578969e-02,4.0765650690e-03
2,-9.1672478533e-02,9.6194882940e-02,4.1367886705e-03
3,-8.7714729268e-02,9.7490853145e-02,4.1874154942e-03
4,-8.3686599525e-02,9.8715923430e-02,4.2282303440e-03
5,-7.9599866872e-02,9.9868527643e-02,4.2590589784e-03
6,-7.5466308875e-02,1.0094709963e-01,4.2797621189e-03
7,-7.1297703100e-02,1.0195007324e-01,4.2902309211e-03

Region 7 (8 circles):
Circle_Index,Center_X,Center_Y,Radius
0,-6.7105827113e-02,1.0287588232e-01,4.2903836533e-03
1,-6.2902458481e-02,1.0372296071e-01,4.2801633988e-03
2,-5.8699374770e-02,1.0448974227e-01,4.2595366673e-03
3,-5.4508353546e-02,1.0517466083e-01,4.2284928556e-03
4,-5.0341172376e-02,1.0577615026e-01,4.1870445500e-03
5,-4.6209608826e-02,1.0629264438e-01,4.1352287187e-03
6,-4.2125440462e-02,1.0672257706e-01,4.0731089027e-03
7,-3.8100444851e-02,1.0706438213e-01,4.0007785904e-03

Region 8 (8 circles):
Circle_Index,Center_X,Center_Y,Radius
0,-3.4146399558e-02,1.0731649345e-01,3.9183660550e-03
1,-3.0275082151e-02,1.0747734486e-01,3.8260410679e-03
2,-2.6498270195e-02,1.0754537021e-01,3.7240240791e-03
3,-2.2827741257e-02,1.0751900334e-01,3.6125987174e-03
4,-1.9275272902e-02,1.0739667810e-01,3.4921288315e-03
5,-1.5852642699e-02,1.0717682835e-01,3.3630818328e-03
6,-1.2571628211e-02,1.0685788792e-01,3.2260608852e-03
7,-9.4440070072e-03,1.0643829066e-01,3.0818496147e-03

Region 9 (8 circles):
Circle_Index,Center_X,Center_Y,Radius
0,-6.4815566522e-03,1.0591647043e-01,2.9314746117e-03
1,-3.6960547128e-03,1.0529086106e-01,2.7762931482e-03
2,-1.0992787553e-03,1.0455989640e-01,2.6181161050e-03
3,1.2969936540e-03,1.0372201031e-01,2.4593782972e-03
4,3.4809849488e-03,1.0277563662e-01,2.6120277145e-03
5,6.0176311799e-03,1.0149001103e-01,2.9134752007e-03
6,8.6289721354e-03,1.0004783709e-01,3.0511743260e-03
7,1.1310271789e-02,9.8454018112e-02,3.1854200847e-03

Region 10 (8 circles):
Circle_Index,Center_X,Center_Y,Radius
0,1.4056794116e-02,9.6713457422e-02,3.3156787572e-03
1,1.6863803089e-02,9.4831058340e-02,3.4415255855e-03
2,1.9726562683e-02,9.2811724188e-02,3.5626198378e-03
3,2.2640336871e-02,9.0660358286e-02,3.6786861739e-03
4,2.5600389628e-02,8.8381863955e-02,3.7895006248e-03
5,2.8601984927e-02,8.5981144517e-02,3.8948799656e-03
6,3.1640386743e-02,8.3463103291e-02,3.9946735981e-03
7,3.4710859050e-02,8.0832643599e-02,4.0887573050e-03

Region 11 (7 circles):
Circle_Index,Center_X,Center_Y,Radius
0,3.7808665821e-02,7.8094668762e-02,4.1770284093e-03
1,4.0929071031e-02,7.5254082101e-02,4.2594019988e-03
2,4.4067338654e-02,7.2315786936e-02,4.3358079649e-03
3,4.7218732664e-02,6.9284686590e-02,4.4061886706e-03
4,5.0378517034e-02,6.6165684381e-02,4.4704971073e-03
5,5.3541955739e-02,6.2963683633e-02,4.5286954386e-03
6,5.6704312753e-02,5.9683587665e-02,4.5807538505e-03

Region 12 (7 circles):
Circle_Index,Center_X,Center_Y,Radius
0,5.9860852050e-02,5.6330299798e-02,4.6266496508e-03
1,6.3006837603e-02,5.2908723354e-02,4.6663665713e-03
2,6.6137533388e-02,4.9423761653e-02,4.6998942390e-03
3,6.9248203377e-02,4.5880318016e-02,4.7272277924e-03
4,7.2334111546e-02,4.2283295764e-02,4.7483676227e-03
5,7.5390521867e-02,3.8637598218e-02,4.7633192280e-03
6,7.8412698315e-02,3.4948128700e-02,4.7720931709e-03

Region 13 (7 circles):
Circle_Index,Center_X,Center_Y,Radius
0,8.1395904864e-02,3.1219790529e-02,4.7747051365e-03
1,8.4335405488e-02,2.7457487027e-02,4.7711760876e-03
2,8.7226464161e-02,2.3666121515e-02,4.7615325217e-03
3,9.0064344857e-02,1.9850597314e-02,4.7458068339e-03
4,9.2844311551e-02,1.6015817744e-02,4.7240377958e-03
5,9.5561628215e-02,1.2166686127e-02,4.6962711636e-03
6,9.8211558824e-02,8.3081057840e-03,4.6625604327e-03

Region 14 (7 circles):
Circle_Index,Center_X,Center_Y,Radius
0,1.0078936735e-01,4.4449800351e-03,4.6229677624e-03
1,1.0329031777e-01,5.8221220154e-04,4.5775650986e-03
2,1.0570967406e-01,-3.2752943956e-03,4.5264355333e-03
3,1.0804270019e-01,-7.1226364355e-03,4.4696749443e-03
4,1.1028466014e-01,-1.0954910597e-02,4.4073939747e-03
5,1.1243081787e-01,-1.4767213560e-02,4.3397204223e-03
6,1.1447643737e-01,-1.8554642002e-02,4.2668021286e-03

Region 15 (7 circles):
Circle_Index,Center_X,Center_Y,Radius
0,1.1641678261e-01,-2.2312292604e-02,4.1888104777e-03
1,1.1824711755e-01,-2.6035262043e-02,4.1059446433e-03
2,1.1996270618e-01,-2.9718647000e-02,4.0184367525e-03
3,1.2155881247e-01,-3.3357544152e-02,3.9265581772e-03
4,1.2303070040e-01,-3.6947050180e-02,3.8306272073e-03
5,1.2437363393e-01,-4.0482261763e-02,3.7310184140e-03
6,1.2558287704e-01,-4.3958275579e-02,3.6281740653e-03

Region 16 (7 circles):
Circle_Index,Center_X,Center_Y,Radius
0,1.2665369371e-01,-4.7370188307e-02,3.5226180074e-03
1,1.2758134791e-01,-5.0713096626e-02,3.4149724538e-03
2,1.2836110361e-01,-5.3982097217e-02,3.3059781104e-03
3,1.2898822479e-01,-5.7172286757e-02,3.1965179436e-03
4,1.2945797542e-01,-6.0278761925e-02,3.0876446101e-03
5,1.2976561948e-01,-6.3296619402e-02,2.9806109598e-03
6,1.2990642093e-01,-6.6220955865e-02,2.8769019448e-03

Region 17 (7 circles):
Circle_Index,Center_X,Center_Y,Radius
0,1.2987564376e-01,-6.9046867994e-02,2.5060710862e-03
1,1.2962487783e-01,-7.1218499980e-02,2.1768022248e-03
2,1.2906905115e-01,-7.3313564423e-02,2.1788134269e-03
3,1.2822059285e-01,-7.5332621181e-02,2.2188185197e-03
4,1.2709193208e-01,-7.7276230112e-02,2.2901965033e-03
5,1.2569549795e-01,-7.9144951073e-02,2.3858687894e-03
6,1.2404371961e-01,-8.0939343924e-02,2.4991370304e-03

Region 18 (7 circles):
Circle_Index,Center_X,Center_Y,Radius
0,1.2214902618e-01,-8.2659968521e-02,2.6241557886e-03
1,1.2002384681e-01,-8.4307384723e-02,2.7560840348e-03
2,1.1768061061e-01,-8.5882152388e-02,2.8910383408e-03
3,1.1513174673e-01,-8.7384831374e-02,3.0259576687e-03
4,1.1238968429e-01,-8.8815981538e-02,3.1584480535e-03
5,1.0946685244e-01,-9.0176162740e-02,3.2866399612e-03
6,1.0637568029e-01,-9.1465934836e-02,3.4090696309e-03

Region 19 (7 circles):
Circle_Index,Center_X,Center_Y,Radius
0,1.0312859699e-01,-9.2685857684e-02,3.5245852356e-03
1,9.9738031669e-02,-9.3836491143e-02,3.6322746118e-03
2,9.6216413455e-02,-9.4918395071e-02,3.7314103189e-03
3,9.2576171483e-02,-9.5932129326e-02,3.8214080836e-03
4,8.8829734885e-02,-9.6878253765e-02,3.9017953782e-03
5,8.4989532794e-02,-9.7757328247e-02,3.9721875999e-03
6,8.1067994344e-02,-9.8569912629e-02,4.0322699379e-03

Region 20 (7 circles):
Circle_Index,Center_X,Center_Y,Radius
0,7.7077548665e-02,-9.9316566770e-02,4.0817835062e-03
1,7.3030624891e-02,-9.9997850527e-02,4.1205146884e-03
2,6.8939652155e-02,-1.0061432376e-01,4.1482869240e-03
3,6.4817059589e-02,-1.0116654632e-01,4.1649543635e-03
4,6.0675276325e-02,-1.0165507808e-01,4.1703969773e-03
5,5.6526731497e-02,-1.0208047888e-01,4.1645168132e-03
6,5.2383854236e-02,-1.0244330859e-01,4.1472351830e-03

Region 21 (7 circles):
Circle_Index,Center_X,Center_Y,Radius
0,4.8259073676e-02,-1.0274412706e-01,4.1184906245e-03
1,4.4164818948e-02,-1.0298349416e-01,4.0782375420e-03
2,4.0113519186e-02,-1.0316196974e-01,4.0264454716e-03
3,3.6117603523e-02,-1.0328011365e-01,3.9630989658e-03
4,3.2189501089e-02,-1.0333848576e-01,3.8881981397e-03
5,2.8341641019e-02,-1.0333764593e-01,3.8017599796e-03
6,2.4586452445e-02,-1.0327815401e-01,3.7038205919e-03

Region 22 (7 circles):
Circle_Index,Center_X,Center_Y,Radius
0,2.0936364500e-02,-1.0316056985e-01,3.5944386796e-03
1,1.7403806315e-02,-1.0298545333e-01,3.4737006994e-03
2,1.4001207024e-02,-1.0275336429e-01,3.3417284015e-03
3,1.0740995759e-02,-1.0246486260e-01,3.1986898683e-03
4,7.6356016525e-03,-1.0212050811e-01,3.0448158330e-03
5,4.6974538375e-03,-1.0172086068e-01,2.8804242087e-03
6,1.9389814464e-03,-1.0126648016e-01,2.7059577514e-03

Region 23 (7 circles):
Circle_Index,Center_X,Center_Y,Radius
0,-6.2738638816e-04,-1.0075792643e-01,2.5220433870e-03
1,-2.9892205337e-03,-1.0019575932e-01,2.3295884089e-03
2,-5.1340918576e-03,-9.9580538713e-02,1.8764287502e-03
3,-6.5238220311e-03,-9.8961181497e-02,1.4982116171e-03
4,-7.6943720704e-03,-9.8063841086e-02,1.4913911494e-03
5,-8.6594848931e-03,-9.6905312992e-02,1.5549214299e-03
6,-9.4329034165e-03,-9.5502392726e-02,1.6689171194e-03

Region 24 (7 circles):
Circle_Index,Center_X,Center_Y,Radius
0,-1.0028370558e-02,-9.3871875798e-02,1.8134971664e-03
1,-1.0459629235e-02,-9.2030557719e-02,1.9728741744e-03
2,-1.0740422366e-02,-8.9995234000e-02,2.1359105146e-03
3,-1.0884492867e-02,-8.7782700153e-02,2.2951308483e-03
4,-1.0905583655e-02,-8.5409751687e-02,1.7251783060e-02
5,-6.9513957213e-03,-5.3523469908e-02,1.7571404755e-02
6,-6.5686775250e-03,-5.0535595880e-02,4.5415459278e-03

Region 25 (7 circles):
Circle_Index,Center_X,Center_Y,Radius
0,-7.3760492147e-03,-5.6552475450e-02,1.6317685389e-02
1,-1.0817437650e-02,-8.2893184115e-02,3.1073769612e-02
2,-6.2416375432e-03,-4.7605648875e-02,2.3843830323e-02
3,-7.8288950878e-03,-5.9605816994e-02,7.6005163845e-03
4,-8.2961904231e-03,-6.2666699029e-02,1.0417074139e-02
5,-1.0633797767e-02,-8.0249792946e-02,1.6194522789e-02
6,-8.7641923033e-03,-6.5718326045e-02,1.7901328483e-02

Region 26 (7 circles):
Circle_Index,Center_X,Center_Y,Radius
0,-5.9840186935e-03,-4.4750424406e-02,2.7094786705e-02
1,-1.0368406924e-02,-7.7496373693e-02,2.0932880384e-02
2,-9.2191578109e-03,-6.8743902530e-02,7.3947526909e-03
3,-1.0035008039e-02,-7.4649721865e-02,4.4552941520e-03
4,-9.6473440285e-03,-7.1726632974e-02,1.6467599204e-02
5,-5.8095638932e-03,-4.1986717982e-02,1.6321520140e-02
6,-5.7320160597e-03,-3.9331325115e-02,2.5935126457e-03

Region 27 (7 circles):
Circle_Index,Center_X,Center_Y,Radius
0,-5.7651181105e-03,-3.6801041316e-02,2.4620333391e-03
1,-5.9226129630e-03,-3.4412662095e-02,2.3213793821e-03
2,-6.2182435347e-03,-3.2182982964e-02,2.1757782105e-03
3,-6.6657527430e-03,-3.0128799434e-02,2.0313060720e-03
4,-7.2788835053e-03,-2.8266907015e-02,1.8966140648e-03
5,-8.0713787390e-03,-2.6614101218e-02,1.7836006744e-03
6,-9.0569813616e-03,-2.5187177555e-02,2.1274311466e-03

Region 28 (7 circles):
Circle_Index,Center_X,Center_Y,Radius
0,-1.0742432431e-02,-2.3312908235e-02,2.5902425130e-03
1,-1.2654910848e-02,-2.1464342082e-02,2.7312481640e-03
2,-1.4782313333e-02,-1.9639782325e-02,2.8742522995e-03
3,-1.7112536607e-02,-1.7837532190e-02,3.0164103704e-03
4,-1.9633477392e-02,-1.6055894904e-02,3.1555312916e-03
5,-2.2333032407e-02,-1.4293173693e-02,3.2899260422e-03
6,-2.5199098375e-02,-1.2547671785e-02,3.4182876396e-03

Region 29 (7 circles):
Circle_Index,Center_X,Center_Y,Radius
0,-2.8219572017e-02,-1.0817692407e-02,3.5395993551e-03
1,-3.1382350053e-02,-9.1015387850e-03,3.6530657705e-03
2,-3.4675329205e-02,-7.3975141463e-03,3.7580613867e-03
3,-3.8086406193e-02,-5.7039217177e-03,3.8540923883e-03
4,-4.1603477740e-02,-4.0190647263e-03,3.9407681632e-03
5,-4.5214440565e-02,-2.3412463988e-03,4.0177800397e-03
6,-4.8907191390e-02,-6.6876996213e-04,4.0848853821e-03
