Region Metadata for: shape_45.txt
================================================================================

REGION DEFINITION: Circle union (one circle per point)
  Each point gets a circle with radius = average distance to neighbors

Total vertices: 208
Number of regions: 30
Points per region:
  Region 0: 7 points
  Region 1: 7 points
  Region 2: 7 points
  Region 3: 7 points
  Region 4: 7 points
  Region 5: 7 points
  Region 6: 7 points
  Region 7: 7 points
  Region 8: 7 points
  Region 9: 7 points
  Region 10: 7 points
  Region 11: 7 points
  Region 12: 7 points
  Region 13: 7 points
  Region 14: 7 points
  Region 15: 7 points
  Region 16: 7 points
  Region 17: 7 points
  Region 18: 7 points
  Region 19: 7 points
  Region 20: 7 points
  Region 21: 7 points
  Region 22: 7 points
  Region 23: 7 points
  Region 24: 7 points
  Region 25: 7 points
  Region 26: 7 points
  Region 27: 7 points
  Region 28: 6 points
  Region 29: 6 points

REGION SUMMARY:
Region_Index,Num_Points,BBox_Min_X,BBox_Max_X,BBox_Min_Y,BBox_Max_Y,Normal_X,Normal_Y,Tangent_X,Tangent_Y,Fitted_Circle_X,Fitted_Circle_Y,Fitted_Circle_Radius,Local_AoA_Rad,Union_Area,Collection_Area
0,7,-2.4853079173e-02,-9.4136714764e-03,-1.4832604037e-03,1.9489131120e-02,-0.8483622217,0.5294162264,0.5294162264,0.8483622217,-6.1282659803e-02,3.6889760066e-02,-5.2959828456e-02,5.57912299e-01,1.28406645e-04,6.25998583e-05
1,7,-1.4576149009e-02,-2.9300950247e-03,1.6184315663e-02,4.4315319421e-02,-0.9776542382,0.2102193869,0.2102193869,0.9776542382,-1.2287622686e-01,5.4094370985e-02,-1.1679150407e-01,2.11799356e-01,1.88522884e-04,9.28697327e-05
2,7,-1.0417176307e-02,1.7270529106e-04,4.0292272398e-02,7.4276067832e-02,-0.9965603158,0.0828706043,0.0828706043,0.9965603158,-4.8148624839e-01,9.6332201280e-02,-4.7795942244e-01,8.29657514e-02,2.65629214e-04,1.32241671e-04
3,7,-8.4305211521e-03,2.1445303728e-03,6.9833491486e-02,1.0525288285e-01,-0.9978229898,0.0659490786,0.0659490786,0.9978229898,1.1949762426e+00,9.1059441460e-03,1.2007195533e+00,6.59969775e-02,2.87639559e-04,1.44077478e-04
4,7,-6.1580088685e-03,5.3811550099e-03,1.0089785320e-01,1.3327324485e-01,-0.9901819600,0.1397844273,0.1397844273,0.9901819600,2.1559647367e-01,8.7129602708e-02,2.1817746418e-01,1.40243701e-01,2.43780618e-04,1.22990143e-04
5,7,-1.2762755662e-03,1.2480642360e-02,1.2944042702e-01,1.5456692259e-01,-0.9331792981,0.3594111818,0.3594111818,0.9331792981,6.6298501126e-02,1.1934638139e-01,6.5331377188e-02,3.67636836e-01,1.61809063e-04,8.28208877e-05
6,7,8.2973485908e-03,2.6741242390e-02,1.5117558837e-01,1.6606387163e-01,-0.5860549017,0.8102713448,0.8102713448,0.5860549017,3.0686907193e-02,1.4063332511e-01,2.3667122584e-02,9.44614969e-01,1.08270663e-04,5.69450173e-05
7,7,2.4017714903e-02,4.0944196331e-02,1.5731761113e-01,1.6660898544e-01,0.3418833380,0.9397424026,0.9397424026,-0.3418833380,2.9455217478e-02,1.5252686470e-01,1.1651580108e-02,1.91971660e+00,7.81545194e-05,4.22163744e-05
8,7,3.7574159509e-02,4.6941636075e-02,1.3671202554e-01,1.5996657403e-01,0.9810390254,0.1938102954,0.1938102954,-0.9810390254,2.2105006529e-03,1.4143765457e-01,4.1113030923e-02,2.94654805e+00,1.31566238e-04,6.79579979e-05
9,7,3.6461706273e-02,4.7218833232e-02,1.0663556838e-01,1.4038777947e-01,0.9959284518,-0.0901472065,-0.0901472065,-0.9959284518,-1.5894877038e-01,1.4242052286e-01,2.0242884405e-01,-3.05132290e+00,2.63587962e-04,1.33124294e-04
10,7,3.0406498826e-02,4.5094770634e-02,7.3279583157e-02,1.1134646882e-01,0.9841375176,-0.1774072896,-0.1774072896,-0.9841375176,-7.2652285179e-01,2.3055234806e-01,7.7686508209e-01,-2.96324133e+00,3.39167888e-04,1.70013361e-04
11,7,2.5022736899e-02,3.9120051097e-02,4.2414459013e-02,7.8186569589e-02,0.9822349051,-0.1876555119,-0.1876555119,-0.9822349051,1.3630225411e+00,-1.9511039499e-01,-1.3555529781e+00,-2.95281795e+00,3.01097846e-04,1.50488408e-04
12,7,2.3429520441e-02,3.2524385384e-02,1.9707861389e-02,4.6561882733e-02,0.9939570942,-0.1097692803,-0.1097692803,-0.9939570942,1.7385323192e-01,1.5941060768e-02,-1.4773516590e-01,-3.03160173e+00,1.69943668e-04,8.40320228e-05
13,7,2.3794119306e-02,3.2337788490e-02,-9.8238132696e-04,2.2367285734e-02,0.9889058932,0.1485433755,0.1485433755,-0.9889058932,1.3680499243e-01,2.7782710339e-02,-1.1079253224e-01,2.99249751e+00,1.28645100e-04,6.34958559e-05
14,7,2.6159823843e-02,3.9497283785e-02,-2.7465680475e-02,2.5649620274e-03,0.9690906492,0.2467049121,0.2467049121,-0.9690906492,6.9390868773e-01,1.5665078146e-01,-6.8266955936e-01,2.89231406e+00,2.16582337e-04,1.08009194e-04
15,7,3.2299537967e-02,4.7126538871e-02,-5.6381492155e-02,-2.3194704981e-02,0.9683318956,0.2496664573,0.2496664573,-0.9683318956,-9.1988907483e-01,-2.8756094173e-01,9.9111163921e-01,2.88925686e+00,2.64201073e-04,1.32399709e-04
16,7,3.9550500995e-02,5.2440508194e-02,-8.4687426340e-02,-5.1991610140e-02,0.9824055044,0.1867603409,0.1867603409,-0.9824055044,-2.2901682239e-01,-1.2099703656e-01,2.8040410160e-01,2.95372923e+00,2.51197273e-04,1.26515710e-04
17,7,4.5072762009e-02,5.3395383078e-02,-1.0943997944e-01,-8.0728458057e-02,0.9997164416,0.0238125262,0.0238125262,-0.9997164416,-5.4249540847e-02,-9.8035859426e-02,1.0406285431e-01,3.11777788e+00,1.89680657e-04,9.64269904e-05
18,7,4.0374322866e-02,5.2244227632e-02,-1.2804070879e-01,-1.0619305949e-01,0.9358171917,-0.3524857214,-0.3524857214,-0.9358171917,1.3327586035e-02,-1.0517490479e-01,3.5963986067e-02,-2.78136667e+00,1.22494816e-04,6.35129105e-05
19,7,2.4302822472e-02,4.4020271231e-02,-1.3776198669e-01,-1.2476142745e-01,0.4639175266,-0.8858783937,-0.8858783937,-0.4639175266,2.3553495451e-02,-1.1036941640e-01,2.4683562710e-02,-2.05320863e+00,1.08859512e-04,5.70628585e-05
20,7,-1.5852200414e-04,2.7358054748e-02,-1.3897775667e-01,-1.3037936715e-01,-0.0526156939,-0.9986148350,-0.9986148350,0.0526156939,1.7816501194e-02,-6.4793403467e-02,7.0800571430e-02,-1.51815633e+00,1.75302265e-04,8.96915555e-05
21,7,-2.8039425288e-02,3.7699252524e-03,-1.3732844257e-01,-1.2175013354e-01,-0.2985588253,-0.9543912342,-0.9543912342,0.2985588253,3.3896111460e-02,1.6461262042e-02,1.5370875083e-01,-1.26761408e+00,2.48600447e-04,1.25913688e-04
22,7,-5.4900338176e-02,-2.3422628903e-02,-1.2870822074e-01,-1.0862278486e-01,-0.4501472120,-0.8929543591,-0.8929543591,0.4501472120,4.9517697343e-02,5.7428159581e-02,1.9755682284e-01,-1.10386614e+00,2.68040901e-04,1.35411386e-04
23,7,-7.6482512591e-02,-5.0136104477e-02,-1.1479472401e-01,-9.3476333032e-02,-0.5901380236,-0.8073023678,-0.8073023678,0.5901380236,1.9552205839e-02,1.0151146775e-02,1.4157196755e-01,-9.39566528e-01,2.17898295e-04,1.10319606e-04
24,7,-8.8706034789e-02,-7.2129974124e-02,-9.8048743562e-02,-7.8610955621e-02,-0.7846299406,-0.6199643992,-0.6199643992,0.7846299406,-4.1375777654e-02,-5.6370308813e-02,5.1272654767e-02,-6.68697330e-01,1.25473173e-04,6.44764770e-05
25,7,-9.0172441626e-02,-8.3834553525e-02,-8.1099977134e-02,-6.3618059035e-02,-0.9974442248,0.0714494116,0.0714494116,0.9974442248,-7.0889969476e-02,-7.3721740817e-02,1.7157633234e-02,7.15103434e-02,7.30046494e-05,3.85738123e-05
26,7,-8.7815236204e-02,-7.1242180076e-02,-6.6385306712e-02,-4.6021030127e-02,-0.8050247986,0.5932411597,0.5932411597,0.8050247986,-2.3441484114e-02,-9.8468365276e-02,7.0876787844e-02,6.35079058e-01,1.31678336e-04,6.72026613e-05
27,7,-7.5736164315e-02,-5.2401052449e-02,-5.0350183499e-02,-2.7711695947e-02,-0.6912186487,0.7226456806,0.7226456806,0.6912186487,1.5191810029e-01,-2.6567383106e-01,3.1326722873e-01,8.07622260e-01,1.99027397e-04,1.00041970e-04
28,6,-5.7256836850e-02,-3.5230830372e-02,-3.2849993604e-02,-1.2213498958e-02,-0.6702584347,0.7421277725,0.7421277725,0.6702584347,-1.0035249795e+00,1.0383739034e+00,-1.4289835620e+00,8.36239359e-01,1.89284820e-04,9.44933210e-05
29,6,-4.0019749711e-02,-2.0448599102e-02,-1.7189815486e-02,2.5717587419e-03,-0.7124338556,0.7017392688,0.7017392688,0.7124338556,-1.7155209113e-01,1.3252072507e-01,-1.9900563189e-01,7.77835876e-01,1.60946499e-04,7.96533252e-05

DETAILED CIRCLE DATA:

Region 0 (7 circles):
Circle_Index,Center_X,Center_Y,Radius
0,-2.1643008811e-02,1.7268099584e-03,3.2100703621e-03
1,-1.9669289860e-02,4.1824133296e-03,3.0873951990e-03
2,-1.7867144881e-02,6.6111368388e-03,2.9585891736e-03
3,-1.6251213506e-02,9.0106114640e-03,2.8256745265e-03
4,-1.4836135371e-02,1.1378468184e-02,2.6912931297e-03
5,-1.3636550109e-02,1.3712337976e-02,2.7993943967e-03
6,-1.2458847664e-02,1.6443954932e-02,3.0451761875e-03

Region 1 (7 circles):
Circle_Index,Center_X,Center_Y,Radius
0,-1.1389934057e-02,1.9370530616e-02,3.1862149524e-03
1,-1.0422903584e-02,2.2480404273e-02,3.3260817970e-03
2,-9.5508505412e-03,2.5761915153e-02,3.4625309290e-03
3,-8.7668692241e-03,2.9203402504e-02,3.5938048639e-03
4,-8.0640539290e-03,3.2793205573e-02,3.7185258256e-03
5,-7.4354989518e-03,3.6519663608e-02,3.8356103498e-03
6,-6.8742985885e-03,4.0371115857e-02,3.9442035638e-03

Region 2 (7 circles):
Circle_Index,Center_X,Center_Y,Radius
0,-6.3735471352e-03,4.4335901570e-02,4.0436291718e-03
1,-5.9263388878e-03,4.8402359992e-02,4.1333515926e-03
2,-5.5257681424e-03,5.2558830373e-02,4.2129473641e-03
3,-5.1649291949e-03,5.6793651960e-02,4.2820835787e-03
4,-4.8369163413e-03,6.1095164002e-02,4.3405016677e-03
5,-4.5348238777e-03,6.5451705746e-02,4.3880052865e-03
6,-4.2517461000e-03,6.9851616441e-02,4.4244513910e-03

Region 3 (7 circles):
Circle_Index,Center_X,Center_Y,Radius
0,-3.9807773042e-03,7.4283235334e-02,4.4497438478e-03
1,-3.7150117864e-03,7.8734901674e-02,4.4638291173e-03
2,-3.4475438426e-03,8.3194954708e-02,4.4666937014e-03
3,-3.1714677687e-03,8.7651733684e-02,4.4583631683e-03
4,-2.8798778607e-03,9.2093577851e-02,4.4389026714e-03
5,-2.5658684147e-03,9.6508826456e-02,4.4084189758e-03
6,-2.2225337266e-03,1.0088581875e-01,4.3670640994e-03

Region 4 (7 circles):
Circle_Index,Center_X,Center_Y,Radius
0,-1.8429680925e-03,1.0521289397e-01,4.3150407760e-03
1,-1.4202658083e-03,1.0947839138e-01,4.2526100673e-03
2,-9.4752117003e-04,1.1367065022e-01,4.1801015859e-03
3,-4.1782847374e-04,1.1777800974e-01,4.0979269694e-03
4,1.7571798460e-04,1.2178880918e-01,4.0065974531e-03
5,8.4002390900e-04,1.2569138780e-01,3.9067466572e-03
6,1.5819950034e-03,1.2947408484e-01,3.7991600064e-03

Region 5 (7 circles):
Circle_Index,Center_X,Center_Y,Radius
0,2.4085369719e-03,1.3312523956e-01,3.6848125381e-03
1,3.3265555185e-03,1.3663319119e-01,3.5649171394e-03
2,4.3429563471e-03,1.3998627898e-01,3.4409853496e-03
3,5.4646451617e-03,1.4317284219e-01,3.3149024201e-03
4,6.6985276664e-03,1.4618122007e-01,3.1890167281e-03
5,8.0515095651e-03,1.4899975185e-01,3.0662398232e-03
6,9.5304965619e-03,1.5161677679e-01,2.9501457976e-03

Region 6 (7 circles):
Circle_Index,Center_X,Center_Y,Radius
0,1.1142394361e-02,1.5402063414e-01,2.8450457699e-03
1,1.2894108666e-02,1.5619966315e-01,2.7559952039e-03
2,1.4792545180e-02,1.5814220305e-01,2.6886741794e-03
3,1.6844609609e-02,1.5983659311e-01,2.6490791917e-03
4,1.9057207656e-02,1.6127117256e-01,2.6430033911e-03
5,2.1437245025e-02,1.6243428067e-01,2.6753727212e-03
6,2.3991627421e-02,1.6331425666e-01,2.7496149692e-03

Region 7 (7 circles):
Circle_Index,Center_X,Center_Y,Radius
0,2.6727260546e-02,1.6389943980e-01,2.7095456426e-03
1,2.9339936724e-02,1.6411519441e-01,2.4917051994e-03
2,3.1694615652e-02,1.6393140275e-01,2.2715897937e-03
3,3.3801053059e-02,1.6336469285e-01,2.1346679799e-03
4,3.5669004671e-02,1.6243169274e-01,2.0847038806e-03
5,3.7308226216e-02,1.6114903046e-01,2.1162954590e-03
6,3.8728473424e-02,1.5953333404e-01,2.2157229076e-03

Region 8 (7 circles):
Circle_Index,Center_X,Center_Y,Radius
0,3.9939502021e-02,1.5760123151e-01,2.3653425119e-03
1,4.0951067736e-02,1.5536935092e-01,2.5481639324e-03
2,4.1772926296e-02,1.5285432029e-01,2.7502837953e-03
3,4.2414833430e-02,1.5007276765e-01,2.9612934958e-03
4,4.2886544866e-02,1.4704132104e-01,3.1737228040e-03
5,4.3197816331e-02,1.4377660850e-01,3.3822850911e-03
6,4.3358403553e-02,1.4029525806e-01,3.5832325221e-03

Region 9 (7 circles):
Circle_Index,Center_X,Center_Y,Radius
0,4.3378062261e-02,1.3661389775e-01,3.7738817161e-03
1,4.3266548182e-02,1.3274915561e-01,3.9522850498e-03
2,4.3033617045e-02,1.2871765967e-01,4.1170077337e-03
3,4.2689024576e-02,1.2453603796e-01,4.2669770865e-03
4,4.2242526506e-02,1.2022091852e-01,4.4013799918e-03
5,4.1703878560e-02,1.1578892938e-01,4.5195923906e-03
6,4.1082836467e-02,1.1125669857e-01,4.6211301944e-03

Region 10 (7 circles):
Circle_Index,Center_X,Center_Y,Radius
0,4.0389155956e-02,1.0664085414e-01,4.7056146783e-03
1,3.9632592754e-02,1.0195802411e-01,4.7727478010e-03
2,3.8822902589e-02,9.7224836514e-02,4.8222944363e-03
3,3.7969841188e-02,9.2457919391e-02,4.8540695117e-03
4,3.7083164281e-02,8.7673900774e-02,4.8679287035e-03
5,3.6172627595e-02,8.2889408695e-02,4.8637617852e-03
6,3.5247986858e-02,7.8121071189e-02,4.8414880319e-03

Region 11 (7 circles):
Circle_Index,Center_X,Center_Y,Radius
0,3.4318997797e-02,7.3385516289e-02,4.8010533001e-03
1,3.3395416142e-02,6.8699372030e-02,4.7424285791e-03
2,3.2486997619e-02,6.4079266446e-02,4.6656099538e-03
3,3.1603497957e-02,5.9541827569e-02,4.5706200709e-03
4,3.0754672883e-02,5.5103683435e-02,4.4575113753e-03
5,2.9950278126e-02,5.0781462077e-02,4.3263716213e-03
6,2.9200069414e-02,4.6591791528e-02,4.1773325154e-03

Region 12 (7 circles):
Circle_Index,Center_X,Center_Y,Radius
0,2.8513802475e-02,4.2551299824e-02,4.0105829090e-03
1,2.7901233036e-02,3.8676614997e-02,3.8263888904e-03
2,2.7372116825e-02,3.4984365081e-02,3.6251247461e-03
3,2.6936209571e-02,3.1491178111e-02,3.4073216726e-03
4,2.6603267002e-02,2.8213682120e-02,3.1737465612e-03
5,2.6383044845e-02,2.5168505142e-02,2.9255337380e-03
6,2.6285298828e-02,2.2372275211e-02,2.6644138222e-03

Region 13 (7 circles):
Circle_Index,Center_X,Center_Y,Radius
0,2.6319784680e-02,1.9841620361e-02,2.5256653735e-03
1,2.6487144521e-02,1.7326741997e-02,2.6090034743e-03
2,2.6772949406e-02,1.4644359107e-02,2.7829964701e-03
3,2.7169013798e-02,1.1803407501e-02,2.9501073861e-03
4,2.7667152162e-02,8.8128229901e-03,3.1092724268e-03
5,2.8259178963e-02,5.6815413851e-03,3.2597192885e-03
6,2.8936908667e-02,2.4184984962e-03,3.4008798232e-03

Region 14 (7 circles):
Circle_Index,Center_X,Center_Y,Radius
0,2.9692155737e-02,-9.6736986581e-04,3.5323318933e-03
1,3.0516734639e-02,-4.4671278905e-03,3.6537600449e-03
2,3.1402459837e-02,-8.0718397672e-03,3.7649285083e-03
3,3.2341145797e-02,-1.1772569685e-02,3.8656624185e-03
4,3.3324606983e-02,-1.5560381835e-02,3.9558346283e-03
5,3.4344657860e-02,-1.9426340404e-02,4.0353564055e-03
6,3.5393112893e-02,-2.3361509583e-02,4.1041708919e-03

Region 15 (7 circles):
Circle_Index,Center_X,Center_Y,Radius
0,3.6461786547e-02,-2.7356953562e-02,4.1622485803e-03
1,3.7542493287e-02,-3.1403736529e-02,4.2095843137e-03
2,3.8627047577e-02,-3.5492922674e-02,4.2461954806e-03
3,3.9707263882e-02,-3.9615576186e-02,4.2721211973e-03
4,4.0774956668e-02,-4.3762761256e-02,4.2874223531e-03
5,4.1821940398e-02,-4.7925542071e-02,4.2921824641e-03
6,4.2840029539e-02,-5.2094982823e-02,4.2865093321e-03

Region 16 (7 circles):
Circle_Index,Center_X,Center_Y,Radius
0,4.3821038554e-02,-5.6262147699e-02,4.2705375589e-03
1,4.4756781909e-02,-6.0418100890e-02,4.2444320176e-03
2,4.5639074069e-02,-6.4553906585e-02,4.2083924353e-03
3,4.6459729497e-02,-6.8660628974e-02,4.1626593070e-03
4,4.7210562660e-02,-7.2729332245e-02,4.1075214387e-03
5,4.7883388022e-02,-7.6751080589e-02,4.0433255076e-03
6,4.8470020048e-02,-8.0716938194e-02,3.9704881461e-03

Region 17 (7 circles):
Circle_Index,Center_X,Center_Y,Radius
0,4.8962273202e-02,-8.4617969251e-02,3.8895111937e-03
1,4.9351961951e-02,-8.8445237948e-02,3.8010009256e-03
2,4.9630900757e-02,-9.2189808475e-02,3.7056922437e-03
3,4.9790904087e-02,-9.5842745021e-02,3.6044789909e-03
4,4.9823786405e-02,-9.9395111776e-02,3.4984516511e-03
5,4.9721362175e-02,-1.0283797293e-01,3.3889436214e-03
6,4.9475445864e-02,-1.0616239267e-01,3.2775867660e-03

Region 18 (7 circles):
Circle_Index,Center_X,Center_Y,Radius
0,4.9077851935e-02,-1.0935943519e-01,3.1663756967e-03
1,4.8520394854e-02,-1.1242016467e-01,3.0577375932e-03
2,4.7794889085e-02,-1.1533564531e-01,2.9545995891e-03
3,4.6893149094e-02,-1.1809694130e-01,2.8604381468e-03
4,4.5806989344e-02,-1.2069511682e-01,2.7792847208e-03
5,4.4528224301e-02,-1.2312123606e-01,2.7156522960e-03
6,4.3048668431e-02,-1.2536636322e-01,2.6743455642e-03

Region 19 (7 circles):
Circle_Index,Center_X,Center_Y,Radius
0,4.1360136196e-02,-1.2742156248e-01,2.6601350343e-03
1,3.9454442064e-02,-1.2927789804e-01,2.6120724264e-03
2,3.7417227213e-02,-1.3083437383e-01,2.5874238342e-03
3,3.5166658704e-02,-1.3215827880e-01,2.6487547670e-03
4,3.2715101362e-02,-1.3325678904e-01,2.7347448353e-03
5,3.0074920012e-02,-1.3413708064e-01,2.8389657816e-03
6,2.7258479481e-02,-1.3480632968e-01,2.9556570090e-03

Region 20 (7 circles):
Circle_Index,Center_X,Center_Y,Radius
0,2.4278144594e-02,-1.3527171227e-01,3.0799101540e-03
1,2.1146280177e-02,-1.3554040449e-01,3.2076782570e-03
2,1.7875251055e-02,-1.3561958242e-01,3.3356909553e-03
3,1.4477422054e-02,-1.3551642217e-01,3.4613344957e-03
4,1.0965158000e-02,-1.3523809982e-01,3.5825300479e-03
5,7.3508237183e-03,-1.3479179147e-01,3.6976255794e-03
6,3.6467840349e-03,-1.3418467319e-01,3.8053060390e-03

Region 21 (7 circles):
Circle_Index,Center_X,Center_Y,Radius
0,-1.3459622461e-04,-1.3342392109e-01,3.9045214770e-03
1,-3.9809522346e-03,-1.3251671125e-01,3.9944307151e-03
2,-7.8799191693e-03,-1.3147021977e-01,4.0743577092e-03
3,-1.1819132203e-02,-1.3029162273e-01,4.1437579511e-03
4,-1.5786226510e-02,-1.2898809622e-01,4.2021926854e-03
5,-1.9768837265e-02,-1.2756681634e-01,4.2493091737e-03
6,-2.3754599642e-02,-1.2603495918e-01,4.2848256458e-03

Region 22 (7 circles):
Circle_Index,Center_X,Center_Y,Radius
0,-2.7731148816e-02,-1.2439970082e-01,4.3085199131e-03
1,-3.1686119960e-02,-1.2266821737e-01,4.3202208845e-03
2,-3.5607148249e-02,-1.2084768489e-01,4.3198024401e-03
3,-3.9481868857e-02,-1.1894527950e-01,4.3071792839e-03
4,-4.3297916959e-02,-1.1696817728e-01,4.2823045389e-03
5,-4.7042927729e-02,-1.1492355431e-01,4.2451689697e-03
6,-5.0704536341e-02,-1.1281858670e-01,4.1958018346e-03

Region 23 (7 circles):
Circle_Index,Center_X,Center_Y,Radius
0,-5.4270377970e-02,-1.1066045052e-01,4.1342734927e-03
1,-5.7728087790e-02,-1.0845632187e-01,4.0607000343e-03
2,-6.1065300975e-02,-1.0621337685e-01,3.9752503816e-03
3,-6.4269652699e-02,-1.0393879154e-01,3.8781565487e-03
4,-6.7328778137e-02,-1.0163974202e-01,3.7697280829e-03
5,-7.0230312463e-02,-9.9323404406e-02,3.6503721899e-03
6,-7.2961890852e-02,-9.6996954770e-02,3.5206217388e-03

Region 24 (7 circles):
Circle_Index,Center_X,Center_Y,Radius
0,-7.5511148478e-02,-9.4667569208e-02,3.3811743537e-03
1,-7.7865720514e-02,-9.2342423810e-02,3.2329472672e-03
2,-8.0013242136e-02,-9.0028694666e-02,3.0771546821e-03
3,-8.1941348518e-02,-8.7733557867e-02,2.9154171660e-03
4,-8.3637674834e-02,-8.5464189504e-02,2.7499158464e-03
5,-8.5089856258e-02,-8.3227765667e-02,2.5836065929e-03
6,-8.6285527965e-02,-8.1031462445e-02,2.4205068241e-03

Region 25 (7 circles):
Circle_Index,Center_X,Center_Y,Radius
0,-8.7212325128e-02,-7.8882455931e-02,2.2175212026e-03
1,-8.7789499995e-02,-7.6868838367e-02,2.0883181928e-03
2,-8.8055140900e-02,-7.4803922944e-02,2.0980036381e-03
3,-8.8023887478e-02,-7.2690078684e-02,2.1485541481e-03
4,-8.7710379363e-02,-7.0529674609e-02,2.2314663569e-03
5,-8.7129256189e-02,-6.8325079740e-02,2.3380846742e-03
6,-8.6295157591e-02,-6.6078663101e-02,2.4606040658e-03

Region 26 (7 circles):
Circle_Index,Center_X,Center_Y,Radius
0,-8.5222723203e-02,-6.3792793711e-02,2.5925130014e-03
1,-8.3926592659e-02,-6.1469840594e-02,2.7286310490e-03
2,-8.2421405594e-02,-5.9112172771e-02,2.8649448687e-03
3,-8.0721801642e-02,-5.6722159264e-02,2.9983845119e-03
4,-7.8842420437e-02,-5.4302169094e-02,3.1266109147e-03
5,-7.6797901613e-02,-5.1854571285e-02,3.2478397653e-03
6,-7.4602884805e-02,-4.9381734856e-02,3.3607047292e-03

Region 27 (7 circles):
Circle_Index,Center_X,Center_Y,Radius
0,-7.2272009648e-02,-4.6886028831e-02,3.4641546672e-03
1,-6.9819915775e-02,-4.4369822232e-02,3.5573776244e-03
2,-6.7261242821e-02,-4.1835484079e-02,3.6397450085e-03
3,-6.4610630419e-02,-3.9285383395e-02,3.7107707024e-03
4,-6.1882718205e-02,-3.6721889202e-02,3.7700811633e-03
5,-5.9092145813e-02,-3.4147370521e-02,3.8173936355e-03
6,-5.6253552877e-02,-3.1564196375e-02,3.8525004275e-03

Region 28 (6 circles):
Circle_Index,Center_X,Center_Y,Radius
0,-5.3381579031e-02,-2.8974735785e-02,3.8752578188e-03
1,-5.0490863910e-02,-2.6381357773e-02,3.8855786084e-03
2,-4.7596047147e-02,-2.3786431361e-02,3.8834276645e-03
3,-4.4711768378e-02,-2.1192325570e-02,3.8688200933e-03
4,-4.1852667237e-02,-1.8601409424e-02,3.8418218708e-03
5,-3.9033383357e-02,-1.6016051943e-02,3.8025529847e-03

Region 29 (6 circles):
Circle_Index,Center_X,Center_Y,Radius
0,-3.6268556373e-02,-1.3438622149e-02,3.7511933376e-03
1,-3.3572825920e-02,-1.0871489064e-02,3.6879919043e-03
2,-3.0960831631e-02,-8.3170217101e-03,3.6132799189e-03
3,-2.8447213142e-02,-5.7775891091e-03,3.5274892500e-03
4,-2.6046610086e-02,-3.2555602828e-03,3.4311776197e-03
5,-2.3773662097e-02,-7.5330425301e-04,3.3250629949e-03
