Region Metadata for: shape_61.txt
================================================================================

REGION DEFINITION: Circle union (one circle per point)
  Each point gets a circle with radius = average distance to neighbors

Total vertices: 250
Number of regions: 30
Points per region:
  Region 0: 9 points
  Region 1: 9 points
  Region 2: 9 points
  Region 3: 9 points
  Region 4: 9 points
  Region 5: 9 points
  Region 6: 9 points
  Region 7: 9 points
  Region 8: 9 points
  Region 9: 9 points
  Region 10: 8 points
  Region 11: 8 points
  Region 12: 8 points
  Region 13: 8 points
  Region 14: 8 points
  Region 15: 8 points
  Region 16: 8 points
  Region 17: 8 points
  Region 18: 8 points
  Region 19: 8 points
  Region 20: 8 points
  Region 21: 8 points
  Region 22: 8 points
  Region 23: 8 points
  Region 24: 8 points
  Region 25: 8 points
  Region 26: 8 points
  Region 27: 8 points
  Region 28: 8 points
  Region 29: 8 points

REGION SUMMARY:
Region_Index,Num_Points,BBox_Min_X,BBox_Max_X,BBox_Min_Y,BBox_Max_Y,Normal_X,Normal_Y,Tangent_X,Tangent_Y,Fitted_Circle_X,Fitted_Circle_Y,Fitted_Circle_Radius,Local_AoA_Rad,Union_Area,Collection_Area
0,9,-6.8659645413e-02,-5.8567275936e-02,-9.5672657989e-04,3.2505126515e-02,-0.9920874947,-0.1255484084,-0.1255484084,0.9920874947,-1.6029742216e+00,-1.7829816041e-01,-1.5514093212e+00,-1.25880594e-01,2.09633776e-04,1.04695313e-04
1,9,-7.1081225334e-02,-6.2904982407e-02,2.9383942010e-02,5.3978067132e-02,-0.9856583263,-0.1687532633,-0.1687532633,0.9856583263,-3.3086741852e-01,-1.7630114145e-03,-2.6708443888e-01,-1.69564655e-01,1.20916352e-04,6.01557402e-05
2,9,-7.8068895121e-02,-6.7983946859e-02,5.2122328513e-02,7.3211081595e-02,-0.9455290400,-0.3255377619,-0.3255377619,0.9455290400,-4.1675653463e-01,-5.6903551460e-02,-3.6422763835e-01,-3.31580414e-01,9.06182614e-05,4.51866276e-05
3,9,-8.4236213968e-02,-7.3966972889e-02,7.0609371615e-02,9.3753096183e-02,-0.9572811675,-0.2891587217,-0.2891587217,0.9572811675,7.7020703463e-02,1.2986262680e-01,1.6360943776e-01,-2.93347900e-01,1.06319572e-04,5.35609702e-05
4,9,-8.5047459679e-02,-8.0301137986e-02,9.1527229725e-02,1.0895782572e-01,-0.9994499458,0.0331633208,0.0331633208,0.9994499458,-5.8663856716e-02,1.0014551764e-01,2.4572021839e-02,3.31694027e-02,5.87431344e-05,3.03775788e-05
5,9,-8.2654074496e-02,-6.3253053413e-02,1.0739126400e-01,1.1915943920e-01,-0.4444177705,0.8958196500,0.8958196500,0.4444177705,-5.3694744202e-02,6.9285216788e-02,4.8462494893e-02,1.11027211e+00,9.21916151e-05,4.69743622e-05
6,9,-6.6384340143e-02,-3.4193797200e-02,1.1426578534e-01,1.2884755414e-01,-0.2971847977,0.9548199810,0.9548199810,0.2971847977,4.9286639186e-02,-1.9998057320e-01,3.3666824932e-01,1.26905344e+00,2.06789175e-04,1.03882758e-04
7,9,-3.7955035605e-02,-9.6253568231e-04,1.2249646682e-01,1.3633985207e-01,-0.2107569307,0.9775384985,0.9775384985,0.2107569307,5.5338732057e-02,-2.1764188497e-01,3.5529213861e-01,1.35844711e+00,2.62113995e-04,1.31778036e-04
8,9,-4.8217762276e-03,3.1924183483e-02,1.2933315925e-01,1.3954869106e-01,-0.0975529983,0.9952303314,0.9952303314,0.0975529983,3.6719636626e-02,-9.8548358861e-02,2.3473017849e-01,1.47308793e+00,2.51552327e-04,1.26788187e-04
9,9,2.8428079155e-02,6.0030542081e-02,1.3073943111e-01,1.3955207960e-01,0.0977225633,0.9952136960,0.9952136960,-0.0977225633,3.4470813670e-02,2.9894962680e-02,1.0619394236e-01,1.66867510e+00,1.87215323e-04,9.50113086e-05
10,8,5.7113422709e-02,7.7671138482e-02,1.2246068755e-01,1.3565719493e-01,0.4641972395,0.8857318572,0.8857318572,-0.4641972395,5.0299474175e-02,9.5441029963e-02,3.8613801936e-02,2.05352440e+00,1.05664218e-04,5.44489978e-05
11,8,7.4695485828e-02,8.8425402333e-02,1.0291756652e-01,1.2542910250e-01,0.8998086547,0.4362847520,0.4362847520,-0.8998086547,3.9177858003e-02,9.4817914438e-02,4.7348697908e-02,2.69012706e+00,1.25956897e-04,6.46746877e-05
12,8,8.2894625303e-02,9.3839028336e-02,7.5469232351e-02,1.0625686903e-01,0.9860870715,0.1662296224,0.1662296224,-0.9860870715,-4.4410097662e-02,6.8872116709e-02,1.3495116167e-01,2.97458780e+00,1.98548471e-04,1.00530394e-04
13,8,8.6405759445e-02,9.4815661263e-02,4.3872447813e-02,7.9186669814e-02,0.9999967643,0.0025438799,0.0025438799,-0.9999967643,-1.4994136675e-01,6.1229528483e-02,2.4080608005e-01,3.13904877e+00,2.55097040e-04,1.28608177e-04
14,8,8.2753978729e-02,9.4415202506e-02,9.7483231835e-03,4.8001263572e-02,0.9944702891,-0.1050183032,-0.1050183032,-0.9944702891,-2.9371955050e-01,6.9486402896e-02,3.8484914906e-01,-3.03638035e+00,3.01611677e-04,1.51615913e-04
15,8,7.6410631339e-02,9.0889303153e-02,-2.5322099310e-02,1.4183002786e-02,0.9836654590,-0.1800062909,-0.1800062909,-0.9836654590,-4.5601145139e-01,9.3314503151e-02,5.4889683445e-01,-2.96059981e+00,3.26880511e-04,1.64071723e-04
16,8,6.8241978115e-02,8.4416190224e-02,-5.9774481203e-02,-2.0749943062e-02,0.9717640417,-0.2359547569,-0.2359547569,-0.9717640417,-6.0176880069e-01,1.2437779657e-01,6.9793554266e-01,-2.90339170e+00,3.25129090e-04,1.63079597e-04
17,8,5.9106692724e-02,7.5831007841e-02,-9.2052071205e-02,-5.5264352227e-02,0.9597142028,-0.2809780220,-0.2809780220,-0.9597142028,-6.8076473162e-01,1.4523466368e-01,7.7964060887e-01,-2.85677962e+00,2.94738919e-04,1.47718921e-04
18,8,4.9859557921e-02,6.5975826976e-02,-1.2060200894e-01,-8.7820076112e-02,0.9471142620,-0.3208965172,-0.3208965172,-0.9471142620,-6.3752235088e-01,1.3106349387e-01,7.3413652296e-01,-2.81491674e+00,2.39139874e-04,1.19882704e-04
19,8,4.1964080547e-02,5.5696342063e-02,-1.4326270993e-01,-1.1687334266e-01,0.9322263283,-0.3618757700,-0.3618757700,-0.9322263283,-4.4770000247e-01,6.1697213771e-02,5.3203130264e-01,-2.77131340e+00,1.60603541e-04,8.07453305e-05
20,8,3.0738854601e-02,4.5080170608e-02,-1.5305756445e-01,-1.4083615060e-01,0.6233547776,-0.7819391416,-0.7819391416,-0.6233547776,2.3652895843e-02,-1.2794859147e-01,2.4619639595e-02,-2.24382206e+00,6.30892039e-05,3.27182176e-05
21,8,1.0580996042e-02,3.3284986251e-02,-1.5950256543e-01,-1.4935104684e-01,0.2742559542,-0.9616567327,-0.9616567327,-0.2742559542,7.0645157912e-05,-7.6506337253e-02,8.1314641747e-02,-1.84861223e+00,1.12540608e-04,5.71405963e-05
22,8,-1.0854547642e-02,1.3380074608e-02,-1.6093569645e-01,-1.5441228346e-01,0.0504905806,-0.9987245372,-0.9987245372,-0.0504905806,-3.6701482141e-03,-6.3512149009e-02,9.4748748456e-02,-1.62130838e+00,1.20585332e-04,6.11425711e-05
23,8,-2.7096566614e-02,-8.3308243724e-03,-1.6043479820e-01,-1.5233754338e-01,-0.2551298092,-0.9669068106,-0.9669068106,0.2551298092,-8.6926038180e-03,-1.1975769775e-01,3.8218629859e-02,-1.31281437e+00,7.75339078e-05,3.98379045e-05
24,8,-3.7411126696e-02,-2.5088783966e-02,-1.5489398946e-01,-1.3795757476e-01,-0.8454818817,-0.5340041083,-0.5340041083,0.8454818817,-3.4832298888e-03,-1.3049161747e-01,3.2714676271e-02,-5.63329410e-01,8.11411240e-05,4.16491045e-05
25,8,-4.5875196222e-02,-3.2982808495e-02,-1.4094109014e-01,-1.1474842852e-01,-0.9469570611,-0.3213601165,-0.3213601165,0.9469570611,1.2954991333e-01,-7.0973466514e-02,1.7846314631e-01,-3.27165440e-01,1.52925810e-04,7.70842470e-05
26,8,-5.2573308046e-02,-4.0159707074e-02,-1.1815748790e-01,-8.7324010190e-02,-0.9749580490,-0.2223888547,-0.2223888547,0.9749580490,3.1198144590e-01,-2.1351072636e-02,3.6755524642e-01,-2.24264001e-01,2.02149487e-04,1.01469746e-04
27,8,-5.7823516235e-02,-4.5933913142e-02,-9.1055858602e-02,-5.7450347485e-02,-0.9863004869,-0.1649586299,-0.1649586299,0.9863004869,6.3038441054e-01,3.9612298167e-02,6.9176018826e-01,-1.65716066e-01,2.35661437e-04,1.18127988e-04
28,8,-6.1963728874e-02,-5.0685776861e-02,-6.1339933868e-02,-2.6873614115e-02,-0.9911459665,-0.1327767791,-0.1327767791,0.9911459665,1.3041890121e+00,1.3796291567e-01,1.3727165124e+00,-1.33170042e-01,2.45994030e-04,1.23186705e-04
29,8,-6.5339568633e-02,-5.4778247181e-02,-3.0730846542e-02,2.6677307982e-03,-0.9928553425,-0.1193242170,-0.1193242170,0.9928553425,6.1876194515e+00,7.3606722265e-01,6.2926469096e+00,-1.19609209e-01,2.30354475e-04,1.15188525e-04

DETAILED CIRCLE DATA:

Region 0 (9 circles):
Circle_Index,Center_X,Center_Y,Radius
0,-6.2146232908e-02,2.6222303928e-03,3.5789569727e-03
1,-6.2571074976e-02,6.1540389113e-03,3.5339430853e-03
2,-6.2994086554e-02,9.6390775998e-03,3.4856554563e-03
3,-6.3415953392e-02,1.3073961734e-02,3.4340983998e-03
4,-6.3837361237e-02,1.6455306591e-02,3.3792775855e-03
5,-6.4258995837e-02,1.9779727445e-02,3.3212001994e-03
6,-6.4681542941e-02,2.3043839573e-02,3.2598751442e-03
7,-6.5105688297e-02,2.6244258251e-02,3.1953132860e-03
8,-6.5532117653e-02,2.9377598755e-02,3.1275277601e-03

Region 1 (9 circles):
Circle_Index,Center_X,Center_Y,Radius
0,-6.5961516758e-02,3.2440476361e-02,3.0565343507e-03
1,-6.6394571359e-02,3.5429506345e-02,2.9823519627e-03
2,-6.6831967205e-02,3.8341303982e-02,2.9050032134e-03
3,-6.7274390044e-02,4.1172484549e-02,2.8245151755e-03
4,-6.7722525624e-02,4.3919663322e-02,2.7409203204e-03
5,-6.8177059694e-02,4.6579455576e-02,2.6542577223e-03
6,-6.8638678001e-02,4.9148476588e-02,2.0655547869e-03
7,-6.8950089732e-02,5.0637199416e-02,1.5916170075e-03
8,-6.9353062878e-02,5.2249904675e-02,1.7281624565e-03

Region 2 (9 circles):
Circle_Index,Center_X,Center_Y,Radius
0,-6.9838605132e-02,5.3976986786e-02,1.8546582724e-03
1,-7.0397724186e-02,5.5808840166e-02,1.9703606247e-03
2,-7.1021427733e-02,5.7735859236e-02,2.0747839257e-03
3,-7.1700723466e-02,5.9748438415e-02,2.1676063191e-03
4,-7.2426619076e-02,6.1836972122e-02,2.2486147839e-03
5,-7.3190122256e-02,6.3991854776e-02,2.3176722842e-03
6,-7.3982240699e-02,6.6203480797e-02,2.3746977764e-03
7,-7.4793982097e-02,6.8462244604e-02,2.4196540982e-03
8,-7.5616354142e-02,7.0758540616e-02,2.4525409789e-03

Region 3 (9 circles):
Circle_Index,Center_X,Center_Y,Radius
0,-7.6440364527e-02,7.3082763253e-02,2.4733916387e-03
1,-7.7257020945e-02,7.5425306934e-02,2.4822721685e-03
2,-7.8057331087e-02,7.7776566079e-02,2.4792833458e-03
3,-7.8832302647e-02,8.0126935105e-02,2.4645648972e-03
4,-7.9572943316e-02,8.2466808434e-02,2.4383025244e-03
5,-8.0270260787e-02,8.4786580484e-02,2.4007383563e-03
6,-8.0915262753e-02,8.7076645674e-02,2.3521859168e-03
7,-8.1498956906e-02,8.9327398424e-02,2.2930512919e-03
8,-8.2012350938e-02,9.1529233153e-02,2.2238630300e-03

Region 4 (9 circles):
Circle_Index,Center_X,Center_Y,Radius
0,-8.2446452542e-02,9.3672544281e-02,2.1453145560e-03
1,-8.2792269410e-02,9.5747726226e-02,2.0583246717e-03
2,-8.3040809235e-02,9.7745173408e-02,1.9641242070e-03
3,-8.3183079709e-02,9.9655280246e-02,1.8643799700e-03
4,-8.3210088524e-02,1.0146844116e-01,1.7613699074e-03
5,-8.3112843374e-02,1.0317505057e-01,1.6582224602e-03
6,-8.2882351950e-02,1.0476550289e-01,1.5592192747e-03
7,-8.2509621945e-02,1.0623019255e-01,1.4701138576e-03
8,-8.1985661051e-02,1.0755951396e-01,1.3983117586e-03

Region 5 (9 circles):
Circle_Index,Center_X,Center_Y,Radius
0,-8.1301476961e-02,1.0874386154e-01,1.3525975351e-03
1,-8.0448077367e-02,1.0977362971e-01,1.3420355774e-03
2,-7.9416469962e-02,1.1063921290e-01,1.3740478281e-03
3,-7.8197662437e-02,1.1133100551e-01,1.8742953639e-03
4,-7.6054527171e-02,1.1228809987e-01,2.4142820179e-03
5,-7.3772340650e-02,1.1326231657e-01,2.5454355065e-03
6,-7.1357343610e-02,1.1425074671e-01,2.6702840218e-03
7,-6.8815776784e-02,1.1525048139e-01,2.7887634220e-03
8,-6.6153880910e-02,1.1625861171e-01,2.9008274965e-03

Region 6 (9 circles):
Circle_Index,Center_X,Center_Y,Radius
0,-6.3377896720e-02,1.1727222876e-01,3.0064434233e-03
1,-6.0494064950e-02,1.1828842364e-01,3.1055886565e-03
2,-5.7508626335e-02,1.1930428746e-01,3.1982487627e-03
3,-5.4427821610e-02,1.2031691129e-01,3.2844159047e-03
4,-5.1257891509e-02,1.2132338626e-01,3.3640877764e-03
5,-4.8005076768e-02,1.2232080344e-01,3.4372668632e-03
6,-4.4675618121e-02,1.2330625394e-01,3.5039599403e-03
7,-4.1275756303e-02,1.2427682886e-01,3.5641777546e-03
8,-3.7811732050e-02,1.2522961929e-01,3.6179348497e-03

Region 7 (9 circles):
Circle_Index,Center_X,Center_Y,Radius
0,-3.4289786095e-02,1.2616171633e-01,3.6652495101e-03
1,-3.0716159174e-02,1.2707021108e-01,3.7061438078e-03
2,-2.7097092023e-02,1.2795219464e-01,3.7406437422e-03
3,-2.3438825374e-02,1.2880475810e-01,3.7687794689e-03
4,-1.9747599964e-02,1.2962499255e-01,3.7905856184e-03
5,-1.6029656528e-02,1.3040998911e-01,3.8061017085e-03
6,-1.2291235800e-02,1.3115683886e-01,3.8153726587e-03
7,-8.5385785148e-03,1.3186263291e-01,3.8184494184e-03
8,-4.7779254077e-03,1.3252446234e-01,3.8153897254e-03

Region 8 (9 circles):
Circle_Index,Center_X,Center_Y,Radius
0,-1.0155172136e-03,1.3313941826e-01,3.8062590140e-03
1,2.7424053328e-03,1.3370459177e-01,3.7911315014e-03
2,6.4896014965e-03,1.3421707396e-01,3.7700914829e-03
3,1.0219830543e-02,1.3467395592e-01,3.7432348784e-03
4,1.3926851737e-02,1.3507232877e-01,3.7106710793e-03
5,1.7604424343e-02,1.3540928359e-01,3.6725251597e-03
6,2.1246307627e-02,1.3568191148e-01,3.6289405276e-03
7,2.4846260855e-02,1.3588730354e-01,3.5800821104e-03
8,2.8398043290e-02,1.3602255087e-01,3.5261401924e-03

Region 9 (9 circles):
Circle_Index,Center_X,Center_Y,Radius
0,3.1895414199e-02,1.3608474456e-01,3.4673350441e-03
1,3.5332132846e-02,1.3607097571e-01,3.4039225156e-03
2,3.8701958496e-02,1.3597833542e-01,3.3362008005e-03
3,4.1998650415e-02,1.3580391479e-01,3.2645186118e-03
4,4.5215967868e-02,1.3554480491e-01,3.1892850500e-03
5,4.8347670119e-02,1.3519809688e-01,3.1109814673e-03
6,5.1387516435e-02,1.3476088180e-01,3.0301756419e-03
7,5.4329266079e-02,1.3423025077e-01,2.9475385329e-03
8,5.7166678318e-02,1.3360329487e-01,2.8638637631e-03

Region 10 (8 circles):
Circle_Index,Center_X,Center_Y,Radius
0,5.9893512416e-02,1.3287710522e-01,2.7800897063e-03
1,6.2503527638e-02,1.3204877291e-01,2.6973235446e-03
2,6.4990483250e-02,1.3111538904e-01,2.6168658075e-03
3,6.7348138517e-02,1.3007404469e-01,2.5402325709e-03
4,6.9570252703e-02,1.2892183098e-01,2.4691706377e-03
5,7.1650585074e-02,1.2765583899e-01,2.4056587727e-03
6,7.3582894896e-02,1.2627315983e-01,2.3518859765e-03
7,7.5360941432e-02,1.2477088460e-01,2.3101970500e-03

Region 11 (8 circles):
Circle_Index,Center_X,Center_Y,Radius
0,7.6978483949e-02,1.2314610438e-01,2.2829981206e-03
1,7.8429281711e-02,1.2139591028e-01,2.2726221036e-03
2,7.9707093984e-02,1.1951739339e-01,2.2811663265e-03
3,8.0805680032e-02,1.1750764482e-01,2.6341718257e-03
4,8.2048146320e-02,1.1480128880e-01,3.0055598367e-03
5,8.3200922956e-02,1.1199570027e-01,3.0620798371e-03
6,8.4265670212e-02,1.0909390293e-01,3.1208550338e-03
7,8.5244048362e-02,1.0609892049e-01,3.1813539707e-03

Region 12 (8 circles):
Circle_Index,Center_X,Center_Y,Radius
0,8.6137717681e-02,1.0301377665e-01,3.2430923783e-03
1,8.6948338442e-02,9.9841495128e-02,3.3056310826e-03
2,8.7677570919e-02,9.6585099621e-02,3.3685732492e-03
3,8.8327075384e-02,9.3247613838e-02,3.4315612595e-03
4,8.8898512112e-02,8.9832061485e-02,3.4942734386e-03
5,8.9393541377e-02,8.6341466270e-02,3.5564207922e-03
6,8.9813823452e-02,8.2778851898e-02,3.6177438562e-03
7,9.0161018610e-02,7.9147242077e-02,3.6780097260e-03

Region 13 (8 circles):
Circle_Index,Center_X,Center_Y,Radius
0,9.0436787126e-02,7.5449660513e-02,3.7370093009e-03
1,9.0642789273e-02,7.1689130912e-02,3.7945547621e-03
2,9.0780685325e-02,6.7868676981e-02,3.8504772840e-03
3,9.0852135555e-02,6.3991322426e-02,3.9046249738e-03
4,9.0858800237e-02,6.0060090954e-02,3.9568610258e-03
5,9.0802339645e-02,5.6078006271e-02,4.0070620750e-03
6,9.0684414052e-02,5.2048092084e-02,4.0551167327e-03
7,9.0506683732e-02,4.7973372100e-02,4.1009242864e-03

Region 14 (8 circles):
Circle_Index,Center_X,Center_Y,Radius
0,9.0270808958e-02,4.3856870024e-02,4.1443935483e-03
1,8.9978450005e-02,3.9701609563e-02,4.1854418344e-03
2,8.9631267145e-02,3.5510614425e-02,4.2239940620e-03
3,8.9230920653e-02,3.1286908315e-02,4.2599819502e-03
4,8.8779070803e-02,2.7033514939e-02,4.2933433118e-03
5,8.8277377867e-02,2.2753458006e-02,4.3240214271e-03
6,8.7727502119e-02,1.8449761220e-02,4.3519644879e-03
7,8.7131103834e-02,1.4125448288e-02,4.3771251046e-03

Region 15 (8 circles):
Circle_Index,Center_X,Center_Y,Radius
0,8.6489843284e-02,9.7835429174e-03,4.3994598689e-03
1,8.5805380744e-02,5.4270688142e-03,4.4189289650e-03
2,8.5079376487e-02,1.0590496849e-03,4.4354958230e-03
3,8.4313490786e-02,-3.3174907640e-03,4.4491268115e-03
4,8.3509383916e-02,-7.6995288259e-03,4.4597909623e-03
5,8.2668716150e-02,-1.2084040794e-02,4.4674597253e-03
6,8.1793147761e-02,-1.6468002963e-02,4.4721067492e-03
7,8.0884339024e-02,-2.0848391625e-02,4.4737076853e-03

Region 16 (8 circles):
Circle_Index,Center_X,Center_Y,Radius
0,7.9943950212e-02,-2.5222183074e-02,4.4722400122e-03
1,7.8973641598e-02,-2.9586353604e-02,4.4676828778e-03
2,7.7975073457e-02,-3.3937879507e-02,4.4600169585e-03
3,7.6949906061e-02,-3.8273737078e-02,4.4492243319e-03
4,7.5899799685e-02,-4.2590902611e-02,4.4352883634e-03
5,7.4826414602e-02,-4.6886352397e-02,4.4181936035e-03
6,7.3731411086e-02,-5.1157062732e-02,4.3979256960e-03
7,7.2616449411e-02,-5.5400009908e-02,4.3744712951e-03

Region 17 (8 circles):
Circle_Index,Center_X,Center_Y,Radius
0,7.1483189849e-02,-5.9612170219e-02,4.3478179919e-03
1,7.0333292675e-02,-6.3790519959e-02,4.3179542475e-03
2,6.9168418163e-02,-6.7932035420e-02,4.2848693340e-03
3,6.7990226586e-02,-7.2033692897e-02,4.2485532817e-03
4,6.6800378217e-02,-7.6092468683e-02,4.2089968326e-03
5,6.5600533331e-02,-8.0105339071e-02,4.1661913993e-03
6,6.4392352201e-02,-8.4069280355e-02,4.1201290296e-03
7,6.3177495100e-02,-8.7981268829e-02,4.0708023765e-03

Region 18 (8 circles):
Circle_Index,Center_X,Center_Y,Radius
0,6.1957622303e-02,-9.1838280785e-02,4.0182046731e-03
1,6.0734394083e-02,-9.5637292518e-02,3.9623297130e-03
2,5.9509470713e-02,-9.9375280321e-02,3.9031718360e-03
3,5.8284512468e-02,-1.0304922049e-01,3.8407259192e-03
4,5.7061179620e-02,-1.0665608931e-01,3.7749873753e-03
5,5.5841132444e-02,-1.1019286308e-01,3.7059521561e-03
6,5.4626031213e-02,-1.1365651810e-01,3.6336167655e-03
7,5.3417536201e-02,-1.1704403066e-01,3.5579782800e-03

Region 19 (8 circles):
Circle_Index,Center_X,Center_Y,Radius
0,5.2217307682e-02,-1.2035237704e-01,3.4790343811e-03
1,5.1027005929e-02,-1.2357853355e-01,3.3967833997e-03
2,4.9848291215e-02,-1.2671947648e-01,3.3112243778e-03
3,4.8682823815e-02,-1.2977218212e-01,3.2223571490e-03
4,4.7532264002e-02,-1.3273362676e-01,3.1301824455e-03
5,4.6398272049e-02,-1.3560078670e-01,3.0347020382e-03
6,4.5282508231e-02,-1.3837063824e-01,2.9359189202e-03
7,4.4186632821e-02,-1.4104015766e-01,2.2225522745e-03

Region 20 (8 circles):
Circle_Index,Center_X,Center_Y,Radius
0,4.3484018227e-02,-1.4243230298e-01,1.5961523809e-03
1,4.2558026559e-02,-1.4377726005e-01,1.6783739020e-03
2,4.1421517856e-02,-1.4507340476e-01,1.7745819051e-03
3,4.0087352156e-02,-1.4631911299e-01,1.8785838993e-03
4,3.8568389496e-02,-1.4751276064e-01,1.9855639811e-03
5,3.6877489916e-02,-1.4865272358e-01,2.0918901052e-03
6,3.5027513453e-02,-1.4973737770e-01,2.1948592550e-03
7,3.3031320146e-02,-1.5076509890e-01,2.2924655451e-03

Region 21 (8 circles):
Circle_Index,Center_X,Center_Y,Radius
0,3.0901770032e-02,-1.5173426306e-01,2.3832162185e-03
1,2.8651723150e-02,-1.5264324607e-01,2.4659945203e-03
2,2.6294039539e-02,-1.5349042381e-01,2.5399604756e-03
3,2.3841579236e-02,-1.5427417217e-01,2.6044800119e-03
4,2.1307202280e-02,-1.5499286704e-01,2.6590745747e-03
5,1.8703768708e-02,-1.5564488431e-01,2.7033853918e-03
6,1.6044138560e-02,-1.5622859987e-01,2.7371482374e-03
7,1.3341171872e-02,-1.5674238960e-01,2.7601758298e-03

Region 22 (8 circles):
Circle_Index,Center_X,Center_Y,Radius
0,1.0607728684e-02,-1.5718462939e-01,2.7723459234e-03
1,7.8566690341e-03,-1.5755369512e-01,2.7735938273e-03
2,5.1008529597e-03,-1.5784796269e-01,2.7639085768e-03
3,2.3531404994e-03,-1.5806580798e-01,2.7433323727e-03
4,-3.7360830864e-04,-1.5820560688e-01,2.7119632390e-03
5,-3.0665334262e-03,-1.5826573527e-01,2.6699611767e-03
6,-5.7127748151e-03,-1.5824456905e-01,2.6175584630e-03
7,-8.2994724371e-03,-1.5814048411e-01,2.5550752054e-03

Region 23 (8 circles):
Circle_Index,Center_X,Center_Y,Radius
0,-1.0813766254e-02,-1.5795185632e-01,2.4829418815e-03
1,-1.3242796228e-02,-1.5767706157e-01,2.4017314586e-03
2,-1.5573702320e-02,-1.5731447576e-01,2.3122048927e-03
3,-1.7793624492e-02,-1.5686247477e-01,2.2153754562e-03
4,-1.9889702706e-02,-1.5631943449e-01,2.1125994279e-03
5,-2.1849076925e-02,-1.5568373081e-01,2.0057028397e-03
6,-2.3658887109e-02,-1.5495373961e-01,1.8971547969e-03
7,-2.5306273220e-02,-1.5412783678e-01,1.7902933938e-03

Region 24 (8 circles):
Circle_Index,Center_X,Center_Y,Radius
0,-2.6778375221e-02,-1.5320439820e-01,1.6895912544e-03
1,-2.8062333072e-02,-1.5218179978e-01,1.6008978857e-03
2,-2.9145286737e-02,-1.5105841738e-01,1.5315005176e-03
3,-3.0014376176e-02,-1.4983262691e-01,1.9792986172e-03
4,-3.1231339665e-02,-1.4769936541e-01,2.4943544958e-03
5,-3.2415613994e-02,-1.4546056115e-01,2.5709590417e-03
6,-3.3567884913e-02,-1.4311959887e-01,2.6470558906e-03
7,-3.4688838169e-02,-1.4067986329e-01,2.7222885275e-03

Region 25 (8 circles):
Circle_Index,Center_X,Center_Y,Radius
0,-3.5779159510e-02,-1.3814473913e-01,2.7963510153e-03
1,-3.6839534686e-02,-1.3551761111e-01,2.8689803069e-03
2,-3.7870649443e-02,-1.3280186396e-01,2.9399496957e-03
3,-3.8873189531e-02,-1.3000088241e-01,3.0090632759e-03
4,-3.9847840697e-02,-1.2711805117e-01,3.0761512762e-03
5,-4.0795288689e-02,-1.2415675497e-01,3.1410661390e-03
6,-4.1716219257e-02,-1.2112037854e-01,3.2036792298e-03
7,-4.2611318148e-02,-1.1801230660e-01,3.2638780742e-03

Region 26 (8 circles):
Circle_Index,Center_X,Center_Y,Radius
0,-4.3481271110e-02,-1.1483592387e-01,3.3215640361e-03
1,-4.4326763891e-02,-1.1159461507e-01,3.3766503646e-03
2,-4.5148482241e-02,-1.0829176494e-01,3.4290605466e-03
3,-4.5947111906e-02,-1.0493075820e-01,3.4787269162e-03
4,-4.6723338636e-02,-1.0151497956e-01,3.5255894756e-03
5,-4.7477848178e-02,-9.8047813756e-02,3.5695948951e-03
6,-4.8211326280e-02,-9.4532645509e-02,3.6106956622e-03
7,-4.8924458692e-02,-9.0972859544e-02,3.6488493543e-03

Region 27 (8 circles):
Circle_Index,Center_X,Center_Y,Radius
0,-4.9617931160e-02,-8.7371840584e-02,3.6840180184e-03
1,-5.0292429434e-02,-8.3732973353e-02,3.7161676375e-03
2,-5.0948639262e-02,-8.0059642576e-02,3.7452676733e-03
3,-5.1587246391e-02,-7.6355232976e-02,3.7712906716e-03
4,-5.2208936570e-02,-7.2623129277e-02,3.7942119223e-03
5,-5.2814395547e-02,-6.8866716204e-02,3.8140091653e-03
6,-5.3404309071e-02,-6.5089378481e-02,3.8306623362e-03
7,-5.3979362889e-02,-6.1294500831e-02,3.8441533458e-03

Region 28 (8 circles):
Circle_Index,Center_X,Center_Y,Radius
0,-5.4540242751e-02,-5.7485467978e-02,3.8544658894e-03
1,-5.5087634403e-02,-5.3665664647e-02,3.8615852817e-03
2,-5.5622223595e-02,-4.9838475562e-02,3.8654983142e-03
3,-5.6144696074e-02,-4.6007285446e-02,3.8661931316e-03
4,-5.6655737589e-02,-4.2175479024e-02,3.8636591269e-03
5,-5.7156033888e-02,-3.8346441019e-02,3.8578868515e-03
6,-5.7646270719e-02,-3.4523556157e-02,3.8488679392e-03
7,-5.8127133830e-02,-3.0710209160e-02,3.8365950440e-03

Region 29 (8 circles):
Circle_Index,Center_X,Center_Y,Radius
0,-5.8599308970e-02,-2.6909784752e-02,3.8210617894e-03
1,-5.9063481887e-02,-2.3125667659e-02,3.8022627293e-03
2,-5.9520338329e-02,-1.9361242603e-02,3.7801933206e-03
3,-5.9970564045e-02,-1.5619894309e-02,3.7548499057e-03
4,-6.0414844781e-02,-1.1905007501e-02,3.7262297068e-03
5,-6.0853866288e-02,-8.2199669025e-03,3.6943308316e-03
6,-6.1288314312e-02,-4.5681572381e-03,3.6591522910e-03
7,-6.1718874603e-02,-9.5296323171e-04,3.6206940299e-03
