Region Metadata for: shape_35.txt
================================================================================

REGION DEFINITION: Circle union (one circle per point)
  Each point gets a circle with radius = average distance to neighbors

Total vertices: 267
Number of regions: 30
Points per region:
  Region 0: 9 points
  Region 1: 9 points
  Region 2: 9 points
  Region 3: 9 points
  Region 4: 9 points
  Region 5: 9 points
  Region 6: 9 points
  Region 7: 9 points
  Region 8: 9 points
  Region 9: 9 points
  Region 10: 9 points
  Region 11: 9 points
  Region 12: 9 points
  Region 13: 9 points
  Region 14: 9 points
  Region 15: 9 points
  Region 16: 9 points
  Region 17: 9 points
  Region 18: 9 points
  Region 19: 9 points
  Region 20: 9 points
  Region 21: 9 points
  Region 22: 9 points
  Region 23: 9 points
  Region 24: 9 points
  Region 25: 9 points
  Region 26: 9 points
  Region 27: 8 points
  Region 28: 8 points
  Region 29: 8 points

REGION SUMMARY:
Region_Index,Num_Points,BBox_Min_X,BBox_Max_X,BBox_Min_Y,BBox_Max_Y,Normal_X,Normal_Y,Tangent_X,Tangent_Y,Fitted_Circle_X,Fitted_Circle_Y,Fitted_Circle_Radius,Local_AoA_Rad,Union_Area,Collection_Area
0,9,-7.1376426430e-02,-6.4285342854e-02,-2.1261961960e-03,3.2266479025e-02,-0.9999812178,0.0061289571,0.0061289571,0.9999812178,7.1663074725e-01,1.0645514830e-02,7.8456329206e-01,6.12899549e-03,2.18291354e-04,1.09446139e-04
1,9,-7.1023014092e-02,-6.2366352412e-02,2.8843105945e-02,6.1945430947e-02,-0.9970380025,0.0769104774,0.0769104774,0.9970380025,2.1428426459e-01,2.4055384340e-02,2.8200112965e-01,7.69865037e-02,2.03381138e-04,1.02270558e-04
2,9,-6.8282906170e-02,-5.6842499418e-02,5.8737158560e-02,8.7856230215e-02,-0.9730513458,0.2305885481,0.2305885481,0.9730513458,5.8252738096e-02,4.5089913341e-02,1.2449885844e-01,2.32682487e-01,1.64168447e-04,8.30436495e-05
3,9,-6.1407571960e-02,-4.5707459298e-02,8.4913706228e-02,1.0768775715e-01,-0.8583580263,0.5130511658,0.5130511658,0.8583580263,-5.5767814424e-03,6.8023070359e-02,5.6576999511e-02,5.38735684e-01,1.22896001e-04,6.28667794e-05
4,9,-4.8763185622e-02,-2.8090144309e-02,1.0468913053e-01,1.1814313004e-01,-0.4791492181,0.8777334600,0.8777334600,0.4791492181,-2.1316783186e-02,7.9549259573e-02,3.7253497080e-02,1.07111117e+00,9.85310236e-05,5.06873384e-05
5,9,-3.0673454287e-02,-3.3699622965e-03,1.1378252447e-01,1.2132654007e-01,-0.0942536075,0.9955482196,0.9955482196,0.0942536075,-9.1816094628e-03,3.0400081527e-02,8.8002211732e-02,1.47640260e+00,1.39484985e-04,7.08069868e-05
6,9,-6.3414661333e-03,2.4616908722e-02,1.1218401937e-01,1.2128455011e-01,0.1165156214,0.9931888592,0.9931888592,-0.1165156214,-1.1693286233e-02,-5.8672340151e-02,1.7717103637e-01,1.68757721e+00,1.79094984e-04,9.03318498e-05
7,9,2.1353684136e-02,5.2384723700e-02,1.0543581678e-01,1.1799446759e-01,0.2447113287,0.9695959806,0.9695959806,-0.2447113287,-2.6598238840e-02,-1.3979962239e-01,2.5967588976e-01,1.81801828e+00,1.86791716e-04,9.39165080e-05
8,9,4.9151964830e-02,7.6530116050e-02,9.7065859117e-02,1.1070817381e-01,0.3436313545,0.9391046226,0.9391046226,-0.3436313545,-2.3310113852e-02,-1.3257373101e-01,2.5179906968e-01,1.92157733e+00,1.53392524e-04,7.71504398e-05
9,9,7.3721071011e-02,9.3611608805e-02,8.8995639369e-02,1.0123798974e-01,0.4546879883,0.8906507920,0.8906507920,-0.4546879883,2.6584337615e-02,-1.8406182347e-02,1.2718197814e-01,2.04281819e+00,8.93573040e-05,4.50585228e-05
10,9,9.1581130703e-02,1.0725400791e-01,7.5674088821e-02,9.1458354785e-02,0.7104775499,0.7037198669,0.7037198669,-0.7104775499,5.4093002843e-02,3.9815912962e-02,6.3528961748e-02,2.36097291e+00,7.97647959e-05,4.05315358e-05
11,9,1.0382161578e-01,1.2096565522e-01,5.5007002220e-02,7.8671056858e-02,0.8408771228,0.5412260750,0.5412260750,-0.8408771228,-1.2520810504e-02,-1.3198797950e-02,1.4870450236e-01,2.56969814e+00,1.36275408e-04,6.87478732e-05
12,9,1.1659844456e-01,1.3106585686e-01,3.1873569301e-02,5.8204293578e-02,0.9192282550,0.3937250503,0.3937250503,-0.9192282550,-8.4966627829e-04,-8.5845099038e-03,1.3623283012e-01,2.73691219e+00,1.46627394e-04,7.41090942e-05
13,9,1.2648402290e-01,1.3431767202e-01,1.0795934166e-02,3.4684154971e-02,0.9883656547,0.1520964579,0.1520964579,-0.9883656547,7.0103111644e-02,1.2954748969e-02,6.2019033719e-02,2.98890359e+00,1.08602396e-04,5.53461425e-05
14,9,1.2214174769e-01,1.3402258295e-01,-6.3384009319e-03,1.2908854409e-02,0.9013034583,-0.4331882686,-0.4331882686,-0.9013034583,1.1146073169e-01,1.1920935713e-02,2.0488856131e-02,-2.69356547e+00,8.53592328e-05,4.40736099e-05
15,9,1.0004249691e-01,1.2607510281e-01,-2.6193948813e-02,-2.4634632461e-03,0.6615242390,-0.7499237836,-0.7499237836,-0.6615242390,-2.8428615139e-02,1.4673359878e-01,2.1475932707e-01,-2.29364580e+00,1.95995032e-04,9.88426206e-05
16,9,7.2938224691e-02,1.0425346643e-01,-4.5537894623e-02,-2.1372386718e-02,0.5746082289,-0.8184286061,-0.8184286061,-0.5746082289,-1.2304953102e-01,2.6861512524e-01,3.6908954920e-01,-2.18292171e+00,2.48031961e-04,1.24518462e-04
17,9,4.2327986986e-02,7.7375416194e-02,-6.4006232183e-02,-3.9947217174e-02,0.5116228844,-0.8592101164,-0.8592101164,-0.5116228844,-2.2871356893e-01,4.3311586794e-01,5.6462102008e-01,-2.10786887e+00,2.88066366e-04,1.44599818e-04
18,9,9.6954339760e-03,4.6884226206e-02,-8.1250361079e-02,-5.7879730292e-02,0.4640178484,-0.8858258499,-0.8858258499,-0.4640178484,-3.3248577545e-01,6.1944158440e-01,7.7790597659e-01,-2.05332187e+00,3.09297442e-04,1.55038089e-04
19,9,-2.3482377327e-02,1.4237114557e-02,-9.6928274065e-02,-7.4847757741e-02,0.4261781202,-0.9046392706,-0.9046392706,-0.4261781202,-4.1750481469e-01,7.9053197139e-01,9.6896174027e-01,-2.01106012e+00,3.07720614e-04,1.54166801e-04
20,9,-5.5731536404e-02,-1.9102660040e-02,-1.1070111039e-01,-9.0523090577e-02,0.3942790901,-0.9189907503,-0.9189907503,-0.3942790901,-4.6382423901e-01,8.9293457813e-01,1.0813548025e+00,-1.97607959e+00,2.83045044e-04,1.41776772e-04
21,9,-8.5579819404e-02,-5.1668921097e-02,-1.2223169597e-01,-1.0457460208e-01,0.3652520987,-0.9309086445,-0.9309086445,-0.3652520987,-4.5265875709e-01,8.6464392224e-01,1.0509426889e+00,-1.94469992e+00,2.38050963e-04,1.19274569e-04
22,9,-1.1080611186e-01,-8.1993903860e-02,-1.3043396609e-01,-1.1666957726e-01,0.3356822552,-0.9419752776,-0.9419752776,-0.3356822552,-3.7807900722e-01,6.6422927433e-01,8.3709813956e-01,-1.91312574e+00,1.70505065e-04,8.55475900e-05
23,9,-1.1306847484e-01,-1.0883126280e-01,-1.2984054026e-01,-1.2260179255e-01,-0.9786692801,-0.2054420605,-0.2054420605,0.9786692801,-1.1002920832e-01,-1.2664522222e-01,2.4008130272e-03,-2.06915381e-01,1.84783507e-05,9.95837498e-06
24,9,-1.1181338087e-01,-9.6174766386e-02,-1.2439569619e-01,-1.0500013590e-01,-0.8007406176,0.5990112380,0.5990112380,0.8007406176,4.9385460766e-02,-2.3113059087e-01,1.9290571482e-01,6.42265728e-01,1.01439811e-04,5.10790358e-05
25,9,-1.0007181682e-01,-7.9821896258e-02,-1.0845956298e-01,-8.4352808092e-02,-0.7844543747,0.6201865316,0.6201865316,0.7844543747,-6.8229088088e-01,3.7290345182e-01,-7.5582276907e-01,6.68980466e-01,1.57140615e-04,7.84023806e-05
26,9,-8.3715529275e-02,-7.0169830713e-02,-8.7674870112e-02,-6.8229063459e-02,-0.8535421990,0.5210237178,0.5210237178,0.8535421990,-1.4069887188e-01,-3.7541629602e-02,-7.6198083558e-02,5.48049888e-01,9.31575857e-05,4.59086854e-05
27,8,-7.3100597251e-02,-6.5972185468e-02,-7.0211388202e-02,-4.9139532194e-02,-0.9875348463,0.1574005316,0.1574005316,0.9875348463,-1.6929067607e-01,-4.4452904905e-02,-1.0090448408e-01,1.58057817e-01,9.34779819e-05,4.61393572e-05
28,8,-7.1164101529e-02,-6.4579417963e-02,-5.1850798673e-02,-2.5309603998e-02,-0.9994199075,0.0340565474,0.0340565474,0.9994199075,-3.9303322215e-01,-2.7936324053e-02,-3.2530497028e-01,3.40631343e-02,1.44345009e-04,7.18579270e-05
29,8,-7.1257601531e-02,-6.4429235953e-02,-2.8473531807e-02,1.2841818906e-03,-0.9999794706,-0.0064076873,-0.0064076873,0.9999794706,-2.1423306435e+00,-2.7796158703e-02,-2.0746303399e+00,-6.40773116e-03,1.80903448e-04,9.04208382e-05

DETAILED CIRCLE DATA:

Region 0 (9 circles):
Circle_Index,Center_X,Center_Y,Radius
0,-6.7883561982e-02,1.2933263815e-03,3.4195225775e-03
1,-6.7906863475e-02,4.7202800705e-03,3.4327940604e-03
2,-6.7922332078e-02,8.1588004907e-03,3.4425754109e-03
3,-6.7927540852e-02,1.1605392163e-02,3.4488855775e-03
4,-6.7920062855e-02,1.5056559608e-02,3.4517486029e-03
5,-6.7897471147e-02,1.8508807347e-02,3.4511938187e-03
6,-6.7857338786e-02,2.1958639901e-02,3.4472561154e-03
7,-6.7797238831e-02,2.5402561790e-02,3.4399762917e-03
8,-6.7714744342e-02,2.8837077536e-02,3.4294014885e-03

Region 1 (9 circles):
Circle_Index,Center_X,Center_Y,Radius
0,-6.7607428377e-02,3.2258691660e-02,3.4155857146e-03
1,-6.7472863996e-02,3.5663908682e-02,3.3985904729e-03
2,-6.7308624257e-02,3.9049233123e-02,3.3784854977e-03
3,-6.7112282219e-02,4.2411169504e-02,3.3553496170e-03
4,-6.6881410942e-02,4.5746222346e-02,3.3292717535e-03
5,-6.6613583484e-02,4.9050896170e-02,3.3003520826e-03
6,-6.6306372904e-02,5.2321695497e-02,3.2687033669e-03
7,-6.5957352262e-02,5.5555124848e-02,3.2344524885e-03
8,-6.5564094616e-02,5.8747688743e-02,3.1977422037e-03

Region 2 (9 circles):
Circle_Index,Center_X,Center_Y,Radius
0,-6.5124173025e-02,6.1895891704e-02,3.1587331449e-03
1,-6.4635160549e-02,6.4996238252e-02,3.1176060941e-03
2,-6.4094630246e-02,6.8045232907e-02,3.0745645543e-03
3,-6.3500155176e-02,7.1039380190e-02,3.0298376378e-03
4,-6.2849308397e-02,7.3975184622e-02,2.9836832837e-03
5,-6.2139662968e-02,7.6849150724e-02,2.9363918046e-03
6,-6.1368791949e-02,7.9657783017e-02,2.8882897409e-03
7,-6.0534268398e-02,8.2397586022e-02,2.8397439676e-03
8,-5.9633665374e-02,8.5065064259e-02,2.7911659554e-03

Region 3 (9 circles):
Circle_Index,Center_X,Center_Y,Radius
0,-5.8664555937e-02,8.7656722251e-02,2.7430160229e-03
1,-5.7624513145e-02,9.0169064516e-02,2.6958073342e-03
2,-5.6511110057e-02,9.2598595577e-02,2.6501092912e-03
3,-5.5321919733e-02,9.4941819955e-02,2.6065498486e-03
4,-5.4054515231e-02,9.7195242170e-02,2.5658161450e-03
5,-5.2706469610e-02,9.9355366743e-02,2.5286527257e-03
6,-5.1275355930e-02,1.0141869819e-01,2.4958565541e-03
7,-4.9758747249e-02,1.0338174105e-01,2.4682680221e-03
8,-4.8154216626e-02,1.0524099982e-01,2.4467573285e-03

Region 4 (9 circles):
Circle_Index,Center_X,Center_Y,Radius
0,-4.6459337121e-02,1.0699297903e-01,2.3038485011e-03
1,-4.4849244457e-02,1.0844789675e-01,2.1792602143e-03
2,-4.3122186113e-02,1.0979199674e-01,2.2022274508e-03
3,-4.1282778647e-02,1.1102781053e-01,2.2336539720e-03
4,-3.9335638621e-02,1.1215786966e-01,2.2721641565e-03
5,-3.7285382595e-02,1.1318470566e-01,2.3164346525e-03
6,-3.5136627128e-02,1.1411085007e-01,2.3652262415e-03
7,-3.2893988782e-02,1.1493883441e-01,2.4174028255e-03
8,-3.0562084116e-02,1.1567119024e-01,2.4719398067e-03

Region 5 (9 circles):
Circle_Index,Center_X,Center_Y,Radius
0,-2.8145529691e-02,1.1631044907e-01,2.5279245954e-03
1,-2.5648942067e-02,1.1685914245e-01,2.5845518361e-03
2,-2.3076937805e-02,1.1731980190e-01,2.6411154873e-03
3,-2.0434133464e-02,1.1769495897e-01,2.6969993509e-03
4,-1.7725145606e-02,1.1798714518e-01,2.7516671529e-03
5,-1.4954590790e-02,1.1819889207e-01,2.8046528737e-03
6,-1.2127085576e-02,1.1833273118e-01,2.8555517336e-03
7,-9.2472465253e-03,1.1839119403e-01,2.9040120312e-03
8,-6.3196901978e-03,1.1837681217e-01,2.9497279014e-03

Region 6 (9 circles):
Circle_Index,Center_X,Center_Y,Radius
0,-3.3490331539e-03,1.1829211713e-01,2.9924329794e-03
1,-3.3989195379e-04,1.1813964044e-01,3.0318949107e-03
2,2.7031168422e-03,1.1792191363e-01,3.0679106255e-03
3,5.7753766738e-03,1.1764146825e-01,3.1003022916e-03
4,8.8722709806e-03,1.1730083582e-01,3.1289138561e-03
5,1.1989183202e-02,1.1690254788e-01,3.1536080977e-03
6,1.5121496779e-02,1.1644913596e-01,3.1742641156e-03
7,1.8264595150e-02,1.1594313160e-01,3.1907751910e-03
8,2.1413861755e-02,1.1538706633e-01,3.2030469668e-03

Region 7 (9 circles):
Circle_Index,Center_X,Center_Y,Radius
0,2.4564680034e-02,1.1478347169e-01,3.2109958978e-03
1,2.7712433426e-02,1.1413487921e-01,3.2145479313e-03
2,3.0852505372e-02,1.1344382042e-01,3.2136373847e-03
3,3.3980279310e-02,1.1271282686e-01,3.2082059916e-03
4,3.7091138681e-02,1.1194443006e-01,3.1982020938e-03
5,4.0180466924e-02,1.1114116157e-01,3.1835799598e-03
6,4.3243647480e-02,1.1030555290e-01,3.1642992134e-03
7,4.6276063787e-02,1.0944013560e-01,3.1403243622e-03
8,4.9273099285e-02,1.0854744119e-01,3.1116244153e-03

Region 8 (9 circles):
Circle_Index,Center_X,Center_Y,Radius
0,5.2230137415e-02,1.0763000123e-01,3.0781725843e-03
1,5.5142561615e-02,1.0669034723e-01,3.0399460640e-03
2,5.8005755326e-02,1.0573101073e-01,2.9969258927e-03
3,6.0815101987e-02,1.0475452327e-01,2.9490968938e-03
4,6.3565985038e-02,1.0376341638e-01,2.8964477060e-03
5,6.6253787919e-02,1.0276022160e-01,2.8389709127e-03
6,6.8873894069e-02,1.0174747046e-01,2.7766632887e-03
7,7.1421686928e-02,1.0072769449e-01,2.7095261886e-03
8,7.3892549935e-02,9.9703425233e-02,2.6375661152e-03

Region 9 (9 circles):
Circle_Index,Center_X,Center_Y,Radius
0,7.6281866531e-02,9.8677194216e-02,2.5607955205e-03
1,7.8585020156e-02,9.7651532975e-02,2.4792339160e-03
2,8.0797394248e-02,9.6628973046e-02,2.3929094039e-03
3,8.2914372247e-02,9.5612045963e-02,2.3018607926e-03
4,8.4931337594e-02,9.4603283259e-02,2.2061405426e-03
5,8.6843673728e-02,9.3605216469e-02,2.1058189113e-03
6,8.8646764089e-02,9.2620377127e-02,2.0009898763e-03
7,9.0335992115e-02,9.1651296768e-02,1.8917797461e-03
8,9.1906741248e-02,9.0700506925e-02,1.7048675564e-03

Region 10 (9 circles):
Circle_Index,Center_X,Center_Y,Radius
0,9.3214400256e-02,8.9825085232e-02,1.6332695530e-03
1,9.4564715299e-02,8.8804024571e-02,1.7511014150e-03
2,9.5952956849e-02,8.7643698498e-02,1.8654966449e-03
3,9.7374395377e-02,8.6350480569e-02,1.9754737967e-03
4,9.8824301356e-02,8.4930744340e-02,2.0803270747e-03
5,1.0029794526e-01,8.3390863366e-02,2.1795413109e-03
6,1.0179059755e-01,8.1737211203e-02,2.2727356810e-03
7,1.0329752871e-01,7.9976161406e-02,2.3596259404e-03
8,1.0481400920e-01,7.8114087532e-02,2.4399987109e-03

Region 11 (9 circles):
Circle_Index,Center_X,Center_Y,Radius
0,1.0633530950e-01,7.6157363135e-02,2.5136937233e-03
1,1.0785670008e-01,7.4112361772e-02,2.5805914000e-03
2,1.0937345142e-01,7.1985456999e-02,2.6406040903e-03
3,1.1088083397e-01,6.9783022370e-02,2.6936698550e-03
4,1.1237411822e-01,6.7511431443e-02,2.7397480685e-03
5,1.1384857463e-01,6.5177057771e-02,2.7788163526e-03
6,1.1529947369e-01,6.2786274912e-02,2.8108685146e-03
7,1.1672208585e-01,6.0345456420e-02,2.8359132735e-03
8,1.1811168159e-01,5.7860975852e-02,2.8539736326e-03

Region 12 (9 circles):
Circle_Index,Center_X,Center_Y,Radius
0,1.1946353138e-01,5.5339206763e-02,2.8650868149e-03
1,1.2077290570e-01,5.2786522709e-02,2.8693047183e-03
2,1.2203507501e-01,5.0209297246e-02,2.8666948846e-03
3,1.2324530979e-01,4.7613903928e-02,2.8573420073e-03
4,1.2439888050e-01,4.5006716313e-02,2.8413500357e-03
5,1.2549105763e-01,4.2394107955e-02,2.8188449650e-03
6,1.2651711164e-01,3.9782452410e-02,2.7899784423e-03
7,1.2747231300e-01,3.7178123234e-02,2.7549323621e-03
8,1.2835193218e-01,3.4587493983e-02,2.7139246825e-03

Region 13 (9 circles):
Circle_Index,Center_X,Center_Y,Radius
0,1.2915123966e-01,3.2016938212e-02,2.6672167589e-03
1,1.2986550591e-01,2.9472829477e-02,2.6151225734e-03
2,1.3049000140e-01,2.6961541334e-02,2.5580203371e-03
3,1.3101999660e-01,2.4489447339e-02,2.4963670443e-03
4,1.3145076198e-01,2.2062921046e-02,2.4307166643e-03
5,1.3177756801e-01,1.9688336012e-02,2.3617427287e-03
6,1.3199568517e-01,1.7372065793e-02,2.2902660512e-03
7,1.3210038393e-01,1.5120483943e-02,2.2172880926e-03
8,1.3208693475e-01,1.2939964020e-02,2.1440298542e-03

Region 14 (9 circles):
Circle_Index,Center_X,Center_Y,Radius
0,1.3195060812e-01,1.0836879578e-02,2.0719748314e-03
1,1.3168667450e-01,8.8176041729e-03,2.0029120612e-03
2,1.3129040436e-01,6.8885113609e-03,1.9389712090e-03
3,1.3075706817e-01,5.0559746975e-03,1.8826359335e-03
4,1.3008193642e-01,3.3263677383e-03,1.8367155829e-03
5,1.2926027956e-01,1.7060640391e-03,1.8042521384e-03
6,1.2828736807e-01,2.0143715549e-04,1.7883453940e-03
7,1.2715847242e-01,-1.1811393568e-03,2.3746306354e-03
8,1.2513380996e-01,-3.3463386626e-03,2.9920622693e-03

Region 15 (9 circles):
Circle_Index,Center_X,Center_Y,Radius
0,1.2302791244e-01,-5.5106536116e-03,3.0471903656e-03
1,1.2084279621e-01,-7.6736248421e-03,3.1016485603e-03
2,1.1858047763e-01,-9.8347929925e-03,3.1553222206e-03
3,1.1624297306e-01,-1.1993698701e-02,3.2081078657e-03
4,1.1383229884e-01,-1.4149882606e-02,3.2599119857e-03
5,1.1135047135e-01,-1.6302885346e-02,3.3106499833e-03
6,1.0879950694e-01,-1.8452247560e-02,3.3602452304e-03
7,1.0618142195e-01,-2.0597509885e-02,3.4086282270e-03
8,1.0349823276e-01,-2.2738212960e-02,3.4557358535e-03

Region 16 (9 circles):
Circle_Index,Center_X,Center_Y,Radius
0,1.0075195572e-01,-2.4873897423e-02,3.5015107056e-03
1,9.7944607184e-02,-2.7004103913e-02,3.5459005044e-03
2,9.5078203511e-02,-2.9128373069e-02,3.5888575710e-03
3,9.2154761058e-02,-3.1246245527e-02,3.6303383606e-03
4,8.9176296183e-02,-3.3357261928e-02,3.6703030481e-03
5,8.6144825242e-02,-3.5460962908e-02,3.7087151592e-03
6,8.3062364593e-02,-3.7556889107e-02,3.7455412423e-03
7,7.9930930593e-02,-3.9644581163e-02,3.7807505761e-03
8,7.6752539600e-02,-4.1723579714e-02,3.8143149087e-03

Region 17 (9 circles):
Circle_Index,Center_X,Center_Y,Radius
0,7.3529207970e-02,-4.3793425399e-02,3.8462082246e-03
1,7.0262952061e-02,-4.5853658855e-02,3.8764065370e-03
2,6.6955788229e-02,-4.7903820722e-02,3.9048877010e-03
3,6.3609732833e-02,-4.9943451638e-02,3.9316312470e-03
4,6.0226802230e-02,-5.1972092240e-02,3.9566182310e-03
5,5.6809012775e-02,-5.3989283168e-02,3.9798310998e-03
6,5.3358380828e-02,-5.5994565059e-02,4.0012535708e-03
7,4.9876922745e-02,-5.7987478553e-02,4.0208705224e-03
8,4.6366654882e-02,-5.9967564287e-02,4.0386678960e-03

Region 18 (9 circles):
Circle_Index,Center_X,Center_Y,Radius
0,4.2829593598e-02,-6.1934362900e-02,4.0546326079e-03
1,3.9267755250e-02,-6.3887415029e-02,4.0687524685e-03
2,3.5683156195e-02,-6.5826261315e-02,4.0810161104e-03
3,3.2077812789e-02,-6.7750442394e-02,4.0914129225e-03
4,2.8453741391e-02,-6.9659498905e-02,4.0999329907e-03
5,2.4812958358e-02,-7.1552971487e-02,4.1065670436e-03
6,2.1157480046e-02,-7.3430400778e-02,4.1113064036e-03
7,1.7489322812e-02,-7.5291327416e-02,4.1141429423e-03
8,1.3810503015e-02,-7.7135292040e-02,4.1150690393e-03

Region 19 (9 circles):
Circle_Index,Center_X,Center_Y,Radius
0,1.0123037012e-02,-7.8961835287e-02,4.1140775459e-03
1,6.4289411582e-03,-8.0770497797e-02,4.1111617507e-03
2,2.7302318126e-03,-8.2560820208e-02,4.1063153487e-03
3,-9.7107466813e-04,-8.4332343157e-02,4.0995324136e-03
4,-4.6729619267e-03,-8.6084607284e-02,4.0908073714e-03
5,-8.3734136060e-03,-8.7817153227e-02,4.0801349774e-03
6,-1.2070413349e-02,-8.9529521624e-02,4.0675102942e-03
7,-1.5761944798e-02,-9.1221253113e-02,4.0529286722e-03
8,-1.9445991596e-02,-9.2891888333e-02,4.0363857314e-03

Region 20 (9 circles):
Circle_Index,Center_X,Center_Y,Radius
0,-2.3120537386e-02,-9.4540967923e-02,4.0178773453e-03
1,-2.6783565810e-02,-9.6168032520e-02,3.9973996254e-03
2,-3.0433060512e-02,-9.7772622762e-02,3.9749489078e-03
3,-3.4067005134e-02,-9.9354279289e-02,3.9505217408e-03
4,-3.7683383319e-02,-1.0091254274e-01,3.9241148733e-03
5,-4.1280178710e-02,-1.0244695375e-01,3.8957252446e-03
6,-4.4855374949e-02,-1.0395705296e-01,3.8653499757e-03
7,-4.8406955680e-02,-1.0544238101e-01,3.8329863605e-03
8,-5.1932904545e-02,-1.0690247853e-01,3.7986318589e-03

Region 21 (9 circles):
Circle_Index,Center_X,Center_Y,Radius
0,-5.5431205187e-02,-1.0833688617e-01,3.7622840903e-03
1,-5.8899841249e-02,-1.0974514456e-01,3.7239408286e-03
2,-6.2336796373e-02,-1.1112679434e-01,3.6835999973e-03
3,-6.5740054203e-02,-1.1248137615e-01,3.6412596663e-03
4,-6.9107598380e-02,-1.1380843063e-01,3.5969180492e-03
5,-7.2437412549e-02,-1.1510749842e-01,3.5505735022e-03
6,-7.5727480351e-02,-1.1637812014e-01,3.5022245231e-03
7,-7.8975785430e-02,-1.1761983646e-01,3.4518697525e-03
8,-8.2180311428e-02,-1.1883218799e-01,3.3995079760e-03

Region 22 (9 circles):
Circle_Index,Center_X,Center_Y,Radius
0,-8.5339041988e-02,-1.2001471538e-01,3.3451381277e-03
1,-8.8449960753e-02,-1.2116695927e-01,3.2887592953e-03
2,-9.1511051365e-02,-1.2228846030e-01,3.2303707279e-03
3,-9.4520297469e-02,-1.2337875910e-01,3.1699718452e-03
4,-9.7475682705e-02,-1.2443739632e-01,3.1075622499e-03
5,-1.0037519072e-01,-1.2546391259e-01,3.0431417432e-03
6,-1.0321680515e-01,-1.2645784854e-01,2.9767103447e-03
7,-1.0599850964e-01,-1.2741874483e-01,2.9082683160e-03
8,-1.0871828784e-01,-1.2834614208e-01,2.0878240173e-03

Region 23 (9 circles):
Circle_Index,Center_X,Center_Y,Radius
0,-1.0997122317e-01,-1.2870057988e-01,1.1399603769e-03
1,-1.1094131309e-01,-1.2882326832e-01,8.4271250030e-04
2,-1.1164201738e-01,-1.2872466814e-01,6.2471595872e-04
3,-1.1208679585e-01,-1.2841524010e-01,5.4514811734e-04
4,-1.1228910831e-01,-1.2790544494e-01,6.2434121314e-04
5,-1.1226241455e-01,-1.2720574342e-01,8.0606029619e-04
6,-1.1202017438e-01,-1.2632659629e-01,1.0251665437e-03
7,-1.1157584759e-01,-1.2527846430e-01,1.2505060837e-03
8,-1.1094289401e-01,-1.2407180819e-01,1.4700156480e-03

Region 24 (9 circles):
Circle_Index,Center_X,Center_Y,Radius
0,-1.1013477341e-01,-1.2271708873e-01,1.6786074584e-03
1,-1.0916494561e-01,-1.2122476666e-01,1.8738522863e-03
2,-1.0804687041e-01,-1.1960530273e-01,2.0544640058e-03
3,-1.0679400761e-01,-1.1786915770e-01,2.2197054448e-03
4,-1.0541981701e-01,-1.1602679231e-01,2.3691280506e-03
5,-1.0393775842e-01,-1.1408866731e-01,2.5024466960e-03
6,-1.0236129163e-01,-1.1206524346e-01,2.6194747763e-03
7,-1.0070387645e-01,-1.0996698151e-01,2.7200884960e-03
8,-9.8978972689e-02,-1.0780434221e-01,2.8042063025e-03

Region 25 (9 circles):
Circle_Index,Center_X,Center_Y,Radius
0,-9.7200040137e-02,-1.0558778630e-01,2.8717766817e-03
1,-9.5380538601e-02,-1.0332777454e-01,2.9227708486e-03
2,-9.3533927882e-02,-1.0103476769e-01,2.9571784970e-03
3,-9.1673667784e-02,-9.8719226481e-02,2.9750056191e-03
4,-8.9813218108e-02,-9.6391611678e-02,2.9762738883e-03
5,-8.7966038656e-02,-9.4062384028e-02,2.9610214029e-03
6,-8.6145589231e-02,-9.1742004281e-02,2.9293048147e-03
7,-8.4365329635e-02,-8.9440933190e-02,2.8812030892e-03
8,-8.2638719670e-02,-8.7169631504e-02,2.8168234115e-03

Region 26 (9 circles):
Circle_Index,Center_X,Center_Y,Radius
0,-8.0979219137e-02,-8.4938559974e-02,2.7363101376e-03
1,-7.9400287840e-02,-8.2758179352e-02,2.6398583103e-03
2,-7.7915385580e-02,-8.0638950388e-02,2.5277343057e-03
3,-7.6537972160e-02,-7.8591333833e-02,2.4003080512e-03
4,-7.5281507382e-02,-7.6625790438e-02,2.2581047126e-03
5,-7.4159451047e-02,-7.4752780954e-02,2.1018904293e-03
6,-7.3185262959e-02,-7.2982766131e-02,1.9328200611e-03
7,-7.2372402919e-02,-7.1326206722e-02,1.7527027237e-03
8,-7.1734330729e-02,-6.9793563475e-02,1.5645000158e-03

Region 27 (8 circles):
Circle_Index,Center_X,Center_Y,Radius
0,-7.1284506192e-02,-6.8395297143e-02,1.8160910591e-03
1,-7.0767714710e-02,-6.6294588733e-02,2.2042413575e-03
2,-7.0301336924e-02,-6.4098422092e-02,2.2856037257e-03
3,-6.9882945892e-02,-6.1810292701e-02,2.3658649793e-03
4,-6.9510114674e-02,-5.9433696039e-02,2.4446065007e-03
5,-6.9180416328e-02,-5.6972127585e-02,2.5214813090e-03
6,-6.8891423913e-02,-5.4429082817e-02,2.5962009723e-03
7,-6.8640710489e-02,-5.1808057215e-02,2.6685250209e-03

Region 28 (8 circles):
Circle_Index,Center_X,Center_Y,Radius
0,-6.8425849114e-02,-4.9112546258e-02,2.7382524143e-03
1,-6.8244412848e-02,-4.6346045426e-02,2.8052146736e-03
2,-6.8093974749e-02,-4.3512050196e-02,2.8692703502e-03
3,-6.7972107877e-02,-4.0614056049e-02,2.9303005681e-03
4,-6.7876385290e-02,-3.7655558463e-02,2.9882054222e-03
5,-6.7804380047e-02,-3.4640052918e-02,3.0429010639e-03
6,-6.7753665208e-02,-3.1571034892e-02,3.0943173387e-03
7,-6.7721813831e-02,-2.8451999866e-02,3.1423958676e-03

Region 29 (8 circles):
Circle_Index,Center_X,Center_Y,Radius
0,-6.7706398976e-02,-2.5286443317e-02,3.1870884902e-03
1,-6.7704993701e-02,-2.2077860725e-02,3.2283560001e-03
2,-6.7715171065e-02,-1.8829747569e-02,3.2661671228e-03
3,-6.7734504128e-02,-1.5545599328e-02,3.3004976922e-03
4,-6.7760565948e-02,-1.2228911481e-02,3.3313299949e-03
5,-6.7790929584e-02,-8.8831795075e-03,3.3586522557e-03
6,-6.7823168096e-02,-5.5118988866e-03,3.3824582443e-03
7,-6.7854854543e-02,-2.1185650972e-03,3.4027469879e-03
