Region Metadata for: shape_9.txt
================================================================================

REGION DEFINITION: Circle union (one circle per point)
  Each point gets a circle with radius = average distance to neighbors

Total vertices: 236
Number of regions: 30
Points per region:
  Region 0: 8 points
  Region 1: 8 points
  Region 2: 8 points
  Region 3: 8 points
  Region 4: 8 points
  Region 5: 8 points
  Region 6: 8 points
  Region 7: 8 points
  Region 8: 8 points
  Region 9: 8 points
  Region 10: 8 points
  Region 11: 8 points
  Region 12: 8 points
  Region 13: 8 points
  Region 14: 8 points
  Region 15: 8 points
  Region 16: 8 points
  Region 17: 8 points
  Region 18: 8 points
  Region 19: 8 points
  Region 20: 8 points
  Region 21: 8 points
  Region 22: 8 points
  Region 23: 8 points
  Region 24: 8 points
  Region 25: 8 points
  Region 26: 7 points
  Region 27: 7 points
  Region 28: 7 points
  Region 29: 7 points

REGION SUMMARY:
Region_Index,Num_Points,BBox_Min_X,BBox_Max_X,BBox_Min_Y,BBox_Max_Y,Normal_X,Normal_Y,Tangent_X,Tangent_Y,Fitted_Circle_X,Fitted_Circle_Y,Fitted_Circle_Radius,Local_AoA_Rad,Union_Area,Collection_Area
0,8,-8.7422911674e-02,-5.9931316630e-02,-2.8814000185e-03,1.1850031267e-02,-0.3669208244,-0.9302521748,-0.9302521748,0.3669208244,-3.7790414601e+00,-9.4085356491e+00,-1.0116031421e+01,-1.19509952e+00,1.72590770e-04,8.62727055e-05
1,8,-1.1063837174e-01,-8.3919303069e-02,6.5324056372e-03,2.1885007387e-02,-0.4047417990,-0.9144310122,-0.9144310122,0.4047417990,2.0073414469e-02,2.8030430338e-01,2.9098538345e-01,-1.15409988e+00,1.67462996e-04,8.42073382e-05
2,8,-1.2931082933e-01,-1.0727184007e-01,1.7193754275e-02,3.3322717949e-02,-0.5396657765,-0.8418793558,-0.8418793558,0.5396657765,-6.7638959535e-02,1.0519979414e-01,9.5074595778e-02,-1.00075626e+00,1.29713830e-04,6.57925016e-05
3,8,-1.3915966035e-01,-1.2616271027e-01,2.9919565093e-02,4.6298892785e-02,-0.8089881212,-0.5878249908,-0.5878249908,0.8089881212,-1.0771157307e-01,5.7341437447e-02,3.2522762719e-02,-6.28367651e-01,7.96755116e-05,4.13091914e-05
4,8,-1.3930845294e-01,-1.3011468969e-01,4.4795613635e-02,5.7168966564e-02,-0.8401790092,0.5423091669,0.5423091669,0.8401790092,-1.2689612464e-01,4.5257208618e-02,1.1125967106e-02,5.73183102e-01,4.39705275e-05,2.33812980e-05
5,8,-1.3248845558e-01,-1.1146496729e-01,5.4200222038e-02,6.5645801635e-02,-0.3761889605,0.9265429650,0.9265429650,0.3761889605,-9.6790550070e-02,-3.8682370424e-03,6.8946975497e-02,1.18511666e+00,1.03014882e-04,5.24603199e-05
6,8,-1.1437855701e-01,-8.8791107965e-02,6.0756192232e-02,7.0188656370e-02,-0.1853077961,0.9826805283,0.9826805283,0.1853077961,-7.2906154054e-02,-8.6852849097e-02,1.5533568451e-01,1.38441125e+00,1.37582621e-04,6.94168969e-05
7,8,-9.1613296880e-02,-6.9677410388e-02,6.4892324183e-02,7.0814596453e-02,-0.0344513264,0.9994063769,0.9994063769,0.0344513264,-7.6389160404e-02,-3.9327834262e-02,1.0770918069e-01,1.53633818e+00,9.97586331e-05,5.04571575e-05
8,8,-7.1614489307e-02,-4.4744361478e-02,6.1668768102e-02,7.0526099080e-02,0.1310767244,0.9913722269,0.9913722269,-0.1310767244,3.6587098131e-02,7.8601459123e-01,-7.2573046507e-01,1.70225132e+00,1.57935218e-04,7.89466651e-05
9,8,-4.8415470446e-02,-1.3031941340e-02,5.7573400363e-02,6.8537435733e-02,0.1117213821,0.9937395699,0.9937395699,-0.1117213821,1.0052302849e+00,9.3011924703e+00,-9.2958360520e+00,1.68275144e+00,2.58626705e-04,1.29288524e-04
10,8,-1.7262746736e-02,2.1753679090e-02,5.3074646716e-02,6.5509199080e-02,0.1225052833,0.9924678612,0.9924678612,-0.1225052833,-1.7362391708e-01,-1.3666956924e+00,1.4369730405e+00,1.69361012e+00,3.14712144e-04,1.57600589e-04
11,8,1.7244743373e-02,5.7154506719e-02,4.7454127950e-02,6.1398963874e-02,0.1597859516,0.9871516852,0.9871516852,-0.1597859516,-7.2970155112e-02,-6.2733059903e-01,6.9077120319e-01,1.73127014e+00,3.31783966e-04,1.66461875e-04
12,8,5.2630924342e-02,9.0726280507e-02,3.9979732803e-02,5.5506433352e-02,0.2281515195,0.9736256386,0.9736256386,-0.2281515195,-1.5461725160e-02,-3.2549618780e-01,3.8348230106e-01,1.80097503e+00,3.09110653e-04,1.55407080e-04
13,8,8.6404904828e-02,1.2005467513e-01,2.9889414295e-02,4.7146126552e-02,0.3428376384,0.9393946741,0.9393946741,-0.3428376384,3.4437407983e-02,-1.5128132522e-01,2.0221970102e-01,1.92073228e+00,2.55306028e-04,1.28930520e-04
14,8,1.1604215363e-01,1.4280573409e-01,1.6340756629e-02,3.5666202374e-02,0.5318165754,0.8468595693,0.8468595693,-0.5318165754,7.8458560547e-02,-5.6096141282e-02,9.7273432242e-02,2.13154052e+00,1.89591475e-04,9.63349786e-05
15,8,1.3892689125e-01,1.5684664474e-01,-1.7097998664e-03,2.0506068007e-02,0.8051344563,0.5930923261,0.5930923261,-0.8051344563,1.0952078551e-01,-1.9197445164e-02,4.8935791831e-02,2.50669846e+00,1.41450729e-04,7.27413575e-05
16,8,1.5198188918e-01,1.5873527335e-01,-2.0530250422e-02,1.1482146357e-03,0.9994016757,-0.0345874346,-0.0345874346,-0.9994016757,1.3388955085e-01,-9.0098492167e-03,2.2467616164e-02,-3.10699832e+00,9.97344103e-05,5.22810979e-05
17,8,1.3694255637e-01,1.5601248122e-01,-3.9341213100e-02,-1.7748710095e-02,0.7660283372,-0.6428068034,-0.6428068034,-0.7660283372,1.0615263290e-01,6.2534839476e-03,5.4281620629e-02,-2.44343590e+00,1.44533655e-04,7.41247220e-05
18,8,1.1146627511e-01,1.4109823306e-01,-5.6604149162e-02,-3.4740994796e-02,0.5443509426,-0.8388575870,-0.8388575870,-0.5443509426,4.3676645411e-02,8.2820543722e-02,1.5322991506e-01,-2.14641151e+00,2.35630118e-04,1.19152217e-04
19,8,8.0001169805e-02,1.1605351304e-01,-7.1445269148e-02,-5.0325568158e-02,0.4153189489,-0.9096758602,-0.9096758602,-0.4153189489,-3.1186289059e-02,2.2295960006e-01,3.1216508259e-01,-1.99908972e+00,3.07526264e-04,1.54756017e-04
20,8,4.6764913792e-02,8.4753567011e-02,-8.3221234662e-02,-6.4201519279e-02,0.3308228569,-0.9436928724,-0.9436928724,-0.3308228569,-8.6182046613e-02,3.5967114550e-01,4.5954176244e-01,-1.90797172e+00,3.22585139e-04,1.61986202e-04
21,8,1.5920060263e-02,5.1264571938e-02,-9.1343827449e-02,-7.5877006130e-02,0.2628208707,-0.9648446455,-0.9648446455,-0.2628208707,-8.9230516639e-02,3.6579725346e-01,4.6629582721e-01,-1.83674102e+00,2.70254793e-04,1.35652197e-04
22,8,-8.3919042772e-03,1.9699823123e-02,-9.5245895944e-02,-8.4813068348e-02,0.1870231426,-0.9823555080,-0.9823555080,-0.1870231426,-4.5227830294e-02,1.7313100987e-01,2.6865356656e-01,-1.75892727e+00,1.67719274e-04,8.43590387e-05
23,8,-1.8755366913e-02,-5.8071305179e-03,-9.5409661905e-02,-8.7408935679e-02,-0.4035358150,-0.9149638496,-0.9149638496,0.4035358150,-1.0753964311e-02,-8.6443782301e-02,6.8826594384e-03,-1.15541833e+00,4.71085098e-05,2.48993362e-05
24,8,-2.3016817362e-02,-1.6044652086e-02,-8.9244801233e-02,-6.9162834723e-02,-0.9872557097,-0.1591419607,-0.1591419607,0.9872557097,3.7926605668e-02,-7.0813900917e-02,5.8229974503e-02,-1.59821476e-01,8.62043056e-05,4.39310404e-05
25,8,-2.3856778112e-02,-1.7705291275e-02,-7.1886828450e-02,-4.5924574902e-02,-0.9997159017,-0.0238351819,-0.0238351819,0.9997159017,1.4483976091e+00,-2.6041283387e-02,1.4695141857e+00,-2.38374394e-02,1.37810066e-04,6.89676381e-05
26,7,-2.4810031433e-02,-1.8188258396e-02,-4.8803683780e-02,-2.7972533409e-02,-0.9957005580,-0.0926304421,-0.0926304421,0.9957005580,-1.3336174875e-01,-4.8263717339e-02,-1.1232295571e-01,-9.27634239e-02,1.00510189e-04,4.96845783e-05
27,7,-3.0121336469e-02,-2.0799718134e-02,-3.0256124106e-02,-1.6454364222e-02,-0.8822490630,-0.4707829551,-0.4707829551,0.8822490630,-3.9751013703e-02,-3.0731390760e-02,-1.6945589836e-02,-4.90178022e-01,5.36891660e-05,2.57638832e-05
28,7,-4.4337398263e-02,-2.7523840042e-02,-1.9218793915e-02,-6.6612817430e-03,-0.5429076381,-0.8397924127,-0.8397924127,0.5429076381,-7.2625928483e-02,-7.0655157933e-02,-6.8687128158e-02,-9.96900747e-01,8.42181120e-05,4.13996375e-05
29,7,-6.3286445902e-02,-4.1343384763e-02,-1.0822403485e-02,2.1966497912e-03,-0.4071126565,-0.9133779529,-0.9133779529,0.4071126565,-1.4872959436e-01,-2.2168179360e-01,-2.3786185078e-01,-1.15150567e+00,1.26187349e-04,6.26891544e-05

DETAILED CIRCLE DATA:

Region 0 (8 circles):
Circle_Index,Center_X,Center_Y,Radius
0,-6.3079362062e-02,2.6664541436e-04,3.1480454328e-03
1,-6.6020735483e-02,1.4419710452e-03,3.1839595850e-03
2,-6.8997141202e-02,2.6182703490e-03,3.2138508444e-03
3,-7.2001324643e-02,3.7973573748e-03,3.2376779800e-03
4,-7.5026031229e-02,4.9810461713e-03,3.2554188028e-03
5,-7.8064006382e-02,6.1711507875e-03,3.2670690566e-03
6,-8.1107995525e-02,7.3694852723e-03,3.2726418504e-03
7,-8.4150744082e-02,8.5778636746e-03,3.2721675923e-03

Region 1 (8 circles):
Circle_Index,Center_X,Center_Y,Radius
0,-8.7184997475e-02,9.7981000432e-03,3.2656944060e-03
1,-9.0203501126e-02,1.1032008427e-02,3.2532890344e-03
2,-9.3199000459e-02,1.2281402875e-02,3.2350382575e-03
3,-9.6164240896e-02,1.3548097436e-02,3.2110508717e-03
4,-9.9091967860e-02,1.4833906159e-02,3.1814603031e-03
5,-1.0197492677e-01,1.6140643093e-02,3.1464279514e-03
6,-1.0480586306e-01,1.7470122286e-02,3.1061473924e-03
7,-1.0757752214e-01,1.8824157788e-02,3.0608495983e-03

Region 2 (8 circles):
Circle_Index,Center_X,Center_Y,Radius
0,-1.1028264944e-01,2.0204563648e-02,3.0108093731e-03
1,-1.1291399038e-01,2.1613153914e-02,2.9563532366e-03
2,-1.1546429039e-01,2.3051742635e-02,2.8978690317e-03
3,-1.1792629488e-01,2.4522143861e-02,2.8358175530e-03
4,-1.2029274928e-01,2.6026171639e-02,2.7707465048e-03
5,-1.2255639901e-01,2.7565640020e-02,2.7033070519e-03
6,-1.2470998950e-01,2.9142363051e-02,2.6342731007e-03
7,-1.2674626617e-01,3.0758154782e-02,2.5645631666e-03

Region 3 (8 circles):
Circle_Index,Center_X,Center_Y,Radius
0,-1.2865797443e-01,3.2414829262e-02,2.4952641688e-03
1,-1.3043785972e-01,3.4114200539e-02,2.4276556183e-03
2,-1.3207866746e-01,3.5858082662e-02,2.3632313254e-03
3,-1.3357314306e-01,3.7648289681e-02,2.3037138930e-03
4,-1.3491403196e-01,3.9486635645e-02,2.2510550551e-03
5,-1.3609407957e-01,4.1374934601e-02,2.2074129521e-03
6,-1.3710603132e-01,4.3315000599e-02,1.8784271012e-03
7,-1.3764792714e-01,4.4787159575e-02,1.5117332098e-03

Region 4 (8 circles):
Circle_Index,Center_X,Center_Y,Radius
0,-1.3788095175e-01,4.6223114828e-02,1.4275011927e-03
1,-1.3781972873e-01,4.7622038338e-02,1.4016780051e-03
2,-1.3747888170e-01,4.8983102086e-02,1.4288240639e-03
3,-1.3687303427e-01,5.0305478054e-02,1.4984534168e-03
4,-1.3601681002e-01,5.1588338223e-02,1.5982585422e-03
5,-1.3492483258e-01,5.2830854574e-02,1.7169530657e-03
6,-1.3361172554e-01,5.4032199088e-02,1.8455514844e-03
7,-1.3209211251e-01,5.5191543747e-02,1.9774228173e-03

Region 5 (8 circles):
Circle_Index,Center_X,Center_Y,Radius
0,-1.3038061709e-01,5.6308060531e-02,2.1078384932e-03
1,-1.2849186288e-01,5.7380921423e-02,2.2334584949e-03
2,-1.2644047349e-01,5.8409298403e-02,2.3519138748e-03
3,-1.2424107252e-01,5.9392363452e-02,2.4615058851e-03
4,-1.2190828358e-01,6.0329288551e-02,2.5609993169e-03
5,-1.1945673027e-01,6.1219245683e-02,2.6494828098e-03
6,-1.1690103620e-01,6.2061406827e-02,2.7262744739e-03
7,-1.1425582496e-01,6.2854943966e-02,2.7908576694e-03

Region 6 (8 circles):
Circle_Index,Center_X,Center_Y,Radius
0,-1.1153572017e-01,6.3599029080e-02,2.8428368480e-03
1,-1.0875534542e-01,6.4292834151e-02,2.8819068507e-03
2,-1.0592932432e-01,6.4935531159e-02,2.9078313602e-03
3,-1.0307228048e-01,6.5526292087e-02,2.9204276924e-03
4,-1.0019883749e-01,6.6064288915e-02,2.9195560881e-03
5,-9.7323618967e-02,6.6548693624e-02,2.9051123062e-03
6,-9.4461248510e-02,6.6978678196e-02,2.8770227601e-03
7,-9.1626349723e-02,6.7353414612e-02,2.8352417582e-03

Region 7 (8 circles):
Circle_Index,Center_X,Center_Y,Radius
0,-8.8833546210e-02,6.7672074853e-02,2.7797506697e-03
1,-8.6097461575e-02,6.7933830900e-02,2.7105590851e-03
2,-8.3432719422e-02,6.8137854735e-02,2.6277083324e-03
3,-8.0853943355e-02,6.8283318339e-02,2.5312781139e-03
4,-7.8375756977e-02,6.8369393693e-02,2.4213976682e-03
5,-7.6012783894e-02,6.8395252777e-02,2.2982639651e-03
6,-7.3779647708e-02,6.8360067574e-02,2.1621714404e-03
7,-7.1690972024e-02,6.8263010065e-02,2.0135616354e-03

Region 8 (8 circles):
Circle_Index,Center_X,Center_Y,Radius
0,-6.9761380445e-02,6.8103252231e-02,1.8531088619e-03
1,-6.8005496576e-02,6.7879966052e-02,2.4037324068e-03
2,-6.5001249784e-02,6.7432140139e-02,3.0939589412e-03
3,-6.1881750171e-02,6.6991427333e-02,3.2047856676e-03
4,-5.8651814821e-02,6.6556440866e-02,3.3111666945e-03
5,-5.5316260820e-02,6.6125793971e-02,3.4130540575e-03
6,-5.1879905253e-02,6.5698099880e-02,3.5104097280e-03
7,-4.8347565204e-02,6.5271971828e-02,3.6032037264e-03

Region 9 (8 circles):
Circle_Index,Center_X,Center_Y,Radius
0,-4.4724057759e-02,6.4846023046e-02,3.6914126872e-03
1,-4.1014200002e-02,6.4418866767e-02,3.7750187600e-03
2,-3.7222809018e-02,6.3989116224e-02,3.8540087627e-03
3,-3.3354701892e-02,6.3555384649e-02,3.9283735293e-03
4,-2.9414695710e-02,6.3116285276e-02,3.9981074049e-03
5,-2.5407607555e-02,6.2670431336e-02,4.0632078598e-03
6,-2.1338254512e-02,6.2216436064e-02,4.1236751956e-03
7,-1.7211453668e-02,6.1752912691e-02,4.1795123277e-03

Region 10 (8 circles):
Circle_Index,Center_X,Center_Y,Radius
0,-1.3032022106e-02,6.1278474450e-02,4.2307246300e-03
1,-8.8047769111e-03,6.0791734575e-02,4.2773198320e-03
2,-4.5345351688e-03,6.0291306297e-02,4.3193079620e-03
3,-2.2611396361e-04,5.9775802849e-02,4.3567013299e-03
4,4.1156696195e-03,5.9243837465e-02,4.3895145471e-03
5,8.4859984955e-03,5.8694023376e-02,4.4177645806e-03
6,1.2880055580e-02,5.8124973817e-02,4.4414708410e-03
7,1.7293023787e-02,5.7535302019e-02,4.4606553028e-03

Region 11 (8 circles):
Circle_Index,Center_X,Center_Y,Radius
0,2.1720086033e-02,5.6923621215e-02,4.4753426595e-03
1,2.6156425232e-02,5.6288544637e-02,4.4855605136e-03
2,3.0597224300e-02,5.5628685520e-02,4.4913396046e-03
3,3.5037666152e-02,5.4942657095e-02,4.4927140785e-03
4,3.9472933702e-02,5.4229072595e-02,4.4897218021e-03
5,4.3898209866e-02,5.3486545253e-02,4.4824047283e-03
6,4.8308677559e-02,5.2713688301e-02,4.4708093172e-03
7,5.2699519696e-02,5.1909114973e-02,4.4549870228e-03

Region 12 (8 circles):
Circle_Index,Center_X,Center_Y,Radius
0,5.7065919193e-02,5.1071438501e-02,4.4349948510e-03
1,6.1403058963e-02,5.0199272117e-02,4.4108960030e-03
2,6.5706121924e-02,4.9291229056e-02,4.3827606130e-03
3,6.9970290988e-02,4.8345922548e-02,4.3506665971e-03
4,7.4190749073e-02,4.7361965828e-02,4.3147006292e-03
5,7.8362679092e-02,4.6337972127e-02,4.2749592638e-03
6,8.2481263961e-02,4.5272554679e-02,4.2315502285e-03
7,8.6541686595e-02,4.4164326716e-02,4.1845939123e-03

Region 13 (8 circles):
Circle_Index,Center_X,Center_Y,Radius
0,9.0539129909e-02,4.3011901471e-02,4.1342250809e-03
1,9.4468776818e-02,4.1813892177e-02,4.0805948523e-03
2,9.8325810237e-02,4.0568912066e-02,4.0238729718e-03
3,1.0210541308e-01,3.9275574371e-02,3.9642504301e-03
4,1.0580276827e-01,3.7932492325e-02,3.9019424707e-03
5,1.0941305871e-01,3.6538279161e-02,3.8371920346e-03
6,1.1293146732e-01,3.5091548112e-02,3.7702736937e-03
7,1.1635317702e-01,3.3590912409e-02,3.7014981143e-03

Region 14 (8 circles):
Circle_Index,Center_X,Center_Y,Radius
0,1.1967337072e-01,3.2034985287e-02,3.6312170877e-03
1,1.2288723133e-01,3.0422379977e-02,3.5598291394e-03
2,1.2598994178e-01,2.8751709712e-02,3.4877856943e-03
3,1.2897668497e-01,2.7021587726e-02,3.4155977205e-03
4,1.3184264382e-01,2.5230627250e-02,3.3438426873e-03
5,1.3458300125e-01,2.3377441518e-02,3.2731715531e-03
6,1.3719294017e-01,2.1460643762e-02,3.2043153335e-03
7,1.3966764350e-01,1.9478847216e-02,3.1380905864e-03

Region 15 (8 circles):
Circle_Index,Center_X,Center_Y,Radius
0,1.4200229415e-01,1.7430665111e-02,3.0754028967e-03
1,1.4419207504e-01,1.5314710680e-02,3.0172471670e-03
2,1.4623216908e-01,1.3129597157e-02,2.9647032785e-03
3,1.4811775918e-01,1.0873937774e-02,2.9189255494e-03
4,1.4984402827e-01,8.5463457637e-03,2.8811245243e-03
5,1.5140615926e-01,6.1454343588e-03,2.8525400897e-03
6,1.5279933505e-01,3.6698167922e-03,2.8344058568e-03
7,1.5401873858e-01,1.1181062965e-03,2.8279061629e-03

Region 16 (8 circles):
Circle_Index,Center_X,Center_Y,Radius
0,1.5505955275e-01,-1.5110838955e-03,2.6592985312e-03
1,1.5576940806e-01,-3.8986834031e-03,2.4548869943e-03
2,1.5620196713e-01,-6.2785781937e-03,2.3977987738e-03
3,1.5636530854e-01,-8.6496708171e-03,2.3699648090e-03
4,1.5626751086e-01,-1.1010863823e-02,2.3697293542e-03
5,1.5591665265e-01,-1.3361059763e-02,2.3945351167e-03
6,1.5532081249e-01,-1.5699161185e-02,2.4411883377e-03
7,1.5448806897e-01,-1.8024070639e-02,2.5061797831e-03

Region 17 (8 circles):
Circle_Index,Center_X,Center_Y,Radius
0,1.5342650064e-01,-2.0334690677e-02,2.5859805813e-03
1,1.5214418608e-01,-2.2629923847e-02,2.6772620718e-03
2,1.5064920386e-01,-2.4908672699e-02,2.7770264280e-03
3,1.4894963257e-01,-2.7169839785e-02,2.8826610015e-03
4,1.4705355076e-01,-2.9412327652e-02,2.9919396270e-03
5,1.4496903702e-01,-3.1635038853e-02,3.1029932531e-03
6,1.4270416991e-01,-3.3836875936e-02,3.2142666290e-03
7,1.4026702802e-01,-3.6016741451e-02,3.3244716489e-03

Region 18 (8 circles):
Circle_Index,Center_X,Center_Y,Radius
0,1.3766568990e-01,-3.8173537948e-02,3.4325431520e-03
1,1.3490823414e-01,-4.0306167978e-02,3.5375997993e-03
2,1.3200273931e-01,-4.2413534090e-02,3.6389107951e-03
3,1.2895728398e-01,-4.4494538835e-02,3.7358682535e-03
4,1.2577994673e-01,-4.6548084761e-02,3.8279645850e-03
5,1.2247880612e-01,-4.8573074420e-02,3.9147741464e-03
6,1.1906194073e-01,-5.0568410361e-02,3.9959384150e-03
7,1.1553742914e-01,-5.2532995134e-02,4.0711540282e-03

Region 19 (8 circles):
Circle_Index,Center_X,Center_Y,Radius
0,1.1191334991e-01,-5.4465731289e-02,4.1401631316e-03
1,1.0819778162e-01,-5.6365521376e-02,4.2027455772e-03
2,1.0439880284e-01,-5.8231267946e-02,4.2587126002e-03
3,1.0052449215e-01,-6.0061873547e-02,4.3079016783e-03
4,9.6582928112e-02,-6.1856240729e-02,4.3501723385e-03
5,9.2582189308e-02,-6.3613272044e-02,4.3854027233e-03
6,8.8530354308e-02,-6.5331870041e-02,4.4134867691e-03
7,8.4435501684e-02,-6.7010937269e-02,4.4343318793e-03

Region 20 (8 circles):
Circle_Index,Center_X,Center_Y,Radius
0,8.0305710011e-02,-6.8649376279e-02,4.4478569998e-03
1,7.6149057860e-02,-7.0246089621e-02,4.4539910215e-03
2,7.1973623805e-02,-7.1799979844e-02,4.4526714534e-03
3,6.7787486419e-02,-7.3309949499e-02,4.4438433173e-03
4,6.3598724274e-02,-7.4774901136e-02,4.4274582293e-03
5,5.9415415944e-02,-7.6193737304e-02,4.4034736369e-03
6,5.5245640002e-02,-7.7565360553e-02,4.3718521901e-03
7,5.1097475020e-02,-7.8888673434e-02,4.3325612275e-03

Region 21 (8 circles):
Circle_Index,Center_X,Center_Y,Radius
0,4.6978999572e-02,-8.0162578496e-02,4.2855723662e-03
1,4.2898292230e-02,-8.1385978290e-02,4.2308611843e-03
2,3.8863431568e-02,-8.2557775365e-02,4.1684069924e-03
3,3.4882496158e-02,-8.3676872271e-02,4.0981926922e-03
4,3.0963564574e-02,-8.4742171559e-02,4.0202047269e-03
5,2.7114715388e-02,-8.5752575778e-02,3.9344331293e-03
6,2.3344027174e-02,-8.6706987478e-02,3.8408716862e-03
7,1.9659578504e-02,-8.7604309209e-02,3.7395182409e-03

Region 22 (8 circles):
Circle_Index,Center_X,Center_Y,Radius
0,1.6069447951e-02,-8.8443443521e-02,3.6303751723e-03
1,1.2581714088e-02,-8.9223292964e-02,3.5134501059e-03
2,9.2044554890e-03,-8.9942760088e-02,3.3887569393e-03
3,5.9457507260e-03,-9.0600747443e-02,3.2563173093e-03
4,2.8136783721e-03,-9.1196157579e-02,3.1161626921e-03
5,-1.8368299952e-04,-9.1727893046e-02,2.9683374403e-03
6,-3.0382548161e-03,-9.2194856393e-02,2.8129032380e-03
7,-5.7419585045e-03,-9.2595950172e-02,2.6499457727e-03

Region 23 (8 circles):
Circle_Index,Center_X,Center_Y,Radius
0,-8.2867154919e-03,-9.2930076931e-02,2.4795849740e-03
1,-1.0664447205e-02,-9.3196139221e-02,1.8990866284e-03
2,-1.2070042104e-02,-9.3191672888e-02,1.3528541908e-03
3,-1.3334632537e-02,-9.2889865576e-02,1.2864804338e-03
4,-1.4465970819e-02,-9.2306571293e-02,1.2945283829e-03
5,-1.5471809266e-02,-9.1457644044e-02,1.3644758347e-03
6,-1.6359900193e-02,-9.0358937837e-02,1.4779540400e-03
7,-1.7137995914e-02,-8.9026306677e-02,1.6173709986e-03

Region 24 (8 circles):
Circle_Index,Center_X,Center_Y,Radius
0,-1.7813848746e-02,-8.7475604573e-02,1.7691966605e-03
1,-1.8395211004e-02,-8.5722685530e-02,1.9240882110e-03
2,-1.8889835003e-02,-8.3783403555e-02,2.0758544244e-03
3,-1.9305473058e-02,-8.1673612655e-02,2.2204145677e-03
4,-1.9649877485e-02,-7.9409166836e-02,2.3550483541e-03
5,-1.9930800599e-02,-7.7005920106e-02,2.4779105524e-03
6,-2.0155994715e-02,-7.4479726470e-02,2.5877270786e-03
7,-2.0333212148e-02,-7.1846439936e-02,2.6836052134e-03

Region 25 (8 circles):
Circle_Index,Center_X,Center_Y,Radius
0,-2.0470205215e-02,-6.9121914511e-02,2.7649139394e-03
1,-2.0574726230e-02,-6.6322004200e-02,2.8312075210e-03
2,-2.0654527508e-02,-6.3462563012e-02,2.8821762373e-03
3,-2.0717361365e-02,-6.0559444951e-02,2.9176146459e-03
4,-2.0770980116e-02,-5.7628504026e-02,2.9374016264e-03
5,-2.0823136076e-02,-5.4685594242e-02,2.9414888091e-03
6,-2.0881581562e-02,-5.1746569607e-02,2.9298954957e-03
7,-2.0954068887e-02,-4.8827284127e-02,2.9027092246e-03

Region 26 (7 circles):
Circle_Index,Center_X,Center_Y,Radius
0,-2.1048350368e-02,-4.5943591808e-02,2.8600919719e-03
1,-2.1172178319e-02,-4.3111346658e-02,2.8022927997e-03
2,-2.1333305056e-02,-4.0346402684e-02,2.7296687403e-03
3,-2.1539482895e-02,-3.7664613891e-02,2.6427170591e-03
4,-2.1798464150e-02,-3.5081834287e-02,2.5421240683e-03
5,-2.2118001137e-02,-3.2613917878e-02,2.4288388483e-03
6,-2.2505846171e-02,-3.0276718671e-02,2.3041852628e-03

Region 27 (7 circles):
Circle_Index,Center_X,Center_Y,Radius
0,-2.2969751567e-02,-2.8086090673e-02,2.1700334330e-03
1,-2.3517469642e-02,-2.6057887890e-02,2.0290629316e-03
2,-2.4156752709e-02,-2.4207964329e-02,1.8851622662e-03
3,-2.4895353085e-02,-2.2552173997e-02,1.7440100023e-03
4,-2.5741023084e-02,-2.1106370901e-02,1.6138278695e-03
5,-2.6701515023e-02,-1.9886409046e-02,1.7665493363e-03
6,-2.8095749157e-02,-1.8479951534e-02,2.0255873122e-03

Region 28 (7 circles):
Circle_Index,Center_X,Center_Y,Radius
0,-2.9641088825e-02,-1.7101545131e-02,2.1172487834e-03
1,-3.1330279451e-02,-1.5749375789e-02,2.2106262535e-03
2,-3.3156066457e-02,-1.4421629458e-02,2.3041242691e-03
3,-3.5111195265e-02,-1.3116492090e-02,2.3964651101e-03
4,-3.7188411299e-02,-1.1832149635e-02,2.4866274890e-03
5,-3.9380459982e-02,-1.0566788045e-02,2.5737945429e-03
6,-4.1680086735e-02,-9.3185932712e-03,2.6573115281e-03

Region 29 (7 circles):
Circle_Index,Center_X,Center_Y,Radius
0,-4.4080036983e-02,-8.0857512643e-03,2.7366522203e-03
1,-4.6573056147e-02,-6.8664479755e-03,2.8113925812e-03
2,-4.9151889651e-02,-5.6588693560e-03,2.8811902662e-03
3,-5.1809282918e-02,-4.4612013568e-03,2.9457687271e-03
4,-5.4537981369e-02,-3.2716299290e-03,3.0049048938e-03
5,-5.7330730429e-02,-2.0883410239e-03,3.0584196361e-03
6,-6.0180275519e-02,-9.0952059237e-04,3.1061703836e-03
