Region Metadata for: shape_13.txt
================================================================================

REGION DEFINITION: Circle union (one circle per point)
  Each point gets a circle with radius = average distance to neighbors

Total vertices: 203
Number of regions: 30
Points per region:
  Region 0: 7 points
  Region 1: 7 points
  Region 2: 7 points
  Region 3: 7 points
  Region 4: 7 points
  Region 5: 7 points
  Region 6: 7 points
  Region 7: 7 points
  Region 8: 7 points
  Region 9: 7 points
  Region 10: 7 points
  Region 11: 7 points
  Region 12: 7 points
  Region 13: 7 points
  Region 14: 7 points
  Region 15: 7 points
  Region 16: 7 points
  Region 17: 7 points
  Region 18: 7 points
  Region 19: 7 points
  Region 20: 7 points
  Region 21: 7 points
  Region 22: 7 points
  Region 23: 6 points
  Region 24: 6 points
  Region 25: 6 points
  Region 26: 6 points
  Region 27: 6 points
  Region 28: 6 points
  Region 29: 6 points

REGION SUMMARY:
Region_Index,Num_Points,BBox_Min_X,BBox_Max_X,BBox_Min_Y,BBox_Max_Y,Normal_X,Normal_Y,Tangent_X,Tangent_Y,Fitted_Circle_X,Fitted_Circle_Y,Fitted_Circle_Radius,Local_AoA_Rad,Union_Area,Collection_Area
0,7,-7.8148336882e-02,-6.4031041005e-02,-2.3266485128e-03,4.1215745584e-02,-0.9951726691,0.0981394855,0.0981394855,0.9951726691,9.9880546289e-01,-8.6074203618e-02,1.0751113528e+00,9.82977083e-02,4.36496622e-04,2.18833506e-04
1,7,-7.4043405891e-02,-6.0186592662e-02,3.5873410573e-02,7.6118735674e-02,-0.9922942274,0.1239038594,0.1239038594,0.9922942274,2.0889360328e+00,-2.1322821343e-01,2.1726442974e+00,1.24223102e-01,3.74835857e-04,1.87627613e-04
2,7,-6.9090152339e-02,-5.7000386937e-02,7.1318060500e-02,1.0602717967e-01,-0.9916295521,0.1291155740,0.1291155740,0.9916295521,-4.2827029511e+00,6.3940814951e-01,-4.2557769853e+00,1.29477036e-01,2.79785880e-04,1.39778802e-04
3,7,-6.4363068586e-02,-5.4404837590e-02,1.0207814186e-01,1.1387180329e-01,-0.8112178910,0.5847439895,0.5847439895,0.8112178910,-5.6387715281e-02,1.0815035620e-01,4.5199059793e-03,6.24564434e-01,7.01845373e-05,3.67270892e-05
4,7,-5.6187931576e-02,-3.9228088464e-02,9.9091493186e-02,1.1345509968e-01,0.6172268239,0.7867852616,0.7867852616,-0.6172268239,-9.5839436653e-02,4.7110131746e-02,7.6762235179e-02,2.23600944e+00,9.72352285e-05,4.93796091e-05
5,7,-4.3218248844e-02,-2.2265758224e-02,8.4114493386e-02,1.0330421552e-01,0.6605601483,0.7507731285,0.7507731285,-0.6605601483,1.7560305413e-01,3.2952272620e-01,-3.1482716738e-01,2.29236094e+00,1.52575246e-04,7.58791171e-05
6,7,-2.5860859331e-02,-9.1082722853e-03,7.7878874031e-02,8.8247777067e-02,0.4271802363,0.9041664922,0.9041664922,-0.4271802363,-6.7086688145e-03,1.0327576474e-01,-2.4124384841e-02,2.01216816e+00,7.92071342e-05,3.79012488e-05
7,7,-1.0947232784e-02,6.4596367311e-03,7.7947211398e-02,8.9208261433e-02,-0.4577540938,0.8890788433,0.8890788433,0.4577540938,-1.9408972074e-02,1.1492255771e-01,-3.6640978189e-02,1.09532888e+00,8.50160651e-05,4.11954851e-05
8,7,2.9864883997e-03,2.3750731983e-02,8.5126035925e-02,1.0326959358e-01,-0.6343533637,0.7730432135,0.7730432135,0.6343533637,-2.5587948683e-01,4.2103222749e-01,-4.2357780239e-01,8.83624576e-01,1.43503740e-04,7.14836329e-05
9,7,1.9851323346e-02,3.9371791292e-02,9.8956204835e-02,1.1467201808e-01,-0.5877188710,0.8090652190,0.8090652190,0.5877188710,9.1936199141e-02,2.2349417373e-02,1.0539698405e-01,9.42559845e-01,1.19923995e-04,6.08111644e-05
10,7,3.6725619552e-02,5.1235916602e-02,1.1102211291e-01,1.1691850421e-01,-0.0819200456,0.9966389046,0.9966389046,0.0819200456,4.5307880510e-02,1.0378302618e-01,1.1339679689e-02,1.48878438e+00,5.23165595e-05,2.80138701e-05
11,7,4.8858563451e-02,6.3623886476e-02,9.6905299299e-02,1.1518930080e-01,0.8067360717,0.5909119314,0.5909119314,-0.8067360717,5.8171958178e-03,7.0186614211e-02,6.2296971037e-02,2.50940388e+00,1.06704782e-04,5.46288052e-05
12,7,5.8878074760e-02,7.4033699247e-02,7.4683788432e-02,1.0042127481e-01,0.9152987503,0.4027756171,0.4027756171,-0.9152987503,-7.4043609221e-02,2.6188345572e-02,1.5354047336e-01,2.72704535e+00,1.73308630e-04,8.76123212e-05
13,7,6.7905319466e-02,8.1865286328e-02,4.9101351736e-02,7.8582152401e-02,0.9599329474,0.2802297923,0.2802297923,-0.9599329474,-1.5019939427e-01,-1.7389996113e-03,2.3467485452e-01,2.85755917e+00,2.11181634e-04,1.06377703e-04
14,7,7.5044653505e-02,8.6395504693e-02,2.3359379010e-02,5.3045824390e-02,0.9850701891,0.1721531953,0.1721531953,-0.9850701891,-1.4467371151e-01,-1.3616852948e-03,2.2920637050e-01,2.96857757e+00,2.06207277e-04,1.03936619e-04
15,7,7.9614687116e-02,8.7237766969e-02,6.1665044514e-04,2.6971927313e-02,0.9992482582,0.0387674917,0.0387674917,-0.9992482582,-5.6564624678e-02,7.9618730437e-03,1.4058236071e-01,3.10281544e+00,1.59675551e-04,8.07683833e-05
16,7,7.7534272980e-02,8.6660478658e-02,-1.7845428847e-02,3.5632814086e-03,0.9798953092,-0.1995123629,-0.1995123629,-0.9798953092,2.9669711423e-02,3.6021937874e-03,5.4172191102e-02,-2.94073240e+00,1.09065969e-04,5.54911293e-05
17,7,6.6148865076e-02,8.2951268007e-02,-4.5244313140e-02,-1.4437298634e-02,0.9332547478,-0.3592152221,-0.3592152221,-0.9332547478,-3.6017723081e-01,1.3855565756e-01,4.6673474308e-01,-2.77416580e+00,2.43585135e-04,1.22310199e-04
18,7,5.0640646645e-02,7.3820975359e-02,-7.9021294358e-02,-4.0130529452e-02,0.9120222365,-0.4101407566,-0.4101407566,-0.9120222365,-5.4761520640e-01,2.1517271052e-01,6.6923125670e-01,-2.71898426e+00,3.97280547e-04,1.99368686e-04
19,7,3.2355063520e-02,5.9305806065e-02,-1.1411871916e-01,-7.2933607957e-02,0.8852978298,-0.4650244645,-0.4650244645,-0.8852978298,-4.4635668842e-01,1.6494117449e-01,5.5619688151e-01,-2.65793041e+00,4.64198053e-04,2.33235635e-04
20,7,1.2612998600e-02,4.0777972679e-02,-1.4550349715e-01,-1.0776211409e-01,0.8398644308,-0.5427962213,-0.5427962213,-0.8398644308,-2.4612895479e-01,4.9048969838e-02,3.2481883191e-01,-2.56782974e+00,4.21435315e-04,2.12324891e-04
21,7,-7.3496667200e-03,1.9637939716e-02,-1.6822753942e-01,-1.3950337583e-01,0.7387307176,-0.6740006876,-0.6740006876,-0.7387307176,-9.2198101509e-02,-6.5401745272e-02,1.3292200459e-01,-2.40198153e+00,2.94438206e-04,1.49581902e-04
22,7,-2.6734214281e-02,-2.6083818265e-03,-1.7777992030e-01,-1.6293927467e-01,0.4249815853,-0.9052019952,-0.9052019952,-0.4249815853,-3.0635278496e-02,-1.3830494305e-01,3.7303096498e-02,-2.00973787e+00,1.58340905e-04,8.24644477e-05
23,6,-4.3500795790e-02,-2.3901217690e-02,-1.7787204153e-01,-1.6621178786e-01,-0.3730299053,-0.9278193195,-0.9278193195,0.3730299053,-2.6111521964e-02,-1.5458647592e-01,2.0521013260e-02,-1.18852382e+00,1.15149261e-04,6.10684898e-05
24,6,-5.9109226233e-02,-3.8942144380e-02,-1.7101901354e-01,-1.4736481895e-01,-0.7895320196,-0.6137093694,-0.6137093694,0.7895320196,9.5882683488e-03,-1.1389312503e-01,7.4719243353e-02,-6.60750248e-01,2.01805343e-04,1.03398524e-04
25,6,-6.9873495802e-02,-5.2852212093e-02,-1.5203990634e-01,-1.2316962414e-01,-0.9247260754,-0.3806332690,-0.3806332690,0.9247260754,4.7429500084e-02,-9.3171361261e-02,1.1791674396e-01,-3.90481018e-01,2.42229386e-04,1.23229718e-04
26,6,-7.6610534002e-02,-6.1991651947e-02,-1.2795528798e-01,-9.4706760452e-02,-0.9785155373,-0.2061730903,-0.2061730903,0.9785155373,1.2179571201e-01,-7.1376060052e-02,1.9545629083e-01,-2.07662403e-01,2.96198822e-04,1.49790887e-04
27,6,-7.9890737828e-02,-6.7223126416e-02,-9.9799982495e-02,-6.3303317406e-02,-0.9963783454,-0.0850305402,-0.0850305402,0.9963783454,2.3821628248e-01,-5.5178650149e-02,3.1302924837e-01,-8.51333395e-02,3.47535680e-04,1.75158515e-04
28,6,-8.0463947307e-02,-6.9210272215e-02,-6.8694141613e-02,-3.0232776609e-02,-0.9999989484,-0.0014502707,-0.0014502707,0.9999989484,4.0196854789e-01,-4.8922121739e-02,4.7692131497e-01,-1.45027124e-03,3.83779754e-04,1.93049866e-04
29,6,-8.0182700371e-02,-6.7448707352e-02,-3.5805831202e-02,3.2579010644e-03,-0.9984067496,0.0564266097,0.0564266097,0.9984067496,6.2625053737e-01,-5.5908873425e-02,7.0132551716e-01,5.64565961e-02,3.96740068e-04,1.99221646e-04

DETAILED CIRCLE DATA:

Region 0 (7 circles):
Circle_Index,Center_X,Center_Y,Radius
0,-7.2588127254e-02,3.2335611154e-03,5.5602096282e-03
1,-7.2116859062e-02,8.7638058987e-03,5.5375284862e-03
2,-7.1615286950e-02,1.4265759501e-02,5.5091480230e-03
3,-7.1086557377e-02,1.9733783723e-02,5.4750261598e-03
4,-7.0533816803e-02,2.5162240364e-02,5.4351246697e-03
5,-6.9960211687e-02,3.0545491223e-02,5.3894088908e-03
6,-6.9368888488e-02,3.5877898101e-02,5.3378474827e-03

Region 1 (7 circles):
Circle_Index,Center_X,Center_Y,Radius
0,-6.8762993667e-02,4.1153822797e-02,5.2804122241e-03
1,-6.8145673682e-02,4.6367627111e-02,5.2170778506e-03
2,-6.7520074994e-02,5.1513672842e-02,5.1478219301e-03
3,-6.6889344062e-02,5.6586321791e-02,5.0726247787e-03
4,-6.6256627345e-02,6.1579935757e-02,4.9914694174e-03
5,-6.5625071304e-02,6.6488876539e-02,4.9043415742e-03
6,-6.4997822397e-02,7.1307505939e-02,4.8112297352e-03

Region 2 (7 circles):
Circle_Index,Center_X,Center_Y,Radius
0,-6.4378027085e-02,7.6030185754e-02,4.7121252544e-03
1,-6.3768831827e-02,8.0651277786e-02,4.6070225317e-03
2,-6.3173383082e-02,8.5165143833e-02,4.4959192751e-03
3,-6.2594827310e-02,8.9566145696e-02,4.3788168674e-03
4,-6.2036310971e-02,9.3848645174e-02,4.2557208674e-03
5,-6.1500980525e-02,9.8007004067e-02,4.1266416857e-03
6,-6.0991982430e-02,1.0203558418e-01,3.9915954928e-03

Region 3 (7 circles):
Circle_Index,Center_X,Center_Y,Radius
0,-6.0512463146e-02,1.0592874730e-01,3.8506054403e-03
1,-6.0065569134e-02,1.0968085523e-01,2.6373921810e-03
2,-5.9726285009e-02,1.1113803425e-01,1.3147372102e-03
3,-5.9121439132e-02,1.1209645528e-01,1.0598804612e-03
4,-5.8268692972e-02,1.1259233214e-01,1.0358293816e-03
5,-5.7185707999e-02,1.1266187862e-01,1.2099246736e-03
6,-5.5890145683e-02,1.1234130851e-01,1.4853080923e-03

Region 4 (7 circles):
Circle_Index,Center_X,Center_Y,Radius
0,-5.4399667493e-02,1.1166683560e-01,1.7882640830e-03
1,-5.2731934899e-02,1.1067467370e-01,2.0839682359e-03
2,-5.0904609370e-02,1.0940103659e-01,2.3571810384e-03
3,-4.8935352377e-02,1.0788213807e-01,2.6007487593e-03
4,-4.6841825389e-02,1.0615419194e-01,2.8110135348e-03
5,-4.4641689875e-02,1.0425341200e-01,2.9859789577e-03
6,-4.2352607307e-02,1.0221601203e-01,3.1245188425e-03

Region 5 (7 circles):
Circle_Index,Center_X,Center_Y,Radius
0,-3.9992239152e-02,1.0007820583e-01,3.2260096920e-03
1,-3.7578246881e-02,9.7876207201e-02,3.2901521680e-03
2,-3.5128291963e-02,9.5646229933e-02,3.3168864566e-03
3,-3.2660035869e-02,9.3424487822e-02,3.3063616690e-03
4,-3.0191140067e-02,9.1247194663e-02,3.2589443289e-03
5,-2.7739266029e-02,8.9150564252e-02,3.1752652931e-03
6,-2.5322075222e-02,8.7170810384e-02,3.0563169978e-03

Region 6 (7 circles):
Circle_Index,Center_X,Center_Y,Radius
0,-2.2957229117e-02,8.5344146853e-02,2.9036302139e-03
1,-2.0662389184e-02,8.3706787454e-02,2.7195904032e-03
2,-1.8455216893e-02,8.2294945984e-02,2.5080150031e-03
3,-1.6353373712e-02,8.1144836236e-02,2.2752366041e-03
4,-1.4374521112e-02,8.0292672006e-02,2.0321665073e-03
5,-1.2536320562e-02,7.9774667088e-02,1.7980774580e-03
6,-1.0856433533e-02,7.9627035279e-02,1.7481612476e-03

Region 7 (7 circles):
Circle_Index,Center_X,Center_Y,Radius
0,-9.0585621949e-03,7.9835881987e-02,1.8886705889e-03
1,-7.1561543676e-03,8.0337309743e-02,2.0541158411e-03
2,-5.1581892335e-03,8.1106322009e-02,2.2289436593e-03
3,-3.0736459752e-03,8.2117922247e-02,2.4020784992e-03
4,-9.1150377511e-04,8.3347113920e-02,2.5662260074e-03
5,1.3192581841e-03,8.4768900491e-02,2.7165887493e-03
6,3.6096607200e-03,8.6358285421e-02,2.8499760111e-03

Region 8 (7 circles):
Circle_Index,Center_X,Center_Y,Radius
0,5.9507246499e-03,8.8090272175e-02,2.9642362503e-03
1,8.3334707914e-03,8.9939864214e-02,3.0579043297e-03
2,1.0748919962e-02,9.1882065001e-02,3.1299829349e-03
3,1.3188092979e-02,9.3891877999e-02,3.1798069968e-03
4,1.5642010660e-02,9.5944306670e-02,3.2069604549e-03
5,1.8101693822e-02,9.8014354477e-02,3.2112275395e-03
6,2.0558163283e-02,1.0007702488e-01,3.1925687007e-03

Region 9 (7 circles):
Circle_Index,Center_X,Center_Y,Radius
0,2.3002439860e-02,1.0210732135e-01,3.1511165133e-03
1,2.5425544371e-02,1.0408024734e-01,3.0871908080e-03
2,2.7818497633e-02,1.0597080631e-01,3.0013360012e-03
3,3.0172320463e-02,1.0775400174e-01,2.8943881522e-03
4,3.2478033680e-02,1.0940483707e-01,2.7675859566e-03
5,3.4726658101e-02,1.1089831578e-01,2.6227505871e-03
6,3.6909214542e-02,1.1220944133e-01,2.4625767502e-03

Region 10 (7 circles):
Circle_Index,Center_X,Center_Y,Radius
0,3.9016723822e-02,1.1331321718e-01,2.2911042699e-03
1,4.1040206757e-02,1.1418464678e-01,2.1144728557e-03
2,4.2970684166e-02,1.1479873361e-01,1.9420694737e-03
3,4.4799176866e-02,1.1513048113e-01,1.7880230810e-03
4,4.6516705674e-02,1.1515489280e-01,1.6723459708e-03
5,4.8114291408e-02,1.1484697208e-01,1.6196476524e-03
6,4.9582954885e-02,1.1418172244e-01,1.6529617168e-03

Region 11 (7 circles):
Circle_Index,Center_X,Center_Y,Radius
0,5.0913716922e-02,1.1313414733e-01,2.0551534712e-03
1,5.2576593490e-02,1.1138051453e-01,2.4798973232e-03
2,5.4219296368e-02,1.0943914573e-01,2.6056932746e-03
3,5.5839788063e-02,1.0731930365e-01,2.7294679047e-03
4,5.7436031083e-02,1.0503025097e-01,2.8498348776e-03
5,5.9005987935e-02,1.0258125040e-01,2.9657155389e-03
6,6.0547621127e-02,9.9981564648e-02,3.0762653490e-03

Region 12 (7 circles):
Circle_Index,Center_X,Center_Y,Radius
0,6.2058893167e-02,9.7240456408e-02,3.1808184067e-03
1,6.3537766561e-02,9.4367188383e-02,3.2788459040e-03
2,6.4982203818e-02,9.1371023277e-02,3.3699250500e-03
3,6.6390167444e-02,8.8261223789e-02,3.4537157688e-03
4,6.7759619948e-02,8.5047052623e-02,3.5299431528e-03
5,6.9088523837e-02,8.1737772479e-02,3.5983841832e-03
6,7.0374841618e-02,7.8342646061e-02,3.6588576290e-03

Region 13 (7 circles):
Circle_Index,Center_X,Center_Y,Radius
0,7.1616535799e-02,7.4870936068e-02,3.7112163325e-03
1,7.2811568887e-02,7.1331905204e-02,3.7553413024e-03
2,7.3957903390e-02,6.7734816169e-02,3.7911371929e-03
3,7.5053501815e-02,6.4088931666e-02,3.8185288629e-03
4,7.6096326671e-02,6.0403514396e-02,3.8374587883e-03
5,7.7084340463e-02,5.6687827062e-02,3.8478851710e-03
6,7.8015505701e-02,5.2951132364e-02,3.8497806275e-03

Region 14 (7 circles):
Circle_Index,Center_X,Center_Y,Radius
0,7.8887784890e-02,4.9202693004e-02,3.8431313852e-03
1,7.9699140540e-02,4.5451771685e-02,3.8279369406e-03
2,8.0447535157e-02,4.1707631108e-02,3.8042101645e-03
3,8.1130931249e-02,3.7979533975e-02,3.7719778647e-03
4,8.1747291323e-02,3.4276742987e-02,3.7312818438e-03
5,8.2294577887e-02,3.0608520847e-02,3.6821805238e-03
6,8.2770753448e-02,2.6984130255e-02,3.6247512451e-03

Region 15 (7 circles):
Circle_Index,Center_X,Center_Y,Radius
0,8.3173780514e-02,2.3412833914e-02,3.5590933987e-03
1,8.3501621593e-02,1.9903894526e-02,3.4853326161e-03
2,8.3752239191e-02,1.6466574792e-02,3.4036263309e-03
3,8.3923595817e-02,1.3110137413e-02,3.3141711517e-03
4,8.4013653978e-02,9.8438450926e-03,3.2172126607e-03
5,8.4020376181e-02,6.6769605314e-03,3.1130585031e-03
6,8.3941724933e-02,3.6187464314e-03,3.0020959862e-03

Region 16 (7 circles):
Circle_Index,Center_X,Center_Y,Radius
0,8.3775662743e-02,6.7846549424e-04,2.8848159144e-03
1,8.3520152118e-02,-2.1346195783e-03,2.7618450936e-03
2,8.3173155566e-02,-4.8112460844e-03,2.6339909229e-03
3,8.2732635593e-02,-7.3421513224e-03,2.5023027625e-03
4,8.2196554707e-02,-9.7180725905e-03,2.3681562546e-03
5,8.1562875417e-02,-1.1929747187e-02,2.6319701883e-03
6,8.0635522993e-02,-1.4744178834e-02,3.1012500129e-03

Region 17 (7 circles):
Circle_Index,Center_X,Center_Y,Radius
0,7.9581460841e-02,-1.7807105800e-02,3.3698071656e-03
1,7.8404646958e-02,-2.1103747324e-02,3.6235526475e-03
2,7.7109039339e-02,-2.4619322649e-02,3.8624354887e-03
3,7.5698595983e-02,-2.8339051015e-02,4.0864269459e-03
4,7.4177274885e-02,-3.2248151661e-02,4.2955132421e-03
5,7.2549034043e-02,-3.6331843830e-02,4.4896913321e-03
6,7.0817831454e-02,-4.0575346762e-02,4.6689663777e-03

Region 18 (7 circles):
Circle_Index,Center_X,Center_Y,Radius
0,6.8987625114e-02,-4.4963879698e-02,4.8333502454e-03
1,6.7062373020e-02,-4.9482661878e-02,4.9828606463e-03
2,6.5046033169e-02,-5.4116912543e-02,5.1175207086e-03
3,6.2942563559e-02,-5.8851850933e-02,5.2373588579e-03
4,6.0755922185e-02,-6.3672696291e-02,5.3424089377e-03
5,5.8490067045e-02,-6.8564667855e-02,5.4327105341e-03
6,5.6148956136e-02,-7.3512984868e-02,5.5083094902e-03

Region 19 (7 circles):
Circle_Index,Center_X,Center_Y,Radius
0,5.3736547454e-02,-7.8502866569e-02,5.5692586118e-03
1,5.1256798996e-02,-8.3519532200e-02,5.6156185806e-03
2,4.8713668760e-02,-8.8548201001e-02,5.6474591027e-03
3,4.6111114741e-02,-9.3574092212e-02,5.6648603331e-03
4,4.3453094938e-02,-9.8582425076e-02,5.6679146338e-03
5,4.0743567346e-02,-1.0355841883e-01,5.6567287414e-03
6,3.7986489963e-02,-1.0848729272e-01,5.6314264430e-03

Region 20 (7 circles):
Circle_Index,Center_X,Center_Y,Radius
0,3.5185820785e-02,-1.1335426598e-01,5.5921518941e-03
1,3.2345517810e-02,-1.1814455786e-01,5.5390737479e-03
2,2.9469539034e-02,-1.2284338759e-01,5.4723903277e-03
3,2.6561842454e-02,-1.2743597442e-01,5.3923361431e-03
4,2.3626386067e-02,-1.3190753759e-01,5.2991901561e-03
5,2.0667127870e-02,-1.3624329633e-01,5.1932863391e-03
6,1.7688025859e-02,-1.4042846989e-01,5.0750272594e-03

Region 21 (7 circles):
Circle_Index,Center_X,Center_Y,Radius
0,1.4693038032e-02,-1.4444827751e-01,4.9449016835e-03
1,1.1686122386e-02,-1.4828793843e-01,4.8035075522e-03
2,8.6712369163e-03,-1.5193267189e-01,4.6515821607e-03
3,5.6523396210e-03,-1.5536769713e-01,4.4900420271e-03
4,2.6333884967e-03,-1.5857823340e-01,4.3200357594e-03
5,-3.8165845973e-04,-1.6154949992e-01,4.1430142393e-03
6,-3.3888432515e-03,-1.6426671595e-01,3.9608234685e-03

Region 22 (7 circles):
Circle_Index,Center_X,Center_Y,Radius
0,-6.3842078817e-03,-1.6671510072e-01,3.7758260552e-03
1,-9.3637943535e-03,-1.6887987348e-01,3.5910564700e-03
2,-1.2323644670e-02,-1.7074625346e-01,3.4104105438e-03
3,-1.5259800834e-02,-1.7229945991e-01,3.2388568291e-03
4,-1.8168304850e-02,-1.7352471207e-01,3.0826297853e-03
5,-2.1045198719e-02,-1.7440722917e-01,2.9493167185e-03
6,-2.3886524446e-02,-1.7493223047e-01,2.8476898348e-03

Region 23 (6 circles):
Circle_Index,Center_X,Center_Y,Radius
0,-2.6688324033e-02,-1.7508493519e-01,2.7871063438e-03
1,-2.9446639484e-02,-1.7485056258e-01,2.7763938662e-03
2,-3.2157512801e-02,-1.7421433188e-01,2.8224178487e-03
3,-3.4816985989e-02,-1.7316146234e-01,2.9288616237e-03
4,-3.7421101049e-02,-1.7167717318e-01,3.0958006746e-03
5,-3.9965899985e-02,-1.6974668366e-01,3.5348958053e-03

Region 24 (6 circles):
Circle_Index,Center_X,Center_Y,Radius
0,-4.2827837945e-02,-1.6713331998e-01,3.8856935649e-03
1,-4.5543052979e-02,-1.6433963406e-01,3.9115929217e-03
2,-4.8114691548e-02,-1.6137126412e-01,3.9482797951e-03
3,-5.0545900110e-02,-1.5823384835e-01,3.9943963951e-03
4,-5.2839825127e-02,-1.5493302496e-01,4.0486045580e-03
5,-5.4999613056e-02,-1.5147443213e-01,4.1096131772e-03

Region 25 (6 circles):
Circle_Index,Center_X,Center_Y,Radius
0,-5.7028410358e-02,-1.4786370808e-01,4.1761982650e-03
1,-5.8929363492e-02,-1.4410649100e-01,4.2472161145e-03
2,-6.0705618918e-02,-1.4020841909e-01,4.3216105317e-03
3,-6.2360323096e-02,-1.3617513055e-01,4.3984153187e-03
4,-6.3896622484e-02,-1.3201226359e-01,4.4767531994e-03
5,-6.5317663544e-02,-1.2772545640e-01,4.5558322584e-03

Region 26 (6 circles):
Circle_Index,Center_X,Center_Y,Radius
0,-6.6626592733e-02,-1.2332034719e-01,4.6349407859e-03
1,-6.7826556512e-02,-1.1880257415e-01,4.7134412236e-03
2,-6.8920701341e-02,-1.1417777548e-01,4.7907637309e-03
3,-6.9912173678e-02,-1.0945158939e-01,4.8663997343e-03
4,-7.0804119984e-02,-1.0462965408e-01,4.9398957005e-03
5,-7.1599686719e-02,-9.9717607736e-02,5.0108472835e-03

Region 27 (6 circles):
Circle_Index,Center_X,Center_Y,Radius
0,-7.2302020340e-02,-9.4721088570e-02,5.0788939245e-03
1,-7.2914267310e-02,-8.9645734781e-02,5.1437139405e-03
2,-7.3439574085e-02,-8.4497184567e-02,5.2050201003e-03
3,-7.3881087128e-02,-7.9281076129e-02,5.2625556735e-03
4,-7.4241952896e-02,-7.4003047668e-02,5.3160909186e-03
5,-7.4525317850e-02,-6.8668737384e-02,5.3654199777e-03

Region 28 (6 circles):
Circle_Index,Center_X,Center_Y,Radius
0,-7.4734328450e-02,-6.3283783476e-02,5.4103581363e-03
1,-7.4872131154e-02,-5.7853824146e-02,5.4507394123e-03
2,-7.4941872422e-02,-5.2384497593e-02,5.4864144368e-03
3,-7.4946698714e-02,-4.6881442018e-02,5.5172485930e-03
4,-7.4889756490e-02,-4.1350295621e-02,5.5431203829e-03
5,-7.4774192209e-02,-3.5796696603e-02,5.5639199939e-03

Region 29 (6 circles):
Circle_Index,Center_X,Center_Y,Radius
0,-7.4603152331e-02,-3.0226283162e-02,5.5795480399e-03
1,-7.4379783315e-02,-2.4644693501e-02,5.5899144572e-03
2,-7.4107231620e-02,-1.9057565819e-02,5.5949375343e-03
3,-7.3788643708e-02,-1.3470538315e-02,5.5945430598e-03
4,-7.3427166036e-02,-7.8892491920e-03,5.5886635742e-03
5,-7.3025945065e-02,-2.3193366483e-03,5.5772377127e-03
