Region Metadata for: shape_52.txt
================================================================================

REGION DEFINITION: Circle union (one circle per point)
  Each point gets a circle with radius = average distance to neighbors

Total vertices: 223
Number of regions: 30
Points per region:
  Region 0: 8 points
  Region 1: 8 points
  Region 2: 8 points
  Region 3: 8 points
  Region 4: 8 points
  Region 5: 8 points
  Region 6: 8 points
  Region 7: 8 points
  Region 8: 8 points
  Region 9: 8 points
  Region 10: 8 points
  Region 11: 8 points
  Region 12: 8 points
  Region 13: 7 points
  Region 14: 7 points
  Region 15: 7 points
  Region 16: 7 points
  Region 17: 7 points
  Region 18: 7 points
  Region 19: 7 points
  Region 20: 7 points
  Region 21: 7 points
  Region 22: 7 points
  Region 23: 7 points
  Region 24: 7 points
  Region 25: 7 points
  Region 26: 7 points
  Region 27: 7 points
  Region 28: 7 points
  Region 29: 7 points

REGION SUMMARY:
Region_Index,Num_Points,BBox_Min_X,BBox_Max_X,BBox_Min_Y,BBox_Max_Y,Normal_X,Normal_Y,Tangent_X,Tangent_Y,Fitted_Circle_X,Fitted_Circle_Y,Fitted_Circle_Radius,Local_AoA_Rad,Union_Area,Collection_Area
0,8,-1.0304480790e-01,-8.5486954540e-02,-1.1551778104e-03,2.2390789484e-02,-0.8349854829,0.5502719721,0.5502719721,0.8349854829,-1.4793358884e-02,-4.2558125259e-02,9.6286423096e-02,5.82689924e-01,1.50252144e-04,7.62935606e-05
1,8,-9.0048977336e-02,-6.6402039036e-02,1.8303938001e-02,4.3561954450e-02,-0.7389490071,0.6737613561,0.6737613561,0.7389490071,1.6510023721e-01,-1.9157391153e-01,3.2996221312e-01,7.39287195e-01,2.05548524e-04,1.03256860e-04
2,8,-7.1123498827e-02,-4.6596235677e-02,3.8906785133e-02,6.3697830469e-02,-0.7123813815,0.7017925387,0.7017925387,0.7123813815,-4.0214031144e+00,3.9605477762e+00,-5.5663379090e+00,7.77910651e-01,2.08529326e-04,1.04634361e-04
3,8,-5.1014526408e-02,-3.0919698314e-02,5.9369769348e-02,8.1410823492e-02,-0.7512889105,0.6599734639,0.6599734639,0.7512889105,-1.9057084212e-01,2.0287096487e-01,-2.0014570081e-01,7.20783440e-01,1.53672468e-04,7.63011972e-05
4,8,-3.4594588871e-02,-2.3501665585e-02,7.8282921657e-02,9.6727346420e-02,-0.9102834835,0.4139854824,0.4139854824,0.9102834835,-5.4356137082e-02,9.9233517995e-02,-2.8874515429e-02,4.26828013e-01,8.21258424e-05,4.00497292e-05
5,8,-2.8043517710e-02,-1.9998901189e-02,9.4192632941e-02,1.2089644463e-01,-0.9942837248,0.1067701951,0.1067701951,0.9942837248,-2.7561104868e-01,1.3376127569e-01,-2.5289689958e-01,1.06974104e-01,1.47904036e-04,7.34828468e-05
6,8,-2.6162614462e-02,-1.8702456130e-02,1.1768956609e-01,1.4360192118e-01,-0.9958830781,0.0906470889,0.0906470889,0.9958830781,3.6243695984e-01,9.6692019695e-02,3.8614488443e-01,9.07716898e-02,1.39409182e-04,6.99875973e-05
7,8,-2.2979296959e-02,-1.6419869700e-02,1.4127307660e-01,1.5236796011e-01,-0.9142294365,0.4051969118,0.4051969118,0.9142294365,-9.6803103518e-03,1.4401154189e-01,1.0979093373e-02,4.17194206e-01,3.63624235e-05,1.91045947e-05
8,8,-1.7356425001e-02,-3.1994210240e-04,1.2958545421e-01,1.5229093442e-01,0.8264386349,0.5630268046,0.5630268046,-0.8264386349,-2.3390966368e-01,-6.6526595781e-03,2.6899811376e-01,2.54354894e+00,1.72200565e-04,8.67903720e-05
9,8,-6.1813223041e-03,1.8021250498e-02,1.0047493210e-01,1.3423137688e-01,0.8491457187,0.5281586395,0.5281586395,-0.8491457187,-1.0921810637e+00,-5.6532967206e-01,1.2930355973e+00,2.58516204e+00,2.99097801e-04,1.49790730e-04
10,8,1.1407929226e-02,3.6919524537e-02,6.8457722448e-02,1.0557555176e-01,0.8634945725,0.5043581299,0.5043581299,-0.8634945725,-1.0504881874e+00,-5.4050992141e-01,1.2445145851e+00,2.61295419e+00,3.52259835e-04,1.76493541e-04
11,8,2.9763806172e-02,5.5448768019e-02,3.4524729409e-02,7.3811594135e-02,0.8793430680,0.4761887953,0.4761887953,-0.8793430680,-9.1464901381e-01,-4.6418897705e-01,1.0887006371e+00,2.64527720e+00,3.84016102e-04,1.92435902e-04
12,8,4.7954862119e-02,7.2684384979e-02,-3.3465889953e-04,3.9935742587e-02,0.8974655520,0.4410845531,0.4410845531,-0.8974655520,-7.2949008740e-01,-3.6847948411e-01,8.8026254781e-01,2.68478588e+00,3.91145010e-04,1.96130191e-04
13,7,6.5048028985e-02,8.5979524103e-02,-3.0820774344e-02,4.9458573463e-03,0.9171031783,0.3986499220,0.3986499220,-0.9171031783,-5.4292159340e-01,-2.8192351003e-01,6.7458563473e-01,2.73154839e+00,3.32460082e-04,1.66775057e-04
14,7,7.8368255618e-02,9.6963762720e-02,-6.0602681296e-02,-2.5797530528e-02,0.9381619736,0.3461966368,0.3461966368,-0.9381619736,-3.7638299486e-01,-2.1467144663e-01,4.9497065281e-01,2.78807866e+00,3.04565930e-04,1.52971606e-04
15,7,8.9501043454e-02,1.0502802088e-01,-8.9027894125e-02,-5.5953970810e-02,0.9615200907,0.2747346267,0.2747346267,-0.9615200907,-2.3018599977e-01,-1.6633179466e-01,3.4097409423e-01,2.86327896e+00,2.65248571e-04,1.33371997e-04
16,7,9.7810031186e-02,1.0957401976e-01,-1.1545472833e-01,-8.4843696509e-02,0.9848632538,0.1733331225,0.1733331225,-0.9848632538,-1.1218642372e-01,-1.3844247306e-01,2.1970080696e-01,2.96737963e+00,2.19469877e-04,1.10694266e-04
17,7,1.0067840403e-01,1.0910644726e-01,-1.2500671992e-01,-1.1257077564e-01,0.8943082301,-0.4474514383,-0.4474514383,-0.8943082301,9.9425297180e-02,-1.1708309554e-01,6.9931435241e-03,-2.67767911e+00,5.01062110e-05,2.69958762e-05
18,7,8.4150212002e-02,1.0241827454e-01,-1.2640845445e-01,-1.1979287631e-01,-0.0905608625,-0.9958909228,-0.9958909228,0.0905608625,9.6992129302e-02,-9.1487185484e-02,3.2687799537e-02,-1.48011122e+00,8.01309003e-05,4.13977424e-05
19,7,6.1204275573e-02,8.7206772560e-02,-1.2490577027e-01,-1.1090932868e-01,-0.3520186206,-0.9359929972,-0.9359929972,0.3520186206,1.3620484617e-01,4.5083990785e-02,1.7488875798e-01,-1.21106943e+00,1.71687658e-04,8.66823523e-05
20,7,3.6957640353e-02,6.5274016245e-02,-1.1689927471e-01,-9.9370880448e-02,-0.4328193075,-0.9014806970,-0.9014806970,0.4328193075,2.7176008337e-01,3.5101447306e-01,5.0954341824e-01,-1.12317847e+00,2.13656760e-04,1.07185745e-04
21,7,1.6207765617e-02,4.1111767417e-02,-1.0517531632e-01,-8.9038611412e-02,-0.4599091218,-0.8879659902,-0.8879659902,0.4599091218,1.2277481640e+00,2.2174072472e+00,2.6065460884e+00,-1.09290348e+00,1.70032182e-04,8.50996795e-05
22,7,1.3699900461e-03,1.9432889016e-02,-9.3510378584e-02,-8.2021465871e-02,-0.4369004153,-0.8995098816,-0.8995098816,0.4369004153,-8.5468812509e-02,-2.8427101449e-01,-2.1883843318e-01,-1.11864641e+00,8.74817650e-05,4.35831650e-05
23,7,-1.7877476243e-02,4.1159772415e-03,-8.6062382060e-02,-7.3375301110e-02,-0.3910579278,-0.9203660669,-0.9203660669,0.3910579278,-5.4184382980e-01,-1.3411719269e+00,-1.3700653826e+00,-1.16901555e+00,1.25770094e-04,6.28203115e-05
24,7,-4.0291676090e-02,-1.4371858883e-02,-7.8615789280e-02,-6.3502886597e-02,-0.3971196716,-0.9177668366,-0.9177668366,0.3971196716,3.4859219303e-01,7.9776643303e-01,9.4679867761e-01,-1.16242003e+00,1.74508197e-04,8.74515270e-05
25,7,-6.3046927691e-02,-3.6384208201e-02,-6.9205464143e-02,-5.2571983352e-02,-0.4366450910,-0.8996338502,-0.8996338502,0.4366450910,1.2524468942e-01,2.9990843214e-01,4.0112069717e-01,-1.11893024e+00,1.90028237e-04,9.54540646e-05
26,7,-8.3339737379e-02,-5.9074821685e-02,-5.8019734894e-02,-4.0728164258e-02,-0.5153986291,-0.8569505546,-0.8569505546,0.5153986291,2.8847058340e-02,1.1765440899e-01,1.9491647482e-01,-1.02932357e+00,1.69120347e-04,8.52784917e-05
27,7,-9.8430585324e-02,-7.9572598520e-02,-4.5271781561e-02,-2.8053028361e-02,-0.6583441745,-0.7527170437,-0.7527170437,0.6583441745,-3.5976572259e-02,2.4727537586e-02,8.1558255878e-02,-8.52179486e-01,1.23348625e-04,6.26770200e-05
28,7,-1.0582241342e-01,-9.4929530400e-02,-3.1251691668e-02,-1.4385712977e-02,-0.8907443687,-0.4545046420,-0.4545046420,0.8907443687,-7.4907559475e-02,-9.3966482568e-03,2.9677557573e-02,-4.71816018e-01,7.84142655e-05,4.06180957e-05
29,7,-1.0626859848e-01,-9.8863135948e-02,-1.6553853778e-02,1.7096220099e-03,-0.9825686797,0.1858999456,0.1858999456,0.9825686797,-7.5452755268e-02,-1.2926759907e-02,2.8624906744e-02,1.86987694e-01,7.97777206e-05,4.15962498e-05

DETAILED CIRCLE DATA:

Region 0 (8 circles):
Circle_Index,Center_X,Center_Y,Radius
0,-1.0036327320e-01,1.5263568854e-03,2.6815346958e-03
1,-9.9119458432e-02,3.9581613381e-03,2.7808661610e-03
2,-9.7723335121e-02,6.4201547012e-03,2.8785173537e-03
3,-9.6184383987e-02,8.9096190668e-03,2.9731603087e-03
4,-9.4512085751e-02,1.1423836527e-02,3.0637198964e-03
5,-9.2715921133e-02,1.3960089173e-02,3.1493242162e-03
6,-9.0805370852e-02,1.6515659099e-02,3.2292641663e-03
7,-8.8789915630e-02,1.9087828394e-02,3.3029610899e-03

Region 1 (8 circles):
Circle_Index,Center_X,Center_Y,Radius
0,-8.6679036185e-02,2.1673879152e-02,3.3699411511e-03
1,-8.4482213239e-02,2.4271093464e-02,3.4298151538e-03
2,-8.2208927511e-02,2.6876753423e-02,3.4822626883e-03
3,-7.9868659722e-02,2.9488141121e-02,3.5270196925e-03
4,-7.7470890591e-02,3.2102538648e-02,3.5638687014e-03
5,-7.5025100839e-02,3.4717228098e-02,3.5926312180e-03
6,-7.2540771186e-02,3.7329491563e-02,3.6131617691e-03
7,-7.0027382352e-02,3.9936611134e-02,3.6253433156e-03

Region 2 (8 circles):
Circle_Index,Center_X,Center_Y,Radius
0,-6.7494415057e-02,4.2535868904e-02,3.6290837702e-03
1,-6.4951350020e-02,4.5124546964e-02,3.6243134412e-03
2,-6.2407667964e-02,4.7699927406e-02,3.6109832790e-03
3,-5.9872849606e-02,5.0259292323e-02,3.5890638457e-03
4,-5.7356375668e-02,5.2799923806e-02,3.5585449743e-03
5,-5.4867726870e-02,5.5319103947e-02,3.5194361228e-03
6,-5.2416383931e-02,5.7814114839e-02,3.4717674756e-03
7,-5.0011827573e-02,6.0282238574e-02,3.4155918957e-03

Region 3 (8 circles):
Circle_Index,Center_X,Center_Y,Radius
0,-4.7663538514e-02,6.2720757242e-02,3.3509878940e-03
1,-4.5380997475e-02,6.5126952938e-02,3.2780638703e-03
2,-4.3173685177e-02,6.7498107751e-02,3.1969639935e-03
3,-4.1051082339e-02,6.9831503775e-02,3.1078762522e-03
4,-3.9022669681e-02,7.2124423101e-02,3.0110434399e-03
5,-3.7097927924e-02,7.4374147822e-02,2.9067781744e-03
6,-3.5286337787e-02,7.6577960029e-02,2.7954835426e-03
7,-3.3597379992e-02,7.8733141815e-02,2.6776816774e-03

Region 4 (8 circles):
Circle_Index,Center_X,Center_Y,Radius
0,-3.2040535257e-02,8.0836975270e-02,2.5540536137e-03
1,-3.0625284303e-02,8.2886742489e-02,2.4254952409e-03
2,-2.9361107850e-02,8.4879725561e-02,2.2931961457e-03
3,-2.8257486619e-02,8.6813206580e-02,1.9240522244e-03
4,-2.7581223976e-02,8.8287309353e-02,1.7427901480e-03
5,-2.6967486034e-02,9.0047115208e-02,1.9793125820e-03
6,-2.6411452341e-02,9.2066842493e-02,2.2021067218e-03
7,-2.5908302448e-02,9.4320709557e-02,2.4066368628e-03

Region 5 (8 circles):
Circle_Index,Center_X,Center_Y,Radius
0,-2.5453215904e-02,9.6782934747e-02,2.5903018058e-03
1,-2.5041372258e-02,9.9427736410e-02,2.7515243540e-03
2,-2.4667951059e-02,1.0222933290e-01,2.8893028976e-03
3,-2.4328131857e-02,1.0516194255e-01,3.0029776657e-03
4,-2.4017094201e-02,1.0819978372e-01,3.0921023419e-03
5,-2.3730017641e-02,1.1131707476e-01,3.1563703932e-03
6,-2.3462081725e-02,1.1448803400e-01,3.1955714043e-03
7,-2.3208466004e-02,1.1768687981e-01,3.2095648149e-03

Region 6 (8 circles):
Circle_Index,Center_X,Center_Y,Radius
0,-2.2964350026e-02,1.2088783053e-01,3.1982644357e-03
1,-2.2724913341e-02,1.2406510450e-01,3.1616302839e-03
2,-2.2485335499e-02,1.2719292007e-01,3.0996661448e-03
3,-2.2240796048e-02,1.3024549560e-01,3.0124226000e-03
4,-2.1986474538e-02,1.3319704942e-01,2.9000065777e-03
5,-2.1717550518e-02,1.3602179989e-01,2.7626003021e-03
6,-2.1429203538e-02,1.3869396536e-01,2.6004957267e-03
7,-2.1116613148e-02,1.4118776416e-01,2.4141570179e-03

Region 7 (8 circles):
Circle_Index,Center_X,Center_Y,Radius
0,-2.0774958895e-02,1.4347741466e-01,2.2043380636e-03
1,-2.0399420330e-02,1.4553713520e-01,1.9723168716e-03
2,-1.9985177003e-02,1.4734114412e-01,1.7204013421e-03
3,-1.9527408462e-02,1.4886365977e-01,1.4531323176e-03
4,-1.9021294256e-02,1.5007890050e-01,1.1804751102e-03
5,-1.8462013936e-02,1.5096108466e-01,9.2689746533e-04
6,-1.7844747051e-02,1.5148443060e-01,7.5167177596e-04
7,-1.7164673149e-02,1.5162315666e-01,7.4480344890e-04

Region 8 (8 circles):
Circle_Index,Center_X,Center_Y,Radius
0,-1.6416971781e-02,1.5135148120e-01,9.3945322063e-04
1,-1.5596822495e-02,1.5064362255e-01,1.2788875048e-03
2,-1.4699404841e-02,1.4947379907e-01,2.5627560889e-03
3,-1.2681896883e-02,1.4643072392e-01,3.6899385099e-03
4,-1.0631371945e-02,1.4331640062e-01,3.7662941190e-03
5,-8.5496439020e-03,1.4013276961e-01,3.8400701193e-03
6,-6.4385266315e-03,1.3688177130e-01,3.9112686250e-03
7,-4.2998340092e-03,1.3356534612e-01,3.9798919068e-03

Region 9 (8 circles):
Circle_Index,Center_X,Center_Y,Radius
0,-2.1353799112e-03,1.3018543449e-01,4.0459423929e-03
1,5.3021786333e-05,1.2674397684e-01,4.1094226706e-03
2,2.2635572072e-03,1.2324291358e-01,4.1703354898e-03
3,4.4944124753e-03,1.1968418515e-01,4.2286837678e-03
4,6.7437737143e-03,1.1606973196e-01,4.2844705943e-03
5,9.0098270483e-03,1.1240149444e-01,4.3376992388e-03
6,1.1290758601e-02,1.0868141301e-01,4.3883731575e-03
7,1.3584754496e-02,1.0491142810e-01,4.4364960024e-03

Region 10 (8 circles):
Circle_Index,Center_X,Center_Y,Radius
0,1.5890000857e-02,1.0109348012e-01,4.4820716310e-03
1,1.8204683809e-02,9.7229509512e-02,4.5251041173e-03
2,2.0526989475e-02,9.3321456684e-02,4.5655977633e-03
3,2.2855103978e-02,8.9371262064e-02,4.6035571122e-03
4,2.5187213444e-02,8.5380866076e-02,4.6389869630e-03
5,2.7521503994e-02,8.1352209144e-02,4.6718923859e-03
6,2.9856161755e-02,7.7287231689e-02,4.7022787394e-03
7,3.2189372848e-02,7.3187874137e-02,4.7301516887e-03

Region 11 (8 circles):
Circle_Index,Center_X,Center_Y,Radius
0,3.4519323398e-02,6.9056076909e-02,4.7555172261e-03
1,3.6844199529e-02,6.4893780430e-02,4.7783816928e-03
2,3.9162187365e-02,6.0702925123e-02,4.7987518030e-03
3,4.1471473030e-02,5.6485451410e-02,4.8166346694e-03
4,4.3770242647e-02,5.2243299716e-02,4.8320378320e-03
5,4.6056682340e-02,4.7978410464e-02,4.8449692888e-03
6,4.8328978233e-02,4.3692724077e-02,4.8554375288e-03
7,5.0585316450e-02,3.9388180979e-02,4.8634515693e-03

Region 12 (8 circles):
Circle_Index,Center_X,Center_Y,Radius
0,5.2823883114e-02,3.5066721592e-02,4.8690209952e-03
1,5.5042864351e-02,3.0730286340e-02,4.8721560028e-03
2,5.7240446282e-02,2.6380815647e-02,4.8728674475e-03
3,5.9414815033e-02,2.2020249936e-02,4.8711668954e-03
4,6.1564156727e-02,1.7650529629e-02,4.8670666806e-03
5,6.3686657488e-02,1.3273595151e-02,4.8605799676e-03
6,6.5780503439e-02,8.8913869253e-03,4.8517208196e-03
7,6.7843880705e-02,4.5058453744e-03,4.8405042739e-03

Region 13 (7 circles):
Circle_Index,Center_X,Center_Y,Radius
0,6.9874975409e-02,1.1891092196e-04,4.8269464244e-03
1,7.1871973676e-02,-4.2674760087e-03,4.8110645123e-03
2,7.3833061629e-02,-8.6513749942e-03,4.7928770269e-03
3,7.5756425391e-02,-1.3030845611e-02,4.7724038157e-03
4,7.7640251088e-02,-1.7403947436e-02,4.7496662060e-03
5,7.9482724841e-02,-2.1768740046e-02,4.7246871407e-03
6,8.1282032777e-02,-2.6123283018e-02,4.6974913263e-03

Region 14 (7 circles):
Circle_Index,Center_X,Center_Y,Radius
0,8.3036361017e-02,-3.0465635928e-02,4.6681053992e-03
1,8.4743895687e-02,-3.4793858352e-02,4.6365581082e-03
2,8.6402822909e-02,-3.9106009868e-02,4.6028805180e-03
3,8.8011328808e-02,-4.3400150052e-02,4.5671062356e-03
4,8.9567599508e-02,-4.7674338481e-02,4.5292716612e-03
5,9.1069821132e-02,-5.1926634732e-02,4.4894162683e-03
6,9.2516179804e-02,-5.6155098381e-02,4.4475829155e-03

Region 15 (7 circles):
Circle_Index,Center_X,Center_Y,Radius
0,9.3904861649e-02,-6.0357789004e-02,4.4038181944e-03
1,9.5234052789e-02,-6.4532766179e-02,4.3581728176e-03
2,9.6501939349e-02,-6.8678089482e-02,4.3107020523e-03
3,9.7706707453e-02,-7.2791818490e-02,4.2614662042e-03
4,9.8846543224e-02,-7.6872012779e-02,4.2105311589e-03
5,9.9919632786e-02,-8.0916731927e-02,4.1579689863e-03
6,1.0092416226e-01,-8.4924035509e-02,4.1038586163e-03

Region 16 (7 circles):
Circle_Index,Center_X,Center_Y,Radius
0,1.0185831778e-01,-8.8891983102e-02,4.0482865935e-03
1,1.0272028546e-01,-9.2818634284e-02,3.9913479188e-03
2,1.0350825142e-01,-9.6702048631e-02,3.9331469877e-03
3,1.0422040180e-01,-1.0054028572e-01,3.8737986340e-03
4,1.0485492271e-01,-1.0433140512e-01,3.8134292875e-03
5,1.0541000028e-01,-1.0807346643e-01,3.7521782546e-03
6,1.0588382063e-01,-1.1176452920e-01,3.6901991275e-03

Region 17 (7 circles):
Circle_Index,Center_X,Center_Y,Radius
0,1.0627456989e-01,-1.1540265302e-01,2.8318773769e-03
1,1.0632441067e-01,-1.1740674043e-01,1.8730068816e-03
2,1.0606830093e-01,-1.1912910995e-01,1.6465678952e-03
3,1.0552008959e-01,-1.2058088056e-01,1.5012764854e-03
4,1.0469362560e-01,-1.2177317122e-01,1.4466447488e-03
5,1.0360275789e-01,-1.2271710089e-01,1.4793761063e-03
6,1.0226133540e-01,-1.2342378855e-01,1.5829313659e-03

Region 18 (7 circles):
Circle_Index,Center_X,Center_Y,Radius
0,1.0068320706e-01,-1.2390435317e-01,1.7350674743e-03
1,9.8882221819e-02,-1.2416991371e-01,1.9156990120e-03
2,9.6872228609e-02,-1.2423158914e-01,2.1099922667e-03
3,9.4667076369e-02,-1.2410049843e-01,2.3079560191e-03
4,9.2280614035e-02,-1.2378776055e-01,2.5030555494e-03
5,8.9726690546e-02,-1.2330449447e-01,2.6910046958e-03
6,8.7019154840e-02,-1.2266181915e-01,2.8689428376e-03

Region 19 (7 circles):
Circle_Index,Center_X,Center_Y,Radius
0,8.4171855854e-02,-1.2187085356e-01,3.0349167063e-03
1,8.1198642525e-02,-1.2094271668e-01,3.1875603364e-03
2,7.8113363792e-02,-1.1988852746e-01,3.3258962408e-03
3,7.4929868591e-02,-1.1871940489e-01,3.4492098453e-03
4,7.1662005861e-02,-1.1744646792e-01,3.5569685369e-03
5,6.8323624539e-02,-1.1608083552e-01,3.6487683324e-03
6,6.4928573563e-02,-1.1463362667e-01,3.7242979908e-03

Region 20 (7 circles):
Circle_Index,Center_X,Center_Y,Radius
0,6.1490701871e-02,-1.1311596033e-01,3.7833143747e-03
1,5.8023858399e-02,-1.1153895547e-01,3.8256252197e-03
2,5.4541892086e-02,-1.0991373106e-01,3.8510768812e-03
3,5.1058651870e-02,-1.0825140607e-01,3.8595454920e-03
4,4.7587986687e-02,-1.0656309946e-01,3.8509305036e-03
5,4.4143745476e-02,-1.0485993020e-01,3.8251499282e-03
6,4.0739777174e-02,-1.0315301727e-01,3.7821368213e-03

Region 21 (7 circles):
Circle_Index,Center_X,Center_Y,Radius
0,3.7389930719e-02,-1.0145347962e-01,3.7218366975e-03
1,3.4108055049e-02,-9.9772436239e-02,3.6442056780e-03
2,3.0907999100e-02,-9.8121006079e-02,3.5492092467e-03
3,2.7803611812e-02,-9.6510308115e-02,3.4368215658e-03
4,2.4808742120e-02,-9.4951461314e-02,3.3070253679e-03
5,2.1937238964e-02,-9.3455584645e-02,3.1598125409e-03
6,1.9202951280e-02,-9.2033797075e-02,2.9951856635e-03

Region 22 (7 circles):
Circle_Index,Center_X,Center_Y,Radius
0,1.6619728007e-02,-9.0697217574e-02,2.8131610093e-03
1,1.4201418081e-02,-8.9456965110e-02,2.6137740377e-03
2,1.1961870441e-02,-8.8324158651e-02,2.3970894514e-03
3,9.9149340240e-03,-8.7309917165e-02,2.1632203218e-03
4,8.0744577678e-03,-8.6425359621e-02,2.1504349975e-03
5,6.0250427562e-03,-8.5475434579e-02,2.3295349369e-03
6,3.8370980990e-03,-8.4488573924e-02,2.4671080529e-03

Region 23 (7 circles):
Circle_Index,Center_X,Center_Y,Radius
0,1.5188883573e-03,-8.3465293176e-02,2.5970888842e-03
1,-9.2132190737e-04,-8.2406107856e-02,2.7193950281e-03
2,-3.4752681338e-03,-8.1311533486e-02,2.8339691429e-03
3,-6.1346857607e-03,-8.0182085586e-02,2.9407721865e-03
4,-8.8913102266e-03,-7.9018279678e-02,3.0397789426e-03
5,-1.1736876970e-02,-7.7820631283e-02,3.1309750177e-03
6,-1.4663121430e-02,-7.6589655923e-02,3.2143548126e-03

Region 24 (7 circles):
Circle_Index,Center_X,Center_Y,Radius
0,-1.7661779046e-02,-7.5325869117e-02,3.2899201632e-03
1,-2.0724585255e-02,-7.4029786388e-02,3.3576794546e-03
2,-2.3843275496e-02,-7.2701923256e-02,3.4176470857e-03
3,-2.7009585209e-02,-7.1342795243e-02,3.4698432035e-03
4,-3.0215249831e-02,-6.9952917870e-02,3.5142936573e-03
5,-3.3452004802e-02,-6.8532806657e-02,3.5510301440e-03
6,-3.6711585560e-02,-6.7082977127e-02,3.5800905296e-03

Region 25 (7 circles):
Circle_Index,Center_X,Center_Y,Radius
0,-3.9985727544e-02,-6.5603944800e-02,3.6015193435e-03
1,-4.3266166193e-02,-6.4096225197e-02,3.6153684546e-03
2,-4.6544636945e-02,-6.2560333839e-02,3.6216979444e-03
3,-4.9812875238e-02,-6.0996786249e-02,3.6205772045e-03
4,-5.3062616512e-02,-5.9406097945e-02,3.6120862948e-03
5,-5.6285596206e-02,-5.7788784451e-02,3.5963176123e-03
6,-5.9473549757e-02,-5.6145361287e-02,3.5733779346e-03

Region 26 (7 circles):
Circle_Index,Center_X,Center_Y,Radius
0,-6.2618212605e-02,-5.4476343974e-02,3.5433909200e-03
1,-6.5711320188e-02,-5.2782248033e-02,3.5065001718e-03
2,-6.8744607945e-02,-5.1063588985e-02,3.4628729982e-03
3,-7.1709811314e-02,-4.9320882352e-02,3.4127050431e-03
4,-7.4598665735e-02,-4.7554643655e-02,3.3562260026e-03
5,-7.7402906646e-02,-4.5765388414e-02,3.2937067036e-03
6,-8.0114269485e-02,-4.3953632152e-02,3.2254678937e-03

Region 27 (7 circles):
Circle_Index,Center_X,Center_Y,Radius
0,-8.2724489692e-02,-4.2119890389e-02,3.1518911723e-03
1,-8.5225302705e-02,-4.0264678645e-02,3.0734325995e-03
2,-8.7608443962e-02,-3.8388512443e-02,2.9906396171e-03
3,-8.9865648903e-02,-3.6491907304e-02,2.9041720157e-03
4,-9.1988652966e-02,-3.4575378748e-02,2.8148277218e-03
5,-9.3969191589e-02,-3.2639442297e-02,2.7235740988e-03
6,-9.5799000212e-02,-3.0684613472e-02,2.6315851115e-03

Region 28 (7 circles):
Circle_Index,Center_X,Center_Y,Radius
0,-9.7469814273e-02,-2.8711407794e-02,2.5402838733e-03
1,-9.8973369210e-02,-2.6720340785e-02,2.4513884234e-03
2,-1.0030140046e-01,-2.4711927964e-02,2.3669556448e-03
3,-1.0144564347e-01,-2.2686684854e-02,2.2894136387e-03
4,-1.0239783367e-01,-2.0645126976e-02,2.2215668112e-03
5,-1.0314970650e-01,-1.8587769850e-02,2.1665519662e-03
6,-1.0369299740e-01,-1.6515128998e-02,2.1294160211e-03

Region 29 (7 circles):
Circle_Index,Center_X,Center_Y,Radius
0,-1.0400895690e-01,-1.4422680517e-02,2.1311732608e-03
1,-1.0409676209e-01,-1.2278299862e-02,2.1718363902e-03
2,-1.0396589370e-01,-1.0084704940e-02,2.2316256455e-03
3,-1.0362583245e-01,-7.8446136603e-03,2.3062722888e-03
4,-1.0308605905e-01,-5.5607439296e-03,2.3918161613e-03
5,-1.0235605423e-01,-3.2358136564e-03,2.4847684729e-03
6,-1.0144529871e-01,-8.7254074876e-04,2.5821627586e-03
