Region Metadata for: shape_28.txt
================================================================================

REGION DEFINITION: Circle union (one circle per point)
  Each point gets a circle with radius = average distance to neighbors

Total vertices: 257
Number of regions: 30
Points per region:
  Region 0: 9 points
  Region 1: 9 points
  Region 2: 9 points
  Region 3: 9 points
  Region 4: 9 points
  Region 5: 9 points
  Region 6: 9 points
  Region 7: 9 points
  Region 8: 9 points
  Region 9: 9 points
  Region 10: 9 points
  Region 11: 9 points
  Region 12: 9 points
  Region 13: 9 points
  Region 14: 9 points
  Region 15: 9 points
  Region 16: 9 points
  Region 17: 8 points
  Region 18: 8 points
  Region 19: 8 points
  Region 20: 8 points
  Region 21: 8 points
  Region 22: 8 points
  Region 23: 8 points
  Region 24: 8 points
  Region 25: 8 points
  Region 26: 8 points
  Region 27: 8 points
  Region 28: 8 points
  Region 29: 8 points

REGION SUMMARY:
Region_Index,Num_Points,BBox_Min_X,BBox_Max_X,BBox_Min_Y,BBox_Max_Y,Normal_X,Normal_Y,Tangent_X,Tangent_Y,Fitted_Circle_X,Fitted_Circle_Y,Fitted_Circle_Radius,Local_AoA_Rad,Union_Area,Collection_Area
0,9,-8.1030480875e-02,-6.2442148466e-02,-1.4812798213e-03,3.1543493921e-02,-0.9140166728,-0.4056766223,-0.4056766223,0.9140166728,7.2330190697e-01,3.6823729724e-01,8.7018268207e-01,-4.17718983e-01,2.32526207e-04,1.16479188e-04
1,9,-9.0458902097e-02,-7.5706713656e-02,2.7981614231e-02,5.6080923650e-02,-0.9291513574,-0.3696995471,-0.3696995471,0.9291513574,4.9173510492e-01,2.7131083917e-01,6.1914360045e-01,-3.78685637e-01,1.64636585e-04,8.25006838e-05
2,9,-9.3816959428e-02,-8.6136529114e-02,5.3303543518e-02,7.3098336478e-02,-0.9814838237,-0.1915450436,-0.1915450436,0.9814838237,-4.8480365856e-02,7.1370767067e-02,4.3132751193e-02,-1.92736097e-01,7.62424884e-05,3.86868052e-05
3,9,-9.4085287299e-02,-8.7852376707e-02,7.0888516843e-02,9.5298780854e-02,-0.9978387575,0.0657100758,0.0657100758,0.9978387575,3.1705715437e-02,7.4756924550e-02,1.2344329775e-01,6.57574552e-02,1.10823870e-04,5.59754874e-05
4,9,-9.2623437604e-02,-8.2881776492e-02,9.2691587806e-02,1.1706960837e-01,-0.9707488876,0.2400970579,0.2400970579,0.9707488876,2.2933431215e-02,7.7765584847e-02,1.1431413905e-01,2.42465832e-01,1.15386056e-04,5.83408800e-05
5,9,-8.6714217155e-02,-7.4826577047e-02,1.1460809779e-01,1.3210388959e-01,-0.8625340734,0.5059989844,0.5059989844,0.8625340734,-4.5981707328e-02,1.0373529714e-01,4.0594174452e-02,5.30539769e-01,7.30272284e-05,3.74071121e-05
6,9,-7.6850914184e-02,-6.2790081166e-02,1.2998636836e-01,1.3583072040e-01,-0.2168911746,0.9761957890,0.9761957890,0.2168911746,-6.7617875949e-02,1.2260926119e-01,1.1791883779e-02,1.35216762e+00,4.03243167e-05,2.12422857e-05
7,9,-6.4436694884e-02,-4.7631826309e-02,1.2375617279e-01,1.3518941859e-01,0.5064051701,0.8622956591,0.8622956591,-0.5064051701,-7.7133942039e-02,9.4711506847e-02,4.1453875220e-02,2.10180708e+00,6.70748153e-05,3.42644435e-05
8,9,-5.0339863725e-02,-3.1979421328e-02,1.0833533704e-01,1.2674316182e-01,0.7083356186,0.7058758045,0.7058758045,-0.7083356186,-1.4505883779e-01,1.4602759155e-02,1.4657331281e-01,2.35793384e+00,1.06811170e-04,5.38598245e-05
9,9,-3.5383349626e-02,-1.7466357608e-02,9.0863385888e-02,1.1151177802e-01,0.7712271957,0.6365599835,0.6365599835,-0.7712271957,-3.7717627597e-01,-1.8804098863e-01,4.5473995609e-01,2.45156309e+00,1.18037025e-04,5.92108903e-05
10,9,-2.0822620803e-02,-5.5576852541e-03,7.5882230265e-02,9.3827596262e-02,0.7795532408,0.6263359680,0.6263359680,-0.7795532408,5.4730792911e-01,5.3384273729e-01,-7.1816926195e-01,2.46474854e+00,8.83209803e-05,4.40794054e-05
11,9,-8.0528003077e-03,1.1034424841e-02,5.7929988085e-02,7.8162600420e-02,0.7337676367,0.6794005117,0.6794005117,-0.7337676367,2.8537405797e-01,3.3244872313e-01,-3.8811587880e-01,2.39464733e+00,1.27329640e-04,6.35010777e-05
12,9,7.1224417543e-03,3.1645091491e-02,3.7152134190e-02,6.1782896829e-02,0.7092062343,0.7050010760,0.7050010760,-0.7092062343,1.4610949915e+00,1.4839083879e+00,-2.0337945477e+00,2.35916799e+00,1.90461759e-04,9.53371854e-05
13,9,2.7275318697e-02,5.3805134710e-02,1.4801451864e-02,4.1526386566e-02,0.7106008528,0.7035953581,0.7035953581,-0.7106008528,-1.2581250067e+00,-1.2581873460e+00,1.8279559923e+00,2.36114814e+00,2.23422475e-04,1.11796318e-04
14,9,4.9189454124e-02,7.5432589416e-02,-8.3798274794e-03,1.9336306661e-02,0.7327125651,0.6805382406,0.6805382406,-0.7327125651,-4.2669997563e-01,-4.4903509301e-01,6.6776891329e-01,2.39309568e+00,2.29472802e-04,1.14876054e-04
15,9,7.0771947044e-02,9.4457706949e-02,-3.1661688850e-02,-4.0341755656e-03,0.7764762118,0.6301465644,0.6301465644,-0.7764762118,-1.8207977333e-01,-2.3309005023e-01,3.4144596478e-01,2.45985070e+00,2.09139415e-04,1.04972805e-04
16,9,8.9916958044e-02,1.0883623771e-01,-5.4339616317e-02,-2.7818954367e-02,0.8465179964,0.5323601054,0.5323601054,-0.8465179964,-4.5520856131e-02,-1.3270417301e-01,1.7192015201e-01,2.58020651e+00,1.69166630e-04,8.52255572e-05
17,8,1.0449038138e-01,1.1611612355e-01,-7.3473634293e-02,-5.1223657670e-02,0.9359261215,0.3521963870,0.3521963870,-0.9359261215,3.2720565526e-02,-9.1909394005e-02,8.3623461684e-02,2.78167583e+00,1.12549436e-04,5.71273024e-05
18,8,1.1051735239e-01,1.1669695553e-01,-8.9457995469e-02,-7.1007829265e-02,0.9944699010,-0.1050219790,-0.1050219790,-0.9944699010,9.3600074429e-02,-7.8125007011e-02,2.1163849955e-02,-3.03637665e+00,7.22725534e-05,3.74479019e-05
19,8,9.8419844677e-02,1.1413921104e-01,-1.0730993290e-01,-8.6981098834e-02,0.8212499561,-0.5705685845,-0.5705685845,-0.8212499561,5.0151961084e-02,-5.7456691528e-02,6.9425946794e-02,-2.53439462e+00,1.15070978e-04,5.85989727e-05
20,8,8.0111519660e-02,1.0231091242e-01,-1.2427416341e-01,-1.0361657923e-01,0.6706236931,-0.7417977233,-0.7417977233,-0.6706236931,3.9959115585e-05,-1.2779615989e-02,1.3660935324e-01,-2.30584558e+00,1.58076368e-04,7.98893193e-05
21,8,5.9590462103e-02,8.3919849235e-02,-1.3744850922e-01,-1.1985328834e-01,0.5334177573,-0.8458519352,-0.8458519352,-0.5334177573,-1.9668173320e-03,-1.2171146789e-02,1.3830691019e-01,-2.13343238e+00,1.56376255e-04,7.90614127e-05
22,8,4.0705335432e-02,6.2798530865e-02,-1.4408021389e-01,-1.3295462377e-01,0.3337169539,-0.9426733234,-0.9426733234,-0.3337169539,2.8131616821e-02,-7.3495562344e-02,6.9950074496e-02,-1.91104016e+00,1.10523405e-04,5.63294570e-05
23,8,2.6502810092e-02,4.2927895087e-02,-1.4441899795e-01,-1.3827286841e-01,-0.1551399122,-0.9878925081,-0.9878925081,0.1551399122,3.7142983386e-02,-1.2414419622e-01,1.8346530067e-02,-1.41502725e+00,5.88179159e-05,3.07019345e-05
24,8,9.7376386653e-03,2.8922055823e-02,-1.4130600334e-01,-1.2380062231e-01,-0.6602799531,-0.7510195626,-0.7510195626,0.6602799531,8.6634531101e-02,-5.6775451229e-02,1.0179657727e-01,-8.49604863e-01,1.16385429e-04,5.88804955e-05
25,8,-7.0971089067e-03,1.3594670159e-02,-1.2754740910e-01,-1.0391223340e-01,-0.7697273527,-0.6383727771,-0.6383727771,0.7697273527,1.7105842529e-01,2.2870756406e-02,2.1790647272e-01,-6.92382383e-01,1.69885565e-04,8.55570339e-05
26,8,-2.3808801060e-02,-2.2727892785e-03,-1.0802974717e-01,-7.9820915290e-02,-0.8262033664,-0.5633719884,-0.5633719884,0.8262033664,3.0699968144e-01,1.2391361519e-01,3.8731133649e-01,-5.98461454e-01,2.17506494e-04,1.09224671e-04
27,8,-3.9907507817e-02,-1.8263433368e-02,-8.4190488713e-02,-5.3037179999e-02,-0.8598961167,-0.5104690672,-0.5104690672,0.8598961167,4.7816791293e-01,2.3229242497e-01,5.8991915451e-01,-5.35730195e-01,2.49582374e-04,1.25201152e-04
28,8,-5.4915532607e-02,-3.3928790830e-02,-5.7498687071e-02,-2.5059306151e-02,-0.8824762924,-0.4703568786,-0.4703568786,0.8824762924,6.4670797415e-01,3.2703677233e-01,7.8327082763e-01,-4.89695140e-01,2.60369417e-04,1.30462474e-04
29,8,-6.8360054583e-02,-4.8809586594e-02,-2.9434199359e-02,2.6193033566e-03,-0.8992668475,-0.4374004310,-0.4374004310,0.8992668475,7.5350268948e-01,3.8169962946e-01,9.0324452885e-01,-4.52705869e-01,2.47004691e-04,1.23818183e-04

DETAILED CIRCLE DATA:

Region 0 (9 circles):
Circle_Index,Center_X,Center_Y,Radius
0,-6.6174691890e-02,2.2512636019e-03,3.7325434233e-03
1,-6.7728492348e-02,5.6242008066e-03,3.6932232694e-03
2,-6.9251638308e-02,8.9663039958e-03,3.6509402513e-03
3,-7.0743215596e-02,1.2274665672e-02,3.6056919049e-03
4,-7.2202310039e-02,1.5546378338e-02,3.5574760634e-03
5,-7.3628007464e-02,1.8778534495e-02,3.5062908582e-03
6,-7.5019393697e-02,2.1968226647e-02,3.4521347237e-03
7,-7.6375554566e-02,2.5112547295e-02,3.3950064062e-03
8,-7.7695575897e-02,2.8208588942e-02,3.3349049787e-03

Region 1 (9 circles):
Circle_Index,Center_X,Center_Y,Radius
0,-7.8978543516e-02,3.1253444091e-02,3.2718298605e-03
1,-8.0223543251e-02,3.4244205244e-02,3.2057808446e-03
2,-8.1429660928e-02,3.7177964903e-02,3.1367581332e-03
3,-8.2595982374e-02,4.0051815571e-02,3.0647623842e-03
4,-8.3721593415e-02,4.2862849750e-02,2.9897947701e-03
5,-8.4805579879e-02,4.5608159942e-02,2.9118570542e-03
6,-8.5847027592e-02,4.8284838651e-02,2.8309516874e-03
7,-8.6845022381e-02,5.0889978378e-02,2.7470819323e-03
8,-8.7798650073e-02,5.3420671626e-02,2.6602520244e-03

Region 2 (9 circles):
Circle_Index,Center_X,Center_Y,Radius
0,-8.8706996493e-02,5.5874010897e-02,2.5704673793e-03
1,-8.9569147470e-02,5.8247088694e-02,2.0238093727e-03
2,-9.0036006254e-02,5.9696539183e-02,1.5797750745e-03
3,-9.0445119119e-02,6.1281353967e-02,1.6919519134e-03
4,-9.0797057581e-02,6.2992675401e-02,1.7998985766e-03
5,-9.1092393154e-02,6.4821645840e-02,1.9025721019e-03
6,-9.1331697355e-02,6.6759407642e-02,1.9992272139e-03
7,-9.1515541699e-02,6.8797103161e-02,2.0893230135e-03
8,-9.1644497703e-02,7.0925874754e-02,2.1724617249e-03

Region 3 (9 circles):
Circle_Index,Center_X,Center_Y,Radius
0,-9.1719136880e-02,7.3136864775e-02,2.2483479329e-03
1,-9.1740030748e-02,7.5421215582e-02,2.3167610524e-03
2,-9.1707750821e-02,7.7770069531e-02,2.3775364778e-03
3,-9.1622868616e-02,8.0174568976e-02,2.4305525318e-03
4,-9.1485955647e-02,8.2625856273e-02,2.4757213726e-03
5,-9.1297583431e-02,8.5115073780e-02,2.5129826694e-03
6,-9.1058323482e-02,8.7633363851e-02,2.5422992695e-03
7,-9.0768747318e-02,9.0171868842e-02,2.5636543523e-03
8,-9.0429426452e-02,9.2721731109e-02,2.5770497448e-03

Region 4 (9 circles):
Circle_Index,Center_X,Center_Y,Radius
0,-9.0040932401e-02,9.5274093009e-02,2.5825052026e-03
1,-8.9603836681e-02,9.7820096896e-02,2.5800585515e-03
2,-8.9118710806e-02,1.0035088513e-01,2.5697666629e-03
3,-8.8586126293e-02,1.0285760006e-01,2.5517073042e-03
4,-8.8006654658e-02,1.0533138404e-01,2.5259819746e-03
5,-8.7380867415e-02,1.0776337944e-01,2.4927199176e-03
6,-8.6709336080e-02,1.1014472861e-01,2.4520835968e-03
7,-8.5992632169e-02,1.1246657389e-01,2.4042760500e-03
8,-8.5231327198e-02,1.1472005766e-01,2.3495507053e-03

Region 5 (9 circles):
Circle_Index,Center_X,Center_Y,Radius
0,-8.4425992682e-02,1.1689632226e-01,2.2882244729e-03
1,-8.3577200136e-02,1.1898651006e-01,2.2206952397e-03
2,-8.2685521077e-02,1.2098176339e-01,2.1474653101e-03
3,-8.1751527020e-02,1.2287322464e-01,2.0691728810e-03
4,-8.0775789480e-02,1.2465203613e-01,1.9866342842e-03
5,-7.9758879973e-02,1.2630934025e-01,1.9009003862e-03
6,-7.8701370015e-02,1.2783627933e-01,1.8133308595e-03
7,-7.7603831122e-02,1.2922399574e-01,1.7256892187e-03
8,-7.6466834808e-02,1.3046363183e-01,1.6402577610e-03

Region 6 (9 circles):
Circle_Index,Center_X,Center_Y,Radius
0,-7.5290952589e-02,1.3154632996e-01,1.5599615952e-03
1,-7.4076755982e-02,1.3246323248e-01,1.4884702245e-03
2,-7.2824816501e-02,1.3320548175e-01,1.4302114306e-03
3,-7.1535705663e-02,1.3376422013e-01,1.3901966297e-03
4,-7.0209994982e-02,1.3413058996e-01,1.4033556566e-03
5,-6.8792203763e-02,1.3432682758e-01,1.4410387183e-03
6,-6.7341872527e-02,1.3436250298e-01,1.4682174274e-03
7,-6.5860957856e-02,1.3424379339e-01,1.5093114968e-03
8,-6.4351416329e-02,1.3397687606e-01,1.5613351632e-03

Region 7 (9 circles):
Circle_Index,Center_X,Center_Y,Radius
0,-6.2815204529e-02,1.3356792823e-01,1.6214903551e-03
1,-6.1254279037e-02,1.3302312714e-01,1.6872982144e-03
2,-5.9670596432e-02,1.3234865004e-01,1.7566455163e-03
3,-5.8066113298e-02,1.3155067415e-01,1.8277755289e-03
4,-5.6442786214e-02,1.3063537673e-01,1.8992502013e-03
5,-5.4802571762e-02,1.2960893501e-01,1.9699021627e-03
6,-5.3147426523e-02,1.2847752624e-01,2.0387870015e-03
7,-5.1479307079e-02,1.2724732765e-01,2.1051406850e-03
8,-4.9800170009e-02,1.2592451649e-01,2.1683436995e-03

Region 8 (9 circles):
Circle_Index,Center_X,Center_Y,Radius
0,-4.8111971896e-02,1.2451526999e-01,2.2278918294e-03
1,-4.6416669320e-02,1.2302576540e-01,2.2833727902e-03
2,-4.4716218863e-02,1.2146217995e-01,2.3344477377e-03
3,-4.3012577105e-02,1.1983069090e-01,2.3808367046e-03
4,-4.1307700628e-02,1.1813747547e-01,2.4223071477e-03
5,-3.9603546013e-02,1.1638871091e-01,2.4586649323e-03
6,-3.7902069841e-02,1.1459057446e-01,2.4897472204e-03
7,-3.6205228693e-02,1.1274924337e-01,2.5154168412e-03
8,-3.4514979151e-02,1.1087089486e-01,2.5355578227e-03

Region 9 (9 circles):
Circle_Index,Center_X,Center_Y,Radius
0,-3.2833277795e-02,1.0896170619e-01,2.5500718318e-03
1,-3.1162081206e-02,1.0702785459e-01,2.5588753330e-03
2,-2.9503345966e-02,1.0507551731e-01,2.5618973174e-03
3,-2.7859028655e-02,1.0311087158e-01,2.5590774896e-03
4,-2.6231085855e-02,1.0114009464e-01,2.5503648282e-03
5,-2.4621474147e-02,9.9169363743e-02,2.5357164549e-03
6,-2.3032150113e-02,9.7204856120e-02,2.5150967659e-03
7,-2.1465070332e-02,9.5252749014e-02,2.4884767935e-03
8,-1.9922191387e-02,9.3319219666e-02,2.4558337783e-03

Region 10 (9 circles):
Circle_Index,Center_X,Center_Y,Radius
0,-1.8405469858e-02,9.1410445317e-02,2.4171509450e-03
1,-1.6916862326e-02,8.9532603207e-02,2.3724174893e-03
2,-1.5458325373e-02,8.7691870577e-02,2.3216287953e-03
3,-1.4031815580e-02,8.5894424668e-02,2.2647869270e-03
4,-1.2639289527e-02,8.4146442721e-02,2.2019014600e-03
5,-1.1282703797e-02,8.2454101975e-02,2.1329907619e-03
6,-9.9640149692e-03,8.0823579672e-02,2.0580838859e-03
7,-8.6851796258e-03,7.9261053053e-02,1.9772233341e-03
8,-7.4481543477e-03,7.7772699358e-02,1.8904690936e-03

Region 11 (9 circles):
Circle_Index,Center_X,Center_Y,Radius
0,-6.2548957160e-03,7.6364695829e-02,1.7979045916e-03
1,-5.1073603119e-03,7.5043219704e-02,2.1546185659e-03
2,-3.4066354819e-03,7.3131074631e-02,2.5946641887e-03
3,-1.6411034812e-03,7.1181399395e-02,2.6646349558e-03
4,1.8637305375e-04,6.9195218863e-02,2.7320879654e-03
5,2.0729314866e-03,6.7173557902e-02,2.7969799345e-03
6,4.0157091809e-03,6.5117441379e-02,2.8592744172e-03
7,6.0118435002e-03,6.3027894162e-02,2.9189407209e-03
8,8.0584718083e-03,6.0905941118e-02,2.9759530329e-03

Region 12 (9 circles):
Circle_Index,Center_X,Center_Y,Radius
0,1.0152731469e-02,5.8752607114e-02,3.0302897143e-03
1,1.2291759845e-02,5.6568917018e-02,3.0819327254e-03
2,1.4472694300e-02,5.4355895698e-02,3.1308671582e-03
3,1.6692672199e-02,5.2114568019e-02,3.1770808543e-03
4,1.8948830905e-02,4.9845958850e-02,3.2205640934e-03
5,2.1238307780e-02,4.7551093058e-02,3.2613093385e-03
6,2.3558240190e-02,4.5230995511e-02,3.2993110295e-03
7,2.5905765497e-02,4.2886691074e-02,3.3345654165e-03
8,2.8278021065e-02,4.0519204617e-02,3.3670704267e-03

Region 13 (9 circles):
Circle_Index,Center_X,Center_Y,Radius
0,3.0672144257e-02,3.8129561006e-02,3.3968255605e-03
1,3.3085272438e-02,3.5718785108e-02,3.4238318126e-03
2,3.5514542971e-02,3.3287901791e-02,3.4480916156e-03
3,3.7957093219e-02,3.0837935923e-02,3.4696088029e-03
4,4.0410060547e-02,2.8369912369e-02,3.4883885904e-03
5,4.2870582317e-02,2.5884855999e-02,3.5044375745e-03
6,4.5335795893e-02,2.3383791678e-02,3.5177637467e-03
7,4.7802838639e-02,2.0867744275e-02,3.5283765234e-03
8,5.0268847918e-02,1.8337738656e-02,3.5362867919e-03

Region 14 (9 circles):
Circle_Index,Center_X,Center_Y,Radius
0,5.2730961095e-02,1.5794799690e-02,3.5415069711e-03
1,5.5186315532e-02,1.3239952242e-02,3.5440510891e-03
2,5.7632048594e-02,1.0674221181e-02,3.5439348776e-03
3,6.0065297643e-02,8.0986313744e-03,3.5411758845e-03
4,6.2483200044e-02,5.5142076887e-03,3.5357936056e-03
5,6.4882893159e-02,2.9219749914e-03,3.5278096380e-03
6,6.7261514354e-02,3.2295815002e-04,3.5172478564e-03
7,6.9616200990e-02,-2.2818179683e-03,3.5041346159e-03
8,7.1944090433e-02,-4.8913284962e-03,3.4884989833e-03

Region 15 (9 circles):
Circle_Index,Center_X,Center_Y,Radius
0,7.4242320045e-02,-7.5045485663e-03,3.4703730007e-03
1,7.6508027190e-02,-1.0120453311e-02,3.4497919861e-03
2,7.8738349231e-02,-1.2738017864e-02,3.4267948749e-03
3,8.0930423533e-02,-1.5356217357e-02,3.4014246081e-03
4,8.3081387459e-02,-1.7974026923e-02,3.3737285741e-03
5,8.5188378372e-02,-2.0590421695e-02,3.3437591099e-03
6,8.7248533636e-02,-2.3204376805e-02,3.3115740719e-03
7,8.9258990614e-02,-2.5814867387e-02,3.2772374847e-03
8,9.1216886671e-02,-2.8420868572e-02,3.2408202781e-03

Region 16 (9 circles):
Circle_Index,Center_X,Center_Y,Radius
0,9.3119359170e-02,-3.1021355493e-02,3.2024011261e-03
1,9.4963545474e-02,-3.3615303284e-02,3.1620674008e-03
2,9.6746582947e-02,-3.6201687076e-02,3.1199162548e-03
3,9.8465608953e-02,-3.8779482004e-02,3.0760558517e-03
4,1.0011776086e-01,-4.1347663198e-02,3.0306067595e-03
5,1.0170017602e-01,-4.3905205792e-02,2.9837035264e-03
6,1.0320999180e-01,-4.6451084919e-02,2.9354964576e-03
7,1.0464434557e-01,-4.8984275711e-02,2.8861536095e-03
8,1.0600037470e-01,-5.1503753302e-02,2.8358630160e-03

Region 17 (8 circles):
Circle_Index,Center_X,Center_Y,Radius
0,1.0727521653e-01,-5.4008492822e-02,2.7848351526e-03
1,1.0846600845e-01,-5.6497469407e-02,2.7333056396e-03
2,1.0956988781e-01,-5.8969658187e-02,2.6815381632e-03
3,1.1058399197e-01,-6.1424034296e-02,2.6298275758e-03
4,1.1150545830e-01,-6.3859572867e-02,2.5785031014e-03
5,1.1233142416e-01,-6.6275249031e-02,2.5279315274e-03
6,1.1305902692e-01,-6.8670037923e-02,2.4785202070e-03
7,1.1368540393e-01,-7.1042914674e-02,2.4307196192e-03

Region 18 (8 circles):
Circle_Index,Center_X,Center_Y,Radius
0,1.1420769257e-01,-7.3392854417e-02,2.3850251524e-03
1,1.1462303020e-01,-7.5718832286e-02,2.0739253315e-03
2,1.1479118290e-01,-7.7495976182e-02,1.8131661464e-03
3,1.1475680932e-01,-7.9336906150e-02,1.8771362013e-03
4,1.1452753346e-01,-8.1236138638e-02,1.9545115563e-03
5,1.1411097932e-01,-8.3188190091e-02,2.0411944726e-03
6,1.1351477090e-01,-8.5187576955e-02,2.1337034641e-03
7,1.1274653218e-01,-8.7228815677e-02,2.2291797923e-03

Region 19 (8 circles):
Circle_Index,Center_X,Center_Y,Radius
0,1.1181388717e-01,-8.9306422703e-02,2.3253238690e-03
1,1.1072445987e-01,-9.1414914480e-02,2.4203063022e-03
2,1.0948587427e-01,-9.3548807453e-02,2.5126785595e-03
3,1.0810575437e-01,-9.5702618069e-02,2.6012942857e-03
4,1.0659172416e-01,-9.7870862774e-02,2.6852444618e-03
5,1.0495140765e-01,-1.0004805801e-01,2.7638058768e-03
6,1.0319242883e-01,-1.0222872024e-01,2.8364009930e-03
7,1.0132241169e-01,-1.0440736589e-01,2.9025670156e-03

Region 20 (8 circles):
Circle_Index,Center_X,Center_Y,Radius
0,9.9348980244e-02,-1.0657851141e-01,2.9619321780e-03
1,9.7279758476e-02,-1.0873667326e-01,3.0141975972e-03
2,9.5122370387e-02,-1.1087636787e-01,3.0591234067e-03
3,9.2884439974e-02,-1.1299211169e-01,3.0965181731e-03
4,9.0573591234e-02,-1.1507842118e-01,3.1262308533e-03
5,8.8197448163e-02,-1.1712981277e-01,3.1481447371e-03
6,8.5763634760e-02,-1.1914080291e-01,3.1621729692e-03
7,8.3279775021e-02,-1.2110590805e-01,3.1682553613e-03

Region 21 (8 circles):
Circle_Index,Center_X,Center_Y,Radius
0,8.0753492943e-02,-1.2301964463e-01,3.1663562927e-03
1,7.8192412523e-02,-1.2487652911e-01,3.1564635730e-03
2,7.5604157758e-02,-1.2667107792e-01,3.1385882028e-03
3,7.2996352646e-02,-1.2839780752e-01,3.1127650265e-03
4,7.0376621183e-02,-1.3005123434e-01,3.0790543308e-03
5,6.7752587367e-02,-1.3162587484e-01,3.0375445042e-03
6,6.5131875194e-02,-1.3311624547e-01,2.9883559528e-03
7,6.2522108662e-02,-1.3451686266e-01,2.9316465589e-03

Region 22 (8 circles):
Circle_Index,Center_X,Center_Y,Radius
0,5.9930911767e-02,-1.3582224286e-01,2.8676190978e-03
1,5.7365908508e-02,-1.3702690253e-01,2.7965311910e-03
2,5.4834722880e-02,-1.3812535811e-01,2.7187086026e-03
3,5.2344978881e-02,-1.3911212603e-01,2.6345629879e-03
4,4.9904300507e-02,-1.3998172276e-01,2.5446156077e-03
5,4.7520311757e-02,-1.4072866474e-01,2.4495290469e-03
6,4.5200636627e-02,-1.4134746840e-01,2.3501496054e-03
7,4.2952899114e-02,-1.4183265021e-01,2.2475636822e-03

Region 23 (8 circles):
Circle_Index,Center_X,Center_Y,Radius
0,4.0784723216e-02,-1.4217872660e-01,2.1431718710e-03
1,3.8703732929e-02,-1.4238021402e-01,2.0387839327e-03
2,3.6717552250e-02,-1.4243162892e-01,1.9367347947e-03
3,3.4833805176e-02,-1.4232748774e-01,1.8400133980e-03
4,3.3060115705e-02,-1.4206230693e-01,1.7523783149e-03
5,3.1404107833e-02,-1.4163060294e-01,1.6784032717e-03
6,2.9873405559e-02,-1.4102689221e-01,1.6233581273e-03
7,2.8475632877e-02,-1.4024569119e-01,1.9728227851e-03

Region 24 (8 circles):
Circle_Index,Center_X,Center_Y,Radius
0,2.6539624247e-02,-1.3892357177e-01,2.3824315758e-03
1,2.4589475625e-02,-1.3748981898e-01,2.4586472838e-03
2,2.2626101185e-02,-1.3594734032e-01,2.5348962186e-03
3,2.0650415099e-02,-1.3429904329e-01,2.6108032638e-03
4,1.8663331542e-02,-1.3254783539e-01,2.6860460251e-03
5,1.6665764686e-02,-1.3069662411e-01,2.7603470301e-03
6,1.4658628705e-02,-1.2874831696e-01,2.8334670001e-03
7,1.2642837772e-02,-1.2670582142e-01,2.9051991064e-03

Region 25 (8 circles):
Circle_Index,Center_X,Center_Y,Radius
0,1.0619306060e-02,-1.2457204500e-01,2.9753640992e-03
1,8.5889477426e-03,-1.2234989520e-01,3.0438061930e-03
2,6.5526769931e-03,-1.2004227950e-01,3.1103895988e-03
3,4.5114079846e-03,-1.1765210542e-01,3.1749956051e-03
4,2.4660548904e-03,-1.1518228044e-01,3.2375201185e-03
5,4.1753188383e-04,-1.1263571207e-01,3.2978715918e-03
6,-1.6332468619e-03,-1.1001530781e-01,3.3559692744e-03
7,-3.6853671735e-03,-1.0732397514e-01,3.4117417332e-03

Region 26 (8 circles):
Circle_Index,Center_X,Center_Y,Radius
0,-5.7379148777e-03,-1.0456462157e-01,3.4651255992e-03
1,-7.7899758013e-03,-1.0174015459e-01,3.5160645024e-03
2,-9.8406357709e-03,-9.8853481709e-02,3.5645081650e-03
3,-1.1888980613e-02,-9.5907510417e-02,3.6104116274e-03
4,-1.3934096155e-02,-9.2905148213e-02,3.6537345853e-03
5,-1.5975068224e-02,-8.9849302594e-02,3.6944408208e-03
6,-1.8010982645e-02,-8.6742881058e-02,3.7324977126e-03
7,-2.0040925246e-02,-8.3588791104e-02,3.7678758137e-03

Region 27 (8 circles):
Circle_Index,Center_X,Center_Y,Radius
0,-2.2063981854e-02,-8.0389940227e-02,3.8005484855e-03
1,-2.4079238295e-02,-7.7149235927e-02,3.8304915810e-03
2,-2.6085780395e-02,-7.3869585700e-02,3.8576831687e-03
3,-2.8082693983e-02,-7.0553897044e-02,3.8821032921e-03
4,-3.0069064884e-02,-6.7205077456e-02,3.9037337601e-03
5,-3.2043978925e-02,-6.3826034435e-02,3.9225579623e-03
6,-3.4006521932e-02,-6.0419675478e-02,3.9385607077e-03
7,-3.5955779734e-02,-5.6988908082e-02,3.9517280828e-03

Region 28 (8 circles):
Circle_Index,Center_X,Center_Y,Radius
0,-3.7890838156e-02,-5.3536639745e-02,3.9620473263e-03
1,-3.9810783025e-02,-5.0065777964e-02,3.9695067183e-03
2,-4.1714700168e-02,-4.6579230238e-02,3.9740954830e-03
3,-4.3601675411e-02,-4.3079904063e-02,3.9758037017e-03
4,-4.5470794582e-02,-3.9570706938e-02,3.9746222362e-03
5,-4.7321143506e-02,-3.6054546359e-02,3.9705426607e-03
6,-4.9151808012e-02,-3.2534329825e-02,3.9635572012e-03
7,-5.0961873925e-02,-2.9012964833e-02,3.9536586820e-03

Region 29 (8 circles):
Circle_Index,Center_X,Center_Y,Radius
0,-5.2750427072e-02,-2.5493358881e-02,3.9408404777e-03
1,-5.4516553280e-02,-2.1978419466e-02,3.9250964710e-03
2,-5.6259338376e-02,-1.8471054085e-02,3.9064210152e-03
3,-5.7977868186e-02,-1.4974170237e-02,3.8848089014e-03
4,-5.9671228538e-02,-1.1490675419e-02,3.8602553290e-03
5,-6.1338505257e-02,-8.0234771288e-03,3.8327558809e-03
6,-6.2978784171e-02,-4.5754828633e-03,3.8023065012e-03
7,-6.4591151106e-02,-1.1496001206e-03,3.7689034772e-03
