Region Metadata for: shape_89.txt
================================================================================

REGION DEFINITION: Circle union (one circle per point)
  Each point gets a circle with radius = average distance to neighbors

Total vertices: 193
Number of regions: 30
Points per region:
  Region 0: 7 points
  Region 1: 7 points
  Region 2: 7 points
  Region 3: 7 points
  Region 4: 7 points
  Region 5: 7 points
  Region 6: 7 points
  Region 7: 7 points
  Region 8: 7 points
  Region 9: 7 points
  Region 10: 7 points
  Region 11: 7 points
  Region 12: 7 points
  Region 13: 6 points
  Region 14: 6 points
  Region 15: 6 points
  Region 16: 6 points
  Region 17: 6 points
  Region 18: 6 points
  Region 19: 6 points
  Region 20: 6 points
  Region 21: 6 points
  Region 22: 6 points
  Region 23: 6 points
  Region 24: 6 points
  Region 25: 6 points
  Region 26: 6 points
  Region 27: 6 points
  Region 28: 6 points
  Region 29: 6 points

REGION SUMMARY:
Region_Index,Num_Points,BBox_Min_X,BBox_Max_X,BBox_Min_Y,BBox_Max_Y,Normal_X,Normal_Y,Tangent_X,Tangent_Y,Fitted_Circle_X,Fitted_Circle_Y,Fitted_Circle_Radius,Local_AoA_Rad,Union_Area,Collection_Area
0,7,-1.8390479162e-01,-1.6841829859e-01,-1.4142415620e-03,2.4742413093e-02,-0.9163980717,0.4002681279,0.4002681279,0.9163980717,-1.4613292510e-01,-1.4874026431e-03,3.4369497617e-02,4.11809416e-01,1.81700375e-04,9.54421159e-05
1,7,-1.7325302117e-01,-1.4454102719e-01,2.0120271811e-02,4.1912263044e-02,-0.5517772349,0.8339915366,0.8339915366,0.5517772349,-1.2110212621e-01,-2.7535732305e-02,7.0640011500e-02,9.86302589e-01,2.48845026e-04,1.27871325e-04
2,7,-1.4956530362e-01,-1.0962603890e-01,3.4491730904e-02,5.3795113105e-02,-0.2905254912,0.9568672525,0.9568672525,0.2905254912,-7.7338726970e-02,-1.3058957090e-01,1.8274553078e-01,1.27602036e+00,3.91587472e-04,1.98476687e-04
3,7,-1.1540039335e-01,-6.7549207768e-02,4.3661380027e-02,6.1035087935e-02,-0.1476312320,0.9890424760,0.9890424760,0.1476312320,-3.3489879515e-02,-3.3974042592e-01,3.9651721803e-01,1.42262350e+00,5.32743997e-04,2.68294086e-04
4,7,-7.3923672336e-02,-2.1919846518e-02,4.8983835931e-02,6.4542873518e-02,-0.0659783245,0.9978210565,0.9978210565,0.0659783245,1.8761344600e-04,-6.7523908667e-01,7.3373976973e-01,1.50477004e+00,6.20129780e-04,3.11430701e-04
5,7,-2.8523225039e-02,2.3728333978e-02,5.1591012852e-02,6.5325848893e-02,-0.0177408495,0.9998426187,0.9998426187,0.0177408495,1.9949462833e-02,-1.2053983554e+00,1.2642882855e+00,1.55305455e+00,6.24163251e-04,3.12799292e-04
6,7,1.7349102702e-02,6.5886804091e-02,5.2551063661e-02,6.5248253402e-02,0.0083777098,0.9999649064,0.9999649064,-0.0083777098,1.9906125098e-02,-2.5318554567e+00,2.5907600311e+00,1.57917413e+00,5.39112874e-04,2.69827606e-04
7,7,6.0219517309e-02,1.0105831275e-01,5.2910193485e-02,6.4111213908e-02,0.0138261356,0.9999044144,0.9999044144,-0.0138261356,1.5228278808e-01,5.1209105092e+00,-5.0631349724e+00,1.58462290e+00,3.83272968e-04,1.91559635e-04
8,7,9.6603700895e-02,1.1383601616e-01,5.3704083144e-02,6.2409351827e-02,0.1320297101,0.9912457595,0.9912457595,-0.1320297101,1.0546324769e-01,3.6762529016e-02,2.1626889944e-02,1.70321266e+00,1.10283974e-04,5.61524673e-05
9,7,9.8114662402e-02,1.1375278547e-01,4.3642726070e-02,5.6750898981e-02,0.6111960157,-0.7914792672,-0.7914792672,-0.6111960157,7.3564030326e-02,9.5469797002e-02,5.5887285677e-02,-2.22836715e+00,8.83708110e-05,4.50250332e-05
10,7,7.3539553802e-02,1.0213956319e-01,2.7542435552e-02,4.8709614653e-02,0.5391523848,-0.8422082319,-0.8422082319,-0.5391523848,7.4964784327e-01,-9.9677833825e-01,-1.2285932285e+00,-2.14022669e+00,2.42026689e-04,1.20824465e-04
11,7,5.1481966035e-02,7.8611154937e-02,1.0785936866e-02,3.3789036106e-02,0.6174692019,-0.7865950577,-0.7865950577,-0.6174692019,1.5693751614e-01,-9.6122473819e-02,-1.5031705824e-01,-2.23631754e+00,2.40426089e-04,1.18640425e-04
12,7,4.3868352022e-02,5.6022556838e-02,-3.5361996407e-03,1.5266268589e-02,0.8976687661,-0.4406708367,-0.4406708367,-0.8976687661,6.5998452193e-02,-3.5108801048e-03,-2.0287224960e-02,-2.68524681e+00,1.04150743e-04,4.91428869e-05
13,6,4.4627393613e-02,5.5553144425e-02,-1.2254027606e-02,-1.7483384305e-03,0.6846257516,0.7288947662,0.7288947662,-0.6846257516,5.8356927739e-02,2.6175471852e-03,-1.3522349753e-02,2.32488646e+00,4.95125973e-05,2.31640352e-05
14,6,5.2939278604e-02,7.1573938905e-02,-1.8062690099e-02,-8.4875969943e-03,0.2990380731,0.9542411806,0.9542411806,-0.2990380731,8.8184458600e-02,7.1086337518e-02,-8.8361790567e-02,1.87448077e+00,9.68681772e-05,4.77075273e-05
15,6,6.8509727423e-02,8.8636484468e-02,-2.1911365655e-02,-1.2787618957e-02,0.2270671285,0.9738791091,0.9738791091,-0.2270671285,-1.1038737651e-01,-8.3227038876e-01,8.3648920104e-01,1.79986141e+00,1.09197534e-04,5.46839717e-05
16,6,8.5836356444e-02,1.0063489671e-01,-2.5729444767e-02,-1.7181295581e-02,0.3695944701,0.9291931595,0.9291931595,-0.3695944701,7.9427328401e-02,-5.8214705536e-02,3.9413565843e-02,1.94936888e+00,6.47680665e-05,3.32705462e-05
17,6,9.8685033495e-02,1.0782533567e-01,-3.5067573210e-02,-2.3469769590e-02,0.8263886676,0.5631001422,0.5631001422,-0.8263886676,7.5814040471e-02,-4.7026415110e-02,3.2901462670e-02,2.54346019e+00,4.76575482e-05,2.45140061e-05
18,6,1.0407633974e-01,1.1336773224e-01,-4.8749672024e-02,-3.2383252674e-02,0.9317475372,0.3631067707,0.3631067707,-0.9317475372,4.4213286690e-02,-6.5900971357e-02,6.9637895838e-02,2.76999257e+00,7.71161288e-05,3.92454065e-05
19,6,1.0948440558e-01,1.1386129100e-01,-5.7183514049e-02,-4.6489870167e-02,0.9972623377,-0.0739447760,-0.0739447760,-0.9972623377,1.0276492770e-01,-5.1916429291e-02,9.3808478566e-03,-3.06758033e+00,3.33407824e-05,1.79019205e-05
20,6,8.5567269055e-02,1.1164653555e-01,-6.0804932716e-02,-5.0768700079e-02,-0.0447614591,-0.9989977036,-0.9989977036,0.0447614591,4.8591702189e-02,-1.0928170408e+00,-1.0379232012e+00,-1.52601991e+00,2.09021542e-04,1.05201758e-04
21,6,5.1679720711e-02,9.0645928987e-02,-6.1328898314e-02,-4.9468422049e-02,-0.0079540994,-0.9999683657,-0.9999683657,0.0079540994,6.2721488790e-02,-1.1968968942e+00,-1.1415067075e+00,-1.56284214e+00,3.94926771e-04,1.97101054e-04
22,6,1.3621982135e-02,5.7667901683e-02,-6.2122650274e-02,-4.9122786248e-02,0.0064768237,-0.9999790252,-0.9999790252,-0.0064768237,1.9425289778e-01,-2.4041343655e+01,-2.3986351072e+01,-1.57727320e+00,5.03568560e-04,2.51775118e-04
23,6,-2.6353663198e-02,2.0148609843e-02,-6.2343380429e-02,-4.8876598590e-02,-0.0025546512,-0.9999967369,-0.9999967369,0.0025546512,1.9914838021e-03,2.0021177313e+00,2.0578050050e+00,-1.56824167e+00,5.60977169e-04,2.81094781e-04
24,6,-6.6004988140e-02,-1.9662378946e-02,-6.2167396049e-02,-4.7864608662e-02,-0.0328376612,-0.9994606986,-0.9994606986,0.0328376612,-1.2020813619e-02,8.8982773035e-01,9.4540993057e-01,-1.53795276e+00,5.57624349e-04,2.79734832e-04
25,6,-1.0310292279e-01,-5.9505584338e-02,-6.0479722687e-02,-4.5208408806e-02,-0.0897832556,-0.9959613281,-0.9959613281,0.0897832556,-3.6471078748e-02,4.4872663376e-01,5.0360696219e-01,-1.48089201e+00,4.96305484e-04,2.49633456e-04
26,6,-1.3544789863e-01,-9.7106851084e-02,-5.6318474820e-02,-4.0000089967e-02,-0.1887258998,-0.9820298034,-0.9820298034,0.1887258998,-6.8882298936e-02,2.0135018885e-01,2.5407405168e-01,-1.38093176e+00,3.92406431e-04,1.98210346e-04
27,6,-1.6092505385e-01,-1.3015731760e-01,-4.8885036467e-02,-3.1247036409e-02,-0.3631608576,-0.9317264575,-0.9317264575,0.3631608576,-1.0526945534e-01,6.5086311145e-02,1.1295879914e-01,-1.19913819e+00,2.73250905e-04,1.39291103e-04
28,6,-1.7767970306e-01,-1.5624567787e-01,-3.7483236096e-02,-1.7696455953e-02,-0.6612424053,-0.7501723012,-0.7501723012,0.6612424053,-1.3670528625e-01,7.5063252206e-03,4.7227724183e-02,-8.48322612e-01,1.78377418e-04,9.24628407e-05
29,6,-1.8417132221e-01,-1.7265496823e-01,-2.1722559801e-02,2.2186049082e-03,-0.9674666699,-0.2529985033,-0.2529985033,0.9674666699,-1.4784985294e-01,-1.9399508474e-03,3.2635016515e-02,-2.55778340e-01,1.58450060e-04,8.38526294e-05

DETAILED CIRCLE DATA:

Region 0 (7 circles):
Circle_Index,Center_X,Center_Y,Radius
0,-1.8029562298e-01,2.1949270819e-03,3.6091686439e-03
1,-1.7974716075e-01,5.7060523229e-03,3.5180840131e-03
2,-1.7885285611e-01,9.0717284398e-03,3.4661986815e-03
3,-1.7762288433e-01,1.2294957973e-02,3.4519003065e-03
4,-1.7606742072e-01,1.5378743464e-02,3.4724031854e-03
5,-1.7419664058e-01,1.8326087454e-02,3.5240008573e-03
6,-1.7202071920e-01,2.1139992481e-02,3.6024206121e-03

Region 1 (7 circles):
Circle_Index,Center_X,Center_Y,Radius
0,-1.6954983189e-01,2.3823461088e-02,3.7031892773e-03
1,-1.6679415394e-01,2.6379495816e-02,3.8219382193e-03
2,-1.6376386065e-01,2.8811099204e-02,3.9546132312e-03
3,-1.6046912732e-01,3.1121273793e-02,4.0975893504e-03
4,-1.5692012925e-01,3.3313022125e-02,4.2477103262e-03
5,-1.5312704173e-01,3.5389346740e-02,4.4022778880e-03
6,-1.4910004006e-01,3.7353250178e-02,4.5590128657e-03

Region 2 (7 circles):
Circle_Index,Center_X,Center_Y,Radius
0,-1.4484929954e-01,3.9207734981e-02,4.7160040769e-03
1,-1.4038499547e-01,4.0955803688e-02,4.8716549512e-03
2,-1.3571730315e-01,4.2600458841e-02,5.0246333451e-03
3,-1.3085639787e-01,4.4144702980e-02,5.1738270305e-03
4,-1.2581245493e-01,4.5591538647e-02,5.3183055749e-03
5,-1.2059564964e-01,4.6943968381e-02,5.4572884010e-03
6,-1.1521615728e-01,4.8204994723e-02,5.5901183818e-03

Region 3 (7 circles):
Circle_Index,Center_X,Center_Y,Radius
0,-1.0968415316e-01,4.9377620214e-02,5.7162401876e-03
1,-1.0400981258e-01,5.0464847396e-02,5.8351826056e-03
2,-9.8203310832e-02,5.1469678807e-02,5.9465441296e-03
3,-9.2274823214e-02,5.2395116990e-02,6.0499812138e-03
4,-8.6234525026e-02,5.3244164485e-02,6.1451986876e-03
5,-8.0092591565e-02,5.4019823832e-02,6.2319419146e-03
6,-7.3859198131e-02,5.4725097572e-02,6.3099903630e-03

Region 4 (7 circles):
Circle_Index,Center_X,Center_Y,Radius
0,-6.7544520020e-02,5.5362988247e-02,6.3791523153e-03
1,-6.1158732532e-02,5.5936498395e-02,6.4392605010e-03
2,-5.4712010963e-02,5.6448630560e-02,6.4901684789e-03
3,-4.8214530613e-02,5.6902387280e-02,6.5317476291e-03
4,-4.1676466780e-02,5.7300771096e-02,6.5638846443e-03
5,-3.5107994760e-02,5.7646784550e-02,6.5864794288e-03
6,-2.8519289854e-02,5.7943430183e-02,6.5994433356e-03

Region 5 (7 circles):
Circle_Index,Center_X,Center_Y,Radius
0,-2.1920527358e-02,5.8193710533e-02,6.6026976814e-03
1,-1.5321882571e-02,5.8400628144e-02,6.5961724938e-03
2,-8.7335307907e-03,5.8567185554e-02,6.5798054518e-03
3,-2.1656473155e-03,5.8696385305e-02,6.5535409905e-03
4,4.3715925565e-03,5.8791229938e-02,6.5173295428e-03
5,1.0868013527e-02,5.8854721992e-02,6.4711269009e-03
6,1.7313440299e-02,5.8889864010e-02,6.4148936797e-03

Region 6 (7 circles):
Circle_Index,Center_X,Center_Y,Radius
0,2.3697697573e-02,5.8899658531e-02,6.3485948706e-03
1,3.0010610051e-02,5.8887108097e-02,6.2721994767e-03
2,3.6242002436e-02,5.8855215247e-02,6.1856802224e-03
3,4.2381699429e-02,5.8806982523e-02,6.0890133336e-03
4,4.8419525732e-02,5.8745412465e-02,5.9821783882e-03
5,5.4345306047e-02,5.8673507614e-02,5.8651582390e-03
6,6.0148865076e-02,5.8594270511e-02,5.7379390150e-03

Region 7 (7 circles):
Circle_Index,Center_X,Center_Y,Radius
0,6.5820027521e-02,5.8510703696e-02,5.6005102116e-03
1,7.1348618084e-02,5.8425809711e-02,5.4528648884e-03
2,7.6724461466e-02,5.8342591095e-02,5.2949999993e-03
3,8.1937382369e-02,5.8264050389e-02,5.1269168955e-03
4,8.6977205496e-02,5.8193190135e-02,4.9486220585e-03
5,9.1833755549e-02,5.8133012873e-02,4.7601281513e-03
6,9.6496857228e-02,5.8086521143e-02,4.5614555188e-03

Region 8 (7 circles):
Circle_Index,Center_X,Center_Y,Radius
0,1.0095633524e-01,5.8056717486e-02,4.3526343417e-03
1,1.0520201428e-01,5.8046604443e-02,4.1337077659e-03
2,1.0922371905e-01,5.8059184554e-02,2.9304250043e-03
3,1.1106039893e-01,5.7964369835e-02,1.5464333893e-03
4,1.1227631378e-01,5.7658726065e-02,1.0322043376e-03
5,1.1290893047e-01,5.7151796228e-02,7.5735487672e-04
6,1.1299571584e-01,5.6453123305e-02,8.4030032069e-04

Region 9 (7 circles):
Circle_Index,Center_X,Center_Y,Radius
0,1.1257413677e-01,5.5572250278e-02,1.1786487025e-03
1,1.1168166012e-01,5.4518720131e-02,1.5901269539e-03
2,1.1035575274e-01,5.3302075843e-02,2.0000222682e-03
3,1.0863388151e-01,5.1931860399e-02,2.3868169915e-03
4,1.0655351328e-01,5.0417616780e-02,2.7430050988e-03
5,1.0415211491e-01,4.8768887968e-02,3.0654066398e-03
6,1.0146715328e-01,4.6995216945e-02,3.3524908747e-03

Region 10 (7 circles):
Circle_Index,Center_X,Center_Y,Radius
0,9.8536095231e-02,4.5106146694e-02,3.6034679589e-03
1,9.5396407638e-02,4.3111220196e-02,3.8179280470e-03
2,9.2085557360e-02,4.1019980435e-02,3.9956813517e-03
3,8.8641011258e-02,3.8841970391e-02,4.1366828574e-03
4,8.5100236196e-02,3.6586733047e-02,4.2409974271e-03
5,8.1500699036e-02,3.4263811386e-02,4.3087870677e-03
6,7.7879866639e-02,3.1882748389e-02,4.3403128367e-03

Region 11 (7 circles):
Circle_Index,Center_X,Center_Y,Radius
0,7.4275205869e-02,2.9453087038e-02,4.3359490680e-03
1,7.0724183587e-02,2.6984370316e-02,4.2962108329e-03
2,6.7264266655e-02,2.4486141205e-02,4.2217984781e-03
3,6.3932921937e-02,2.1967942687e-02,4.1136667543e-03
4,6.0767616293e-02,1.9439317744e-02,3.9731316826e-03
5,5.7805816587e-02,1.6909809358e-02,3.8020376829e-03
6,5.5084989680e-02,1.4388960512e-02,3.6030236456e-03

Region 12 (7 circles):
Circle_Index,Center_X,Center_Y,Radius
0,5.2642602435e-02,1.1886314187e-02,3.3799544024e-03
1,5.0516121715e-02,9.4114133656e-03,3.1386295222e-03
2,4.8743014381e-02,6.9738010303e-03,2.8879438202e-03
3,4.7360747295e-02,4.5830201630e-03,2.6417072684e-03
4,4.6406787320e-02,2.2486137459e-03,2.4211137892e-03
5,4.5918601319e-02,-1.9875239003e-05,2.0502492969e-03
6,4.5923939507e-02,-1.7999417625e-03,1.7362578782e-03

Region 13 (6 circles):
Circle_Index,Center_X,Center_Y,Radius
0,4.6323577887e-02,-3.4445227053e-03,1.6961842748e-03
1,4.7089049937e-02,-4.9623518915e-03,1.7409919762e-03
2,4.8191889132e-02,-6.3621631452e-03,1.8473846342e-03
3,4.9603628952e-02,-7.6526902907e-03,1.9907036379e-03
4,5.1295802873e-02,-8.8426671520e-03,2.1507749298e-03
5,5.3239944372e-02,-9.9408275532e-03,2.3132000532e-03

Region 14 (6 circles):
Circle_Index,Center_X,Center_Y,Radius
0,5.5407586928e-02,-1.0955905319e-02,2.4683083243e-03
1,5.7770264017e-02,-1.1896634272e-02,2.6097161039e-03
2,6.0299509117e-02,-1.2771748238e-02,2.7331930129e-03
3,6.2966855706e-02,-1.3589981041e-02,2.8359029818e-03
4,6.5743837260e-02,-1.4360066504e-02,2.9159243353e-03
5,6.8601987258e-02,-1.5090738452e-02,2.9719516475e-03

Region 15 (6 circles):
Circle_Index,Center_X,Center_Y,Radius
0,7.1512839176e-02,-1.5790730709e-02,3.0031117523e-03
1,7.4447926492e-02,-1.6468777099e-02,3.0088521211e-03
2,7.7378782684e-02,-1.7133611446e-02,2.9888773351e-03
3,8.0276941228e-02,-1.7793967575e-02,2.9431207840e-03
4,8.3113935603e-02,-1.8458579309e-02,2.8717467669e-03
5,8.5861299285e-02,-1.9136180472e-02,2.7751851825e-03

Region 16 (6 circles):
Circle_Index,Center_X,Center_Y,Radius
0,8.8490565753e-02,-1.9835504890e-02,2.6542093088e-03
1,9.0973268483e-02,-2.0565286385e-02,2.5100799544e-03
2,9.3280940953e-02,-2.1334258783e-02,2.3448020085e-03
3,9.5385116640e-02,-2.2151155906e-02,2.1615822746e-03
4,9.7257329023e-02,-2.3024711580e-02,1.9656570466e-03
5,9.8869111577e-02,-2.3963659629e-02,1.7657851379e-03

Region 17 (6 circles):
Circle_Index,Center_X,Center_Y,Radius
0,1.0019199778e-01,-2.4976733876e-02,1.5069642861e-03
1,1.0112380212e-01,-2.5950392932e-02,1.4996684330e-03
2,1.0213937839e-01,-2.7252905353e-02,1.7843161745e-03
3,1.0321464296e-01,-2.8839928864e-02,2.0276825037e-03
4,1.0432551222e-01,-3.0667121194e-02,2.2259482003e-03
5,1.0544790253e-01,-3.2690140070e-02,2.3774331403e-03

Region 18 (6 circles):
Circle_Index,Center_X,Center_Y,Radius
0,1.0655773028e-01,-3.4864643219e-02,2.4813905443e-03
1,1.0763091184e-01,-3.7146288367e-02,2.5375758481e-03
2,1.0864336359e-01,-3.9490733243e-02,2.5460935062e-03
3,1.0957100191e-01,-4.1853635573e-02,2.5073766158e-03
4,1.1038974316e-01,-4.4190653085e-02,2.4222673901e-03
5,1.1107550372e-01,-4.6457443506e-02,2.2922285175e-03

Region 19 (6 circles):
Circle_Index,Center_X,Center_Y,Radius
0,1.1160419998e-01,-4.8609664563e-02,2.1197943956e-03
1,1.1195174831e-01,-5.0602973983e-02,1.9095426903e-03
2,1.1209406507e-01,-5.2393029493e-02,1.6703074109e-03
3,1.1200706666e-01,-5.3935488821e-02,1.4204663604e-03
4,1.1166666945e-01,-5.5186009694e-02,1.1997378424e-03
5,1.1104878980e-01,-5.6100249838e-02,1.0832642105e-03

Region 20 (6 circles):
Circle_Index,Center_X,Center_Y,Radius
0,1.1012934411e-01,-5.6633866982e-02,1.1564508454e-03
1,1.0888424874e-01,-5.6742518852e-02,2.7622868115e-03
2,1.0462151923e-01,-5.6422214007e-02,4.3827187094e-03
3,1.0013885661e-01,-5.6153810740e-02,4.5940233841e-03
4,9.5446677504e-02,-5.5933339207e-02,4.7959093208e-03
5,9.0555398542e-02,-5.5756829566e-02,4.9881294869e-03

Region 21 (6 circles):
Circle_Index,Center_X,Center_Y,Radius
0,8.5475436349e-02,-5.5620311972e-02,5.1704926383e-03
1,8.0217207551e-02,-5.5519816582e-02,5.3428497322e-03
2,7.4791128775e-02,-5.5451373551e-02,5.5050842091e-03
3,6.9207616648e-02,-5.5411013037e-02,5.6571049427e-03
4,6.3477087795e-02,-5.5394765195e-02,5.7988410653e-03
5,5.7609958844e-02,-5.5398660182e-02,5.9302381326e-03

Region 22 (6 circles):
Circle_Index,Center_X,Center_Y,Radius
0,5.1616646420e-02,-5.5418728154e-02,6.0512552627e-03
1,4.5507567151e-02,-5.5450999267e-02,6.1618629955e-03
2,3.9293137663e-02,-5.5491503678e-02,6.2620416950e-03
3,3.2983774582e-02,-5.5536271543e-02,6.3517803680e-03
4,2.6589894535e-02,-5.5581333019e-02,6.4310758096e-03
5,2.0121914148e-02,-5.5622718261e-02,6.4999320127e-03

Region 23 (6 circles):
Circle_Index,Center_X,Center_Y,Radius
0,1.3590250048e-02,-5.5656457426e-02,6.5583597943e-03
1,7.0053188618e-03,-5.5678580671e-02,6.6063766104e-03
2,3.7753721505e-04,-5.5685118151e-02,6.6440065370e-03
3,-6.2826782653e-03,-5.5672100022e-02,6.6712804070e-03
4,-1.2964910953e-02,-5.5635556442e-02,6.6882360986e-03
5,-1.9658744221e-02,-5.5571517567e-02,6.6949189767e-03

Region 24 (6 circles):
Circle_Index,Center_X,Center_Y,Radius
0,-2.6353761443e-02,-5.5476013552e-02,6.6913824970e-03
1,-3.3039545994e-02,-5.5345074554e-02,6.6776889864e-03
2,-3.9705681245e-02,-5.5174730730e-02,6.6539106223e-03
3,-4.6341750571e-02,-5.4961012236e-02,6.6201306396e-03
4,-5.2937337345e-02,-5.4699949227e-02,6.5764448038e-03
5,-5.9482024941e-02,-5.4387571861e-02,6.5229631990e-03

Region 25 (6 circles):
Circle_Index,Center_X,Center_Y,Radius
0,-6.5965396732e-02,-5.4019910293e-02,6.4598123936e-03
1,-7.2377036091e-02,-5.3592994680e-02,6.3871380632e-03
2,-7.8706526393e-02,-5.3102855179e-02,6.3051081680e-03
3,-8.4943451011e-02,-5.2545521945e-02,6.2139168131e-03
4,-9.1077393318e-02,-5.1917025135e-02,6.1137889468e-03
5,-9.7097936687e-02,-5.1213394905e-02,6.0049860986e-03

Region 26 (6 circles):
Circle_Index,Center_X,Center_Y,Radius
0,-1.0299466449e-01,-5.0430661411e-02,5.8878134084e-03
1,-1.0875716011e-01,-4.9564854811e-02,5.7626282616e-03
2,-1.1437500691e-01,-4.8612005259e-02,5.6298509315e-03
3,-1.1983778826e-01,-4.7568142913e-02,5.4899777241e-03
4,-1.2513508755e-01,-4.6429297928e-02,5.3435972387e-03
5,-1.3025648814e-01,-4.5191500461e-02,5.1914104941e-03

Region 27 (6 circles):
Circle_Index,Center_X,Center_Y,Radius
0,-1.3519157340e-01,-4.3850780669e-02,5.0342557986e-03
1,-1.3992992672e-01,-4.2403168707e-02,4.8731393619e-03
2,-1.4446113146e-01,-4.0844694732e-02,4.7092726746e-03
3,-1.4877477100e-01,-3.9171388900e-02,4.5441175329e-03
4,-1.5286042871e-01,-3.7379281368e-02,4.3794390609e-03
5,-1.5670768797e-01,-3.5464402292e-02,4.2173658834e-03

Region 28 (6 circles):
Circle_Index,Center_X,Center_Y,Radius
0,-1.6030613214e-01,-3.3422781828e-02,4.0604542684e-03
1,-1.6364534461e-01,-3.1250450132e-02,3.9117490308e-03
2,-1.6671490874e-01,-2.8943437361e-02,3.7748277949e-03
3,-1.6950440791e-01,-2.6497773671e-02,3.6538070941e-03
4,-1.7200342549e-01,-2.3909489218e-02,3.5532807529e-03
5,-1.7420154485e-01,-2.1174614159e-02,3.4781582054e-03

Region 29 (6 circles):
Circle_Index,Center_X,Center_Y,Radius
0,-1.7608834938e-01,-1.8289178650e-02,3.4333811515e-03
1,-1.7765342244e-01,-1.5249212847e-02,3.4235286198e-03
2,-1.7888634740e-01,-1.2050746906e-02,3.4523701567e-03
3,-1.7977670765e-01,-8.6898109849e-03,3.5224727341e-03
4,-1.8031408655e-01,-5.1624352387e-03,3.6349752850e-03
5,-1.8048806747e-01,-1.4646498239e-03,3.6832547320e-03
