Region Metadata for: shape_29.txt
================================================================================

REGION DEFINITION: Circle union (one circle per point)
  Each point gets a circle with radius = average distance to neighbors

Total vertices: 233
Number of regions: 30
Points per region:
  Region 0: 8 points
  Region 1: 8 points
  Region 2: 8 points
  Region 3: 8 points
  Region 4: 8 points
  Region 5: 8 points
  Region 6: 8 points
  Region 7: 8 points
  Region 8: 8 points
  Region 9: 8 points
  Region 10: 8 points
  Region 11: 8 points
  Region 12: 8 points
  Region 13: 8 points
  Region 14: 8 points
  Region 15: 8 points
  Region 16: 8 points
  Region 17: 8 points
  Region 18: 8 points
  Region 19: 8 points
  Region 20: 8 points
  Region 21: 8 points
  Region 22: 8 points
  Region 23: 7 points
  Region 24: 7 points
  Region 25: 7 points
  Region 26: 7 points
  Region 27: 7 points
  Region 28: 7 points
  Region 29: 7 points

REGION SUMMARY:
Region_Index,Num_Points,BBox_Min_X,BBox_Max_X,BBox_Min_Y,BBox_Max_Y,Normal_X,Normal_Y,Tangent_X,Tangent_Y,Fitted_Circle_X,Fitted_Circle_Y,Fitted_Circle_Radius,Local_AoA_Rad,Union_Area,Collection_Area
0,8,-8.0694477679e-02,-5.2882821742e-02,-2.6533759773e-03,8.1084897846e-03,-0.2063281519,-0.9784828531,-0.9784828531,0.2063281519,-1.0401430324e-01,-1.7769543598e-01,-1.8427632998e-01,-1.36297545e+00,1.64617919e-04,8.15259770e-05
1,8,-1.0875586239e-01,-7.7165246943e-02,1.6798450251e-03,1.2429782597e-02,-0.1510491578,-0.9885262525,-0.9885262525,0.1510491578,3.4668915332e-01,2.9025644724e+00,2.9287079913e+00,-1.41916680e+00,2.07463970e-04,1.03813488e-04
2,8,-1.3224523172e-01,-1.0526448130e-01,6.1148785592e-03,1.7108313889e-02,-0.2298500808,-0.9732260479,-0.9732260479,0.2298500808,-8.6618548987e-02,1.5125635890e-01,1.4340898153e-01,-1.33887269e+00,1.56567967e-04,7.91216135e-05
3,8,-1.4417382277e-01,-1.2952994169e-01,1.2880284919e-02,2.5034464150e-02,-0.6076444614,-0.7942091718,-0.7942091718,0.6076444614,-1.2704983873e-01,3.3301567534e-02,1.8523992011e-02,-9.17705005e-01,6.59111664e-05,3.45545947e-05
4,8,-1.4483061041e-01,-1.3586722104e-01,2.3387482996e-02,3.9101271164e-02,-0.9217740115,0.3877275742,0.3877275742,0.9217740115,-1.2748072328e-01,2.5207537633e-02,1.5700237962e-02,3.98165036e-01,6.11914803e-05,3.25079035e-05
5,8,-1.3865014652e-01,-1.1882443802e-01,3.6274921324e-02,4.9375452560e-02,-0.4812625295,0.8765765099,0.8765765099,0.4812625295,-1.0827568401e-01,4.4656419720e-03,4.4197483132e-02,1.06870189e+00,9.96771094e-05,5.11725142e-05
6,8,-1.2171845605e-01,-9.4942140416e-02,4.4719586446e-02,5.4910951570e-02,-0.1971229141,0.9803787823,0.9803787823,0.1971229141,-8.4877567482e-02,-6.8952130937e-02,1.2135710473e-01,1.37237394e+00,1.51620500e-04,7.67358832e-05
7,8,-9.8202458771e-02,-6.8240482325e-02,4.8790130780e-02,5.6645769154e-02,-0.0527079500,0.9986099699,0.9986099699,0.0527079500,-6.9992007674e-02,-2.0135840236e-01,2.5464127328e-01,1.51806394e+00,1.83845036e-04,9.25100024e-05
8,8,-7.1594925410e-02,-4.2530634775e-02,4.9598667964e-02,5.6651719579e-02,0.0282025655,0.9996022285,0.9996022285,-0.0282025655,-6.8794409140e-02,-3.6506081116e-01,4.1836520692e-01,1.59900263e+00,1.72780328e-04,8.67132314e-05
9,8,-4.5562969335e-02,-2.1572999771e-02,4.8751545569e-02,5.5484866252e-02,0.0767258414,0.9970522280,0.9970522280,-0.0767258414,-7.7519114731e-02,-5.2326626563e-01,5.7681730957e-01,1.64759765e+00,1.19045324e-04,5.96531799e-05
10,8,-2.4132357767e-02,3.6949381563e-03,4.5609704798e-02,5.3397424617e-02,0.0777876672,0.9969699488,0.9969699488,-0.0777876672,5.9426015890e-02,9.5582814103e-01,-9.0861714753e-01,1.64866266e+00,1.60602058e-04,8.01727359e-05
11,8,1.0936404204e-04,3.5061805635e-02,4.2776090566e-02,5.2518979211e-02,0.0734596092,0.9972981930,0.9972981930,-0.0734596092,-1.4024692283e-01,-2.0983398522e+00,2.1520505720e+00,1.64432217e+00,2.50989941e-04,1.25595769e-04
12,8,3.0916857264e-02,6.8807124388e-02,3.9231926517e-02,5.0696015711e-02,0.1030018082,0.9946811688,0.9946811688,-0.1030018082,-2.7003030172e-02,-6.9857571273e-01,7.4769593761e-01,1.67398114e+00,2.95592084e-04,1.48202619e-04
13,8,6.4520742599e-02,1.0136379578e-01,3.4104744792e-02,4.7189615743e-02,0.1670316910,0.9859515273,0.9859515273,-0.1670316910,2.0059242491e-02,-3.3251536900e-01,3.7859760564e-01,1.73861462e+00,2.83490059e-04,1.42520225e-04
14,8,9.7309439135e-02,1.2920350725e-01,2.6483291479e-02,4.1171793733e-02,0.2876105511,0.9577474463,0.9577474463,-0.2876105511,6.4369630781e-02,-1.3089427989e-01,1.7211523733e-01,1.86252736e+00,2.23069576e-04,1.12659130e-04
15,8,1.2562638213e-01,1.4894227260e-01,1.5311986273e-02,3.1859547931e-02,0.5218936308,0.8530105733,0.8530105733,-0.5218936308,1.0538310452e-01,-2.9833270063e-02,6.2942541319e-02,2.11986571e+00,1.43284710e-04,7.32628037e-05
16,8,1.4564268921e-01,1.5767955684e-01,-9.4820232207e-04,1.8642194228e-02,0.8993915754,0.4371439054,0.4371439054,-0.8993915754,1.3055306231e-01,-1.6026257544e-03,2.4960251330e-02,2.68917203e+00,9.46963224e-05,4.94666514e-05
17,8,1.4716575064e-01,1.5780226370e-01,-1.9904123875e-02,1.4205694274e-03,0.9463757997,-0.3230678656,-0.3230678656,-0.9463757997,1.2635937201e-01,4.8512372096e-05,2.9128061954e-02,-2.81262325e+00,1.03626066e-04,5.38997803e-05
18,8,1.2864774462e-01,1.5109655901e-01,-3.8074653389e-02,-1.6605153782e-02,0.6846158125,-0.7289041016,-0.7289041016,-0.6846158125,8.6563056794e-02,3.0422066926e-02,7.9360280156e-02,-2.32487282e+00,1.66960322e-04,8.50340157e-05
19,8,1.0175838064e-01,1.3285721941e-01,-5.4241561985e-02,-3.3027518617e-02,0.5002808597,-0.8658631886,-0.8658631886,-0.5002808597,2.3731034706e-02,1.1933711371e-01,1.8832266796e-01,-2.09471944e+00,2.46993148e-04,1.24684092e-04
20,8,7.0427167458e-02,1.0628067901e-01,-6.7631928820e-02,-4.7806678865e-02,0.3836864756,-0.9234634202,-0.9234634202,-0.3836864756,-3.5348685312e-02,2.4053995849e-01,3.2319346289e-01,-1.96458134e+00,2.96968571e-04,1.49462353e-04
21,8,3.8458681008e-02,7.4970397540e-02,-7.7597765858e-02,-6.0495762704e-02,0.2964705985,-0.9550419803,-0.9550419803,-0.2964705985,-6.0371965808e-02,3.0768316705e-01,3.9485249761e-01,-1.87179130e+00,2.92549899e-04,1.47034248e-04
22,8,9.6202854066e-03,4.2635026281e-02,-8.3528296889e-02,-7.0542706755e-02,0.2123300175,-0.9771980166,-0.9771980166,-0.2123300175,-4.1698734642e-02,2.3289875889e-01,3.1776993692e-01,-1.78475506e+00,2.31520301e-04,1.16418658e-04
23,7,-9.7344063549e-03,1.3016574755e-02,-8.4975940107e-02,-7.7362089402e-02,0.1037809369,-0.9946001795,-0.9946001795,-0.1037809369,-1.4715047870e-02,6.8098617872e-02,1.5074377680e-01,-1.67476447e+00,1.21128310e-04,6.13180195e-05
24,7,-1.9491012100e-02,-7.6498297299e-03,-8.4021898161e-02,-7.4645720934e-02,-0.5735744542,-0.8191534322,-0.8191534322,0.5735744542,-6.7009709115e-03,-7.0132105532e-02,1.2567826661e-02,-9.59933508e-01,4.47333147e-05,2.37433676e-05
25,7,-2.7014048446e-02,-1.6526426865e-02,-7.7026852340e-02,-5.8744562321e-02,-0.9217945706,-0.3876786938,-0.3876786938,0.9217945706,3.6725642973e-02,-4.3932305303e-02,6.3464328980e-02,-3.98112008e-01,8.72391375e-05,4.43941892e-05
26,7,-3.2454395993e-02,-2.2291425529e-02,-6.1623881141e-02,-3.8807712598e-02,-0.9685112710,-0.2489697128,-0.2489697128,0.9685112710,3.2497903947e-01,3.9881467219e-02,3.6372799036e-01,-2.51616325e-01,1.24929549e-04,6.27189151e-05
27,7,-3.7190397630e-02,-2.7192563429e-02,-4.1866581453e-02,-1.9758163470e-02,-0.9664484336,-0.2568607118,-0.2568607118,0.9664484336,-2.8781573455e-01,-9.8232009877e-02,-2.6438558624e-01,-2.59772521e-01,1.17814115e-04,5.86011432e-05
28,7,-4.2850021543e-02,-3.2809625676e-02,-2.2476502760e-02,-6.2692813485e-03,-0.9017964727,-0.4321609906,-0.4321609906,0.9017964727,-7.7518378370e-02,-3.2642671265e-02,-4.4012775318e-02,-4.46887722e-01,7.13915538e-05,3.48495969e-05
29,7,-5.5672307940e-02,-4.0455820607e-02,-8.4417713209e-03,1.8765223962e-03,-0.4829643498,-0.8756400156,-0.8756400156,0.4829643498,-6.0227087325e-02,-2.7038764662e-02,-2.7233989192e-02,-1.06675941e+00,6.70337028e-05,3.22080312e-05

DETAILED CIRCLE DATA:

Region 0 (8 circles):
Circle_Index,Center_X,Center_Y,Radius
0,-5.5624899913e-02,8.8702194117e-05,2.7420781714e-03
1,-5.8335389301e-02,8.4637096864e-04,2.8814714252e-03
2,-6.1196011551e-02,1.5610593694e-03,3.0098903049e-03
3,-6.4191894209e-02,2.2371901446e-03,3.1264727646e-03
4,-6.7308164821e-02,2.8791860425e-03,3.2305821581e-03
5,-7.0529950935e-02,3.4914698113e-03,3.3217441997e-03
6,-7.3842380095e-02,4.0784641991e-03,3.3996042125e-03
7,-7.7230579849e-02,4.6445919543e-03,3.4638978303e-03

Region 1 (8 circles):
Circle_Index,Center_X,Center_Y,Radius
0,-8.0679677743e-02,5.1942758250e-03,3.5144307999e-03
1,-8.4174801322e-02,5.7319385595e-03,3.5510650975e-03
2,-8.7701078134e-02,6.2620029059e-03,3.5737095692e-03
3,-9.1243635724e-02,6.7888916124e-03,3.5823139582e-03
4,-9.4787601639e-02,7.3170274274e-03,3.5768656257e-03
5,-9.8318103425e-02,7.8508330989e-03,3.5573885916e-03
6,-1.0182026863e-01,8.3947313753e-03,3.5239447806e-03
7,-1.0527922479e-01,8.9531450046e-03,3.4766375926e-03

Region 2 (8 circles):
Circle_Index,Center_X,Center_Y,Radius
0,-1.0868009947e-01,9.5304967353e-03,3.4156181760e-03
1,-1.1200802020e-01,1.0131209315e-02,3.3410950915e-03
2,-1.1524811454e-01,1.0759705493e-02,3.2533484893e-03
3,-1.1838551002e-01,1.1420408017e-02,3.1527505462e-03
4,-1.2140533420e-01,1.2117739634e-02,3.0397948538e-03
5,-1.2429271462e-01,1.2856123094e-02,2.9151389093e-03
6,-1.2703277883e-01,1.3639981145e-02,2.7796661315e-03
7,-1.2961065437e-01,1.4473736534e-02,2.6345773543e-03

Region 3 (8 circles):
Circle_Index,Center_X,Center_Y,Radius
0,-1.3201146879e-01,1.5361812011e-02,2.4815270920e-03
1,-1.3422034963e-01,1.6308630322e-02,2.3228274121e-03
2,-1.3622242445e-01,1.7318614217e-02,2.1617509783e-03
3,-1.3800282079e-01,1.8396186443e-02,2.0029683772e-03
4,-1.3954666619e-01,1.9545769749e-02,1.8531310498e-03
5,-1.4083908821e-01,2.0771786884e-02,1.7215030298e-03
6,-1.4186521438e-01,2.2078660594e-02,1.6202609846e-03
7,-1.4261017225e-01,2.3470813629e-02,1.5636505207e-03

Region 4 (8 circles):
Circle_Index,Center_X,Center_Y,Radius
0,-1.4305908938e-01,2.4952668737e-02,1.5651857405e-03
1,-1.4319709330e-01,2.6528648665e-02,1.6335171126e-03
2,-1.4300931156e-01,2.8203176163e-02,1.7697047304e-03
3,-1.4248087172e-01,2.9980673978e-02,1.9624945861e-03
4,-1.4163785205e-01,3.1871894658e-02,2.0691059408e-03
5,-1.4060656709e-01,3.3663948447e-02,2.0758619382e-03
6,-1.3939430950e-01,3.5359226565e-02,2.1007931126e-03
7,-1.3800837198e-01,3.6960120229e-02,2.1411509351e-03

Region 5 (8 circles):
Circle_Index,Center_X,Center_Y,Radius
0,-1.3645604718e-01,3.8469020659e-02,2.1940993350e-03
1,-1.3474462780e-01,3.9888319073e-02,2.2568968628e-03
2,-1.3288140651e-01,4.1220406690e-02,2.3270187324e-03
3,-1.3087367598e-01,4.2467674728e-02,2.4022205925e-03
4,-1.2872872890e-01,4.3632514406e-02,2.4805571267e-03
5,-1.2645385794e-01,4.4717316943e-02,2.5603712191e-03
6,-1.2405635579e-01,4.5724473557e-02,2.6402671168e-03
7,-1.2154351512e-01,4.6656375468e-02,2.7190770923e-03

Region 6 (8 circles):
Circle_Index,Center_X,Center_Y,Radius
0,-1.1892262860e-01,4.7515413893e-02,2.7958274466e-03
1,-1.1620098892e-01,4.8303980051e-02,2.8697069675e-03
2,-1.1338588875e-01,4.9024465162e-02,2.9400391905e-03
3,-1.1048462077e-01,4.9679260443e-02,3.0062587861e-03
4,-1.0750447766e-01,5.0270757114e-02,3.0678918605e-03
5,-1.0445275210e-01,5.0801346393e-02,3.1245397261e-03
6,-1.0133673677e-01,5.1273419498e-02,3.1758656266e-03
7,-9.8163724338e-02,5.1689367649e-02,3.2215839214e-03

Region 7 (8 circles):
Circle_Index,Center_X,Center_Y,Radius
0,-9.4941007487e-02,5.2051582064e-02,3.2614512839e-03
1,-9.1675878896e-02,5.2362453961e-02,3.2952595384e-03
2,-8.8375631241e-02,5.2624374560e-02,3.3228298200e-03
3,-8.5047557202e-02,5.2839735079e-02,3.3440078020e-03
4,-8.1698949455e-02,5.3010926736e-02,3.3586597849e-03
5,-7.8337100679e-02,5.3140340751e-02,3.3666694795e-03
6,-7.4969303552e-02,5.3230368342e-02,3.3679353525e-03
7,-7.1602850752e-02,5.3283400727e-02,3.3623684267e-03

Region 8 (8 circles):
Circle_Index,Center_X,Center_Y,Radius
0,-6.8245034957e-02,5.3301829126e-02,3.3498904528e-03
1,-6.4903148844e-02,5.3288044757e-02,3.3304323815e-03
2,-6.1584485092e-02,5.3244438838e-02,3.3039330849e-03
3,-5.8296336378e-02,5.3173402589e-02,3.2703382794e-03
4,-5.5045995381e-02,5.3077327227e-02,3.2295996180e-03
5,-5.1840754779e-02,5.2958603973e-02,3.1816739196e-03
6,-4.8687907248e-02,5.2819624043e-02,3.1265225158e-03
7,-4.5594745469e-02,5.2662778658e-02,3.0641106934e-03

Region 9 (8 circles):
Circle_Index,Center_X,Center_Y,Radius
0,-4.2568562117e-02,5.2490459035e-02,2.9944072176e-03
1,-3.9616649872e-02,5.2305056393e-02,2.9173839250e-03
2,-3.6746301411e-02,5.2108961952e-02,2.8330153747e-03
3,-3.3964809412e-02,5.1904566928e-02,2.7412785490e-03
4,-3.1279466553e-02,5.1694262543e-02,2.6421526000e-03
5,-2.8697565513e-02,5.1480440013e-02,2.5356186343e-03
6,-2.6226398968e-02,5.1265490558e-02,2.4216595361e-03
7,-2.3873259597e-02,5.1051805396e-02,2.3002598266e-03

Region 10 (8 circles):
Circle_Index,Center_X,Center_Y,Radius
0,-2.1645440078e-02,5.0841775745e-02,2.4869176884e-03
1,-1.8920839425e-02,5.0590779491e-02,2.8066451263e-03
2,-1.6054187533e-02,5.0345187354e-02,2.9442878898e-03
3,-1.3052492029e-02,5.0103335933e-02,3.0751628621e-03
4,-9.9227605407e-03,4.9863561829e-02,3.1992315142e-03
5,-6.6720006969e-03,4.9624201640e-02,3.3164663097e-03
6,-3.3072201252e-03,4.9383591966e-02,3.4268481534e-03
7,1.6457354656e-04,4.9140069407e-02,3.5303646097e-03

Region 11 (8 circles):
Circle_Index,Center_X,Center_Y,Radius
0,3.7363726906e-03,4.8891970563e-02,3.6270086486e-03
1,7.4011696791e-03,4.8637632033e-02,3.7167777583e-03
2,1.1151956884e-02,4.8375390416e-02,3.7996733232e-03
3,1.4981726678e-02,4.8103582312e-02,3.8757001945e-03
4,1.8883471432e-02,4.7820544321e-02,3.9448664095e-03
5,2.2850183519e-02,4.7524613042e-02,4.0071830263e-03
6,2.6874855312e-02,4.7214125075e-02,4.0626640522e-03
7,3.0950479181e-02,4.6887417019e-02,4.1113264536e-03

Region 12 (8 circles):
Circle_Index,Center_X,Center_Y,Radius
0,3.5070047500e-02,4.6542825475e-02,4.1531902366e-03
1,3.9226552641e-02,4.6178687040e-02,4.1882785957e-03
2,4.3412986975e-02,4.5793338316e-02,4.2166181293e-03
3,4.7622342874e-02,4.5385115902e-02,4.2382391230e-03
4,5.1847612712e-02,4.4952356396e-02,4.2531759071e-03
5,5.6081788860e-02,4.4493396400e-02,4.2614672939e-03
6,6.0317863689e-02,4.4006572512e-02,4.2631571069e-03
7,6.4548829573e-02,4.3490221331e-02,4.2582948143e-03

Region 13 (8 circles):
Circle_Index,Center_X,Center_Y,Radius
0,6.8767678884e-02,4.2942679459e-02,4.2469362848e-03
1,7.2967403993e-02,4.2362283493e-02,4.2291446875e-03
2,7.7140997272e-02,4.1747370034e-02,4.2049915629e-03
3,8.1281451095e-02,4.1096275681e-02,4.1745580990e-03
4,8.5381757832e-02,4.0407337033e-02,4.1379366553e-03
5,8.9434909857e-02,3.9678890691e-02,4.0952325857e-03
6,9.3433899541e-02,3.8909273254e-02,4.0465664264e-03
7,9.7371719256e-02,3.8096821322e-02,3.9920765291e-03

Region 14 (8 circles):
Circle_Index,Center_X,Center_Y,Radius
0,1.0124136137e-01,3.7239871493e-02,3.9319222399e-03
1,1.0503581827e-01,3.6336760368e-02,3.8662877491e-03
2,1.0874808231e-01,3.5385824546e-02,3.7953867674e-03
3,1.1237114587e-01,3.4385400627e-02,3.7194682197e-03
4,1.1589800133e-01,3.3333825210e-02,3.6388231935e-03
5,1.1932164104e-01,3.2229434894e-02,3.5537934303e-03
6,1.2263505740e-01,3.1070566281e-02,3.4647817035e-03
7,1.2583124276e-01,2.9855555968e-02,3.3722644886e-03

Region 15 (8 circles):
Circle_Index,Center_X,Center_Y,Radius
0,1.2890318951e-01,2.8582740555e-02,3.2768073751e-03
1,1.3184389000e-01,2.7250456643e-02,3.1790836929e-03
2,1.3464633662e-01,2.5857040831e-02,3.0798967684e-03
3,1.3730352174e-01,2.4400829717e-02,2.9802060454e-03
4,1.3980843773e-01,2.2880159903e-02,2.8811568704e-03
5,1.4215407696e-01,2.1293367987e-02,2.7841129161e-03
6,1.4433343180e-01,1.9638790569e-02,2.6906887721e-03
7,1.4633949463e-01,1.7914764248e-02,2.6027779750e-03

Region 16 (8 circles):
Circle_Index,Center_X,Center_Y,Radius
0,1.4816525781e-01,1.6119625624e-02,2.5225686041e-03
1,1.4980371373e-01,1.4251711297e-02,2.4525349182e-03
2,1.5124785474e-01,1.2309357867e-02,2.3953906268e-03
3,1.5249067323e-01,1.0290901931e-02,2.3539898222e-03
4,1.5352516157e-01,8.1946800918e-03,2.3311687276e-03
5,1.5434431213e-01,6.0190289470e-03,2.3295373895e-03
6,1.5494111727e-01,3.7622850966e-03,2.3512525538e-03
7,1.5530856938e-01,1.4227851403e-03,2.3709874623e-03

Region 17 (8 circles):
Circle_Index,Center_X,Center_Y,Radius
0,1.5543400172e-01,-9.4769254919e-04,2.3682619766e-03
1,1.5531556486e-01,-3.3074522293e-03,2.3686446429e-03
2,1.5496058919e-01,-5.6553287351e-03,2.3906804148e-03
3,1.5437640506e-01,-7.9901569014e-03,2.4317114666e-03
4,1.5357034287e-01,-1.0310771563e-02,2.4888420843e-03
5,1.5254973299e-01,-1.2616007556e-02,2.5591529107e-03
6,1.5132190578e-01,-1.4904699714e-02,2.6398646205e-03
7,1.4989419164e-01,-1.7175682873e-02,2.7284410022e-03

Region 18 (8 circles):
Circle_Index,Center_X,Center_Y,Radius
0,1.4827392093e-01,-1.9427791867e-02,2.8226380856e-03
1,1.4646842402e-01,-2.1659861532e-02,2.9205135360e-03
2,1.4448503130e-01,-2.3870726703e-02,3.0204111306e-03
3,1.4233107315e-01,-2.6059222214e-02,3.1209322382e-03
4,1.4001387993e-01,-2.8224182900e-02,3.2209024696e-03
5,1.3754078202e-01,-3.0364443597e-02,3.3193384212e-03
6,1.3491910980e-01,-3.2478839139e-02,3.4154170879e-03
7,1.3215619364e-01,-3.4566204362e-02,3.5084490265e-03

Region 19 (8 circles):
Circle_Index,Center_X,Center_Y,Radius
0,1.2925936393e-01,-3.6625374101e-02,3.5978554838e-03
1,1.2623595102e-01,-3.8655183190e-02,3.6831492584e-03
2,1.2309328531e-01,-4.0654466464e-02,3.7639188672e-03
3,1.1983869717e-01,-4.2622058759e-02,3.8398155352e-03
4,1.1647951697e-01,-4.4556794909e-02,3.9105425423e-03
5,1.1302307509e-01,-4.6457509750e-02,3.9758465140e-03
6,1.0947670190e-01,-4.8323038116e-02,4.0355102999e-03
7,1.0584772778e-01,-5.0152214842e-02,4.0893471431e-03

Region 20 (8 circles):
Circle_Index,Center_X,Center_Y,Radius
0,1.0214348311e-01,-5.1943874764e-02,4.1371958990e-03
1,9.8371298261e-02,-5.3696852716e-02,4.1789171056e-03
2,9.4538503608e-02,-5.5409983533e-02,4.2143897451e-03
3,9.0652429528e-02,-5.7082102051e-02,4.2435085707e-03
4,8.6720406396e-02,-5.8712043104e-02,4.2661818943e-03
5,8.2749764589e-02,-6.0298641528e-02,4.2823297529e-03
6,7.8747834483e-02,-6.1840732156e-02,4.2918823898e-03
7,7.4721946453e-02,-6.3337149825e-02,4.2947789950e-03

Region 21 (8 circles):
Circle_Index,Center_X,Center_Y,Radius
0,7.0679430874e-02,-6.4786729370e-02,4.2909666658e-03
1,6.6627618123e-02,-6.6188305624e-02,4.2803995532e-03
2,6.2573838576e-02,-6.7540713424e-02,4.2630381686e-03
3,5.8525422607e-02,-6.8842787604e-02,4.2388488312e-03
4,5.4489700594e-02,-7.0093362999e-02,4.2078032428e-03
5,5.0474002911e-02,-7.1291274445e-02,4.1698781787e-03
6,4.6485659934e-02,-7.2435356775e-02,4.1250552922e-03
7,4.2532002040e-02,-7.3524444826e-02,4.0733210322e-03

Region 22 (8 circles):
Circle_Index,Center_X,Center_Y,Radius
0,3.8620359604e-02,-7.4557373432e-02,4.0146666774e-03
1,3.4758063001e-02,-7.5532977428e-02,3.9490885016e-03
2,3.0952442608e-02,-7.6450091650e-02,3.8765880863e-03
3,2.7210828801e-02,-7.7307550931e-02,3.7971728094e-03
4,2.3540551954e-02,-7.8104190108e-02,3.7108565521e-03
5,1.9948942444e-02,-7.8838844015e-02,3.6176606812e-03
6,1.6443330646e-02,-7.9510347487e-02,3.5176153923e-03
7,1.3031046937e-02,-8.0117535359e-02,3.4107615305e-03

Region 23 (7 circles):
Circle_Index,Center_X,Center_Y,Radius
0,9.7194216919e-03,-8.0659242466e-02,3.2971530636e-03
1,6.5157852865e-03,-8.1134303643e-02,3.1768604573e-03
2,3.4274680968e-03,-8.1541553725e-02,3.0499753235e-03
3,4.6180049840e-04,-8.1879827547e-02,2.9166169023e-03
4,-2.3738871329e-03,-8.2147959944e-02,2.7769412327e-03
5,-5.0722644213e-03,-8.2344785752e-02,2.6311543556e-03
6,-7.6260009911e-03,-8.2469139804e-02,2.1084053638e-03

Region 24 (7 circles):
Circle_Index,Center_X,Center_Y,Radius
0,-9.2840493138e-03,-8.2387678577e-02,1.6342195839e-03
1,-1.0852620769e-02,-8.2032003230e-02,1.6073130095e-03
2,-1.2336086711e-02,-8.1416113645e-02,1.6263550055e-03
3,-1.3738818492e-02,-8.0554009708e-02,1.6830030404e-03
4,-1.5065187466e-02,-7.9459691303e-02,1.7675383802e-03
5,-1.6319564987e-02,-7.8147158314e-02,1.8707001991e-03
6,-1.7506322407e-02,-7.6630410627e-02,1.9846896928e-03

Region 25 (7 circles):
Circle_Index,Center_X,Center_Y,Radius
0,-1.8629831080e-02,-7.4923448125e-02,2.1034042146e-03
1,-1.9694462360e-02,-7.3040270693e-02,2.2222539720e-03
2,-2.0704587599e-02,-7.0994878217e-02,2.3378480666e-03
3,-2.1664578151e-02,-6.8801270579e-02,2.4476930270e-03
4,-2.2578805370e-02,-6.6473447665e-02,2.5499504587e-03
5,-2.3451640609e-02,-6.4025409359e-02,2.6432566921e-03
6,-2.4287455222e-02,-6.1471155546e-02,2.7265932246e-03

Region 26 (7 circles):
Circle_Index,Center_X,Center_Y,Radius
0,-2.5090620561e-02,-5.8824686110e-02,2.7991950313e-03
1,-2.5865507979e-02,-5.6100000935e-02,2.8604859916e-03
2,-2.6616488832e-02,-5.3311099907e-02,2.9100334609e-03
3,-2.7347934471e-02,-5.0471982910e-02,2.9475163724e-03
4,-2.8064216250e-02,-4.7596649828e-02,2.9727030255e-03
5,-2.8769705523e-02,-4.4699100546e-02,2.9854359765e-03
6,-2.9468773643e-02,-4.1793334948e-02,2.9856223501e-03

Region 27 (7 circles):
Circle_Index,Center_X,Center_Y,Radius
0,-3.0165791963e-02,-3.8893352918e-02,2.9732285346e-03
1,-3.0865131837e-02,-3.6013154343e-02,2.9482787283e-03
2,-3.1571164618e-02,-3.3166739104e-02,2.9108572276e-03
3,-3.2288261660e-02,-3.0368107089e-02,2.8611147651e-03
4,-3.3020794315e-02,-2.7631258180e-02,2.7992796765e-03
5,-3.3773133937e-02,-2.4970192262e-02,2.7256752867e-03
6,-3.4549651880e-02,-2.2398909220e-02,2.6407457499e-03

Region 28 (7 circles):
Circle_Index,Center_X,Center_Y,Radius
0,-3.5354719497e-02,-1.9931408939e-02,2.5450938207e-03
1,-3.6192708141e-02,-1.7581691302e-02,2.4395358723e-03
2,-3.7067989166e-02,-1.5363756195e-02,2.3251821977e-03
3,-3.7984933925e-02,-1.3291603502e-02,2.2035544750e-03
4,-3.8947913772e-02,-1.1379233107e-02,2.0767571516e-03
5,-3.9961300059e-02,-9.6406448952e-03,1.9477238239e-03
6,-4.1029464141e-02,-8.0898387507e-03,1.8205574021e-03

Region 29 (7 circles):
Circle_Index,Center_X,Center_Y,Radius
0,-4.2156777370e-02,-6.7408145581e-03,1.7009567628e-03
1,-4.3347611100e-02,-5.6075722020e-03,1.7534324244e-03
2,-4.4844981787e-02,-4.4991434724e-03,1.9433743530e-03
3,-4.6581720058e-02,-3.4602316059e-03,2.1067258866e-03
4,-4.8542953460e-02,-2.4864138542e-03,2.2723921071e-03
5,-5.0713809539e-02,-1.5732674691e-03,2.4355564000e-03
6,-5.3079415841e-02,-7.1636970238e-04,2.5928920986e-03
