Region Metadata for: shape_76.txt
================================================================================

REGION DEFINITION: Circle union (one circle per point)
  Each point gets a circle with radius = average distance to neighbors

Total vertices: 239
Number of regions: 30
Points per region:
  Region 0: 8 points
  Region 1: 8 points
  Region 2: 8 points
  Region 3: 8 points
  Region 4: 8 points
  Region 5: 8 points
  Region 6: 8 points
  Region 7: 8 points
  Region 8: 8 points
  Region 9: 8 points
  Region 10: 8 points
  Region 11: 8 points
  Region 12: 8 points
  Region 13: 8 points
  Region 14: 8 points
  Region 15: 8 points
  Region 16: 8 points
  Region 17: 8 points
  Region 18: 8 points
  Region 19: 8 points
  Region 20: 8 points
  Region 21: 8 points
  Region 22: 8 points
  Region 23: 8 points
  Region 24: 8 points
  Region 25: 8 points
  Region 26: 8 points
  Region 27: 8 points
  Region 28: 8 points
  Region 29: 7 points

REGION SUMMARY:
Region_Index,Num_Points,BBox_Min_X,BBox_Max_X,BBox_Min_Y,BBox_Max_Y,Normal_X,Normal_Y,Tangent_X,Tangent_Y,Fitted_Circle_X,Fitted_Circle_Y,Fitted_Circle_Radius,Local_AoA_Rad,Union_Area,Collection_Area
0,8,-8.1592862804e-02,7.0585820579e-03,-1.8772067038e-02,3.5694658366e-02,-0.0398233933,0.9992067340,0.9992067340,0.0398233933,-4.0150215051e-02,-8.2875172585e-03,2.7208846061e-02,1.53096240e+00,3.25969880e-03,1.32232846e-03
1,8,-9.9674680480e-02,2.1368419082e-02,-3.3441630836e-02,5.9675577424e-02,0.1988621993,0.9800274617,0.9800274617,-0.1988621993,-5.3454614191e-02,-5.1118552619e-02,6.7633355300e-02,1.77099312e+00,8.57801097e-03,4.43508018e-03
2,8,-8.8324524194e-02,1.7157438783e-02,-2.7403869071e-02,5.6856839137e-02,-0.7523842163,0.6587245184,0.6587245184,0.7523842163,-4.3263953761e-02,-7.8964214869e-03,3.2580186707e-02,7.19122247e-01,6.51908806e-03,3.34813947e-03
3,8,-7.3995750609e-02,2.1412054365e-02,-2.2538148773e-02,6.8814057167e-02,-0.7557003061,-0.6549175882,-0.6549175882,0.7557003061,1.3493327163e-01,2.2418477279e-01,2.6055635731e-01,-7.14073562e-01,5.93296046e-03,3.30778757e-03
4,8,-5.6643981058e-02,6.6734882700e-03,-7.4710637771e-03,6.1818062214e-02,-0.9998196748,0.0189899419,0.0189899419,0.9998196748,-3.1031338018e-02,2.5861117031e-02,-1.3109363351e-02,1.89910834e-02,3.04816478e-03,1.84810433e-03
5,8,-5.6792557490e-02,2.9075562572e-02,-2.6419296539e-02,7.2962653597e-02,0.5948040711,0.8038707092,0.8038707092,-0.5948040711,-2.0239239456e-01,-9.6373684733e-02,2.2312221380e-01,2.20781822e+00,5.64483088e-03,2.90283742e-03
6,8,-3.7282007941e-02,-1.0805733371e-02,2.7931527029e-02,5.8265781005e-02,-0.2535006362,0.9673352198,0.9673352198,0.2535006362,-2.6492462542e-02,3.8839627678e-02,8.1479642776e-03,1.31449893e+00,6.03253042e-04,4.94604529e-04
7,8,-4.0771549957e-02,1.9836520848e-02,-1.3113292165e-02,6.5741137059e-02,0.7418667254,0.6705473599,0.6705473599,-0.7418667254,-6.2185120989e-03,2.9157949449e-02,-2.0388627625e-02,2.40664630e+00,2.83732426e-03,1.54854207e-03
8,8,6.4074344867e-03,3.9194623839e-02,1.1585275803e-02,3.5398510313e-02,-0.5358592862,0.8443073051,0.8443073051,0.5358592862,-2.4223577843e-01,4.3961394647e-01,-4.9368015148e-01,1.00527117e+00,2.85499126e-04,1.42162425e-04
9,8,3.3940802972e-02,6.9534720989e-02,2.8931870885e-02,5.6484952103e-02,-0.5713938917,0.8206759534,0.8206759534,0.5713938917,-8.4803497935e-01,1.3342366072e+00,-1.5741444753e+00,9.62593006e-01,3.49654894e-04,1.74505770e-04
10,8,6.4101436695e-02,9.7569345638e-02,4.9964075989e-02,7.6211204468e-02,-0.5786425414,0.8155812708,0.8155812708,0.5786425414,3.6045635055e+00,-4.9001680327e+00,6.0870000193e+00,9.53733027e-01,3.12512571e-04,1.56361698e-04
11,8,9.2872877327e-02,1.1927444825e-01,7.0536219406e-02,9.0424004498e-02,-0.5563815876,0.8309269095,0.8309269095,0.5563815876,3.7452147509e-01,-3.1824550049e-01,4.8097698640e-01,9.80771578e-01,1.91679504e-04,9.61589940e-05
12,8,1.1622124988e-01,1.3073359440e-01,8.6485212773e-02,9.5133797324e-02,-0.4210775419,0.9070246434,0.9070246434,0.4210775419,1.4107276117e-01,5.6525787484e-02,3.9379403759e-02,1.13616334e+00,5.61145686e-05,2.86426687e-05
13,8,1.2710197001e-01,1.3255520871e-01,8.5198276646e-02,9.4853010158e-02,0.9853262720,-0.1706813926,-0.1706813926,-0.9853262720,1.2563806742e-01,9.2101725081e-02,5.7809275212e-03,-2.97007149e+00,2.99007418e-05,1.57485383e-05
14,8,1.1206337949e-01,1.3089920720e-01,6.3381009053e-02,8.8021488624e-02,0.8257277958,-0.5640687966,-0.5640687966,-0.8257277958,-7.9312201462e-02,2.1353125709e-01,2.4387443432e-01,-2.54228757e+00,1.66698427e-04,8.38913101e-05
15,8,9.2885709543e-02,1.1693674057e-01,3.9669207989e-02,6.7567220319e-02,0.7764936723,-0.6301250486,-0.6301250486,-0.7764936723,-2.4997158632e-01,3.4216744184e-01,4.5760788661e-01,-2.45987841e+00,2.33381542e-04,1.17168506e-04
16,8,7.0226042261e-02,9.8264642463e-02,1.4604624693e-02,4.4633450140e-02,0.7402654665,-0.6723146875,-0.6723146875,-0.7402654665,-4.3557610748e-01,5.0213644552e-01,7.0264930953e-01,-2.40426145e+00,2.89582498e-04,1.45235807e-04
17,8,4.5139411818e-02,7.5918978438e-02,-1.0873037518e-02,2.0140912787e-02,0.7108598411,-0.7033336949,-0.7033336949,-0.7108598411,-5.8907551971e-01,6.4759141948e-01,9.1412482969e-01,-2.36151630e+00,3.27052209e-04,1.63732297e-04
18,8,1.8677429769e-02,5.0943702647e-02,-3.5827497944e-02,-4.9817684411e-03,0.6844312468,-0.7290774091,-0.7290774091,-0.6844312468,-6.6429740374e-01,7.2433262716e-01,1.0215861271e+00,-2.32461964e+00,3.41387879e-04,1.71283143e-04
19,8,-8.1100523698e-03,2.4385860515e-02,-5.9324235926e-02,-2.9802878978e-02,0.6580005555,-0.7530174427,-0.7530174427,-0.6580005555,-6.3830637089e-01,6.9503129402e-01,9.8241982027e-01,-2.28895675e+00,3.30559835e-04,1.65540853e-04
20,8,-3.4174621980e-02,-2.7058363608e-03,-8.0430169702e-02,-5.3389038080e-02,0.6283675953,-0.7779165541,-0.7779165541,-0.6283675953,-5.2599308883e-01,5.6100102878e-01,8.0754898896e-01,-2.25024932e+00,2.95777152e-04,1.48269802e-04
21,8,-5.8469967389e-02,-2.9281214093e-02,-9.8214318454e-02,-7.4805402718e-02,0.5906956997,-0.8068944109,-0.8068944109,-0.5906956997,-3.7364297076e-01,3.6325545881e-01,5.5791219779e-01,-2.20271709e+00,2.41388122e-04,1.21087629e-04
22,8,-7.9954634306e-02,-5.4287815377e-02,-1.1175055875e-01,-9.3114846444e-02,0.5352541335,-0.8446910752,-0.8446910752,-0.5352541335,-2.3467270263e-01,1.6097992456e-01,3.1247994219e-01,-2.13560490e+00,1.74827673e-04,8.78730234e-05
23,8,-8.9325123794e-02,-7.6667651850e-02,-1.1369974531e-01,-1.0737471175e-01,0.0614518464,-0.9981100493,-0.9981100493,-0.0614518464,-8.4317065124e-02,-1.0629393190e-01,6.0639755959e-03,-1.63228692e+00,4.59410192e-05,2.40881323e-05
24,8,-9.3825118383e-02,-8.7516505333e-02,-1.1105301518e-01,-9.4569816983e-02,-0.9800253157,-0.1988727749,-0.1988727749,0.9800253157,-5.8999659764e-02,-9.7332112368e-02,3.2381730254e-02,-2.00207586e-01,6.03468885e-05,3.10144840e-05
25,8,-9.4228358105e-02,-8.7386185317e-02,-9.7029563569e-02,-7.1471682373e-02,-0.9986527959,0.0518902029,0.0518902029,0.9986527959,7.5570984472e-02,-9.3375254386e-02,1.6709596928e-01,5.19135177e-02,1.34485930e-04,6.78165431e-05
26,8,-9.3247792700e-02,-8.3784532239e-02,-7.4589710789e-02,-4.6976979441e-02,-0.9880707699,0.1540004986,0.1540004986,0.9880707699,2.0286787837e-01,-1.0614564479e-01,2.9504300340e-01,1.54615805e-01,1.58698735e-04,7.97507343e-05
27,8,-8.9124998780e-02,-7.9743561616e-02,-4.9991119093e-02,-2.7539911016e-02,-0.9701738564,0.2424101657,0.2424101657,0.9701738564,9.4863631028e-02,-8.2858040223e-02,1.8455861870e-01,2.44849345e-01,1.09413581e-04,5.50825448e-05
28,8,-8.3151992883e-02,-7.3274571817e-02,-2.9656106166e-02,-1.2476035045e-02,-0.9158962635,0.4014150401,0.4014150401,0.9158962635,1.3480820283e-02,-6.1619505326e-02,1.0059236057e-01,4.13061303e-01,6.94445409e-05,3.50521571e-05
29,7,-7.6759421858e-02,-6.4583732683e-02,-1.5004896481e-02,2.3185094613e-03,-0.8618244979,0.5072065998,0.5072065998,0.8618244979,8.9103988845e-02,-1.0059652156e-01,1.8568566659e-01,5.31940424e-01,8.55138165e-05,4.30387032e-05

DETAILED CIRCLE DATA:

Region 0 (8 circles):
Circle_Index,Center_X,Center_Y,Radius
0,-6.5724483330e-02,1.9232040319e-03,2.5390722876e-03
1,-6.4311913051e-02,4.0449397168e-03,2.5566586741e-03
2,-6.2865634490e-02,6.1625533240e-03,2.5699301772e-03
3,-6.1388088225e-02,8.2720537305e-03,2.5788895777e-03
4,-5.9881714832e-02,1.0369449813e-02,2.5835434369e-03
5,-5.8348954887e-02,1.2450750449e-02,2.3243907917e-02
6,-1.5341563682e-02,3.6280787025e-03,2.2400145740e-02
7,-1.6197555579e-02,3.8971001772e-03,2.1428414156e-02

Region 1 (8 circles):
Circle_Index,Center_X,Center_Y,Radius
0,-5.6792248968e-02,1.4511964516e-02,4.2882431512e-02
1,-1.4334805686e-02,3.7290942592e-03,2.3249754433e-02
2,-1.6914184831e-02,4.5072559136e-03,2.1421244035e-02
3,-5.5214037650e-02,1.6549100890e-02,3.9732319004e-02
4,-1.7502854896e-02,5.4296431422e-03,3.8871273979e-02
5,-5.3616761510e-02,1.8558168448e-02,4.1117408977e-02
6,-1.2162620563e-02,4.3895523208e-03,2.5019879270e-02
7,-1.7974969229e-02,6.6353590935e-03,2.1494239573e-02

Region 2 (8 circles):
Circle_Index,Center_X,Center_Y,Radius
0,-5.2002861124e-02,2.0535176067e-02,3.6321663070e-02
1,-1.8341931286e-02,8.0955009980e-03,3.5499370069e-02
2,-5.0374777070e-02,2.2476132624e-02,1.8811618874e-02
3,-4.8734949924e-02,2.4377046997e-02,1.7990251200e-02
4,-1.8615144523e-02,9.7811660860e-03,2.1680842642e-02
5,-9.8344439562e-03,5.2265764218e-03,2.6329083284e-02
6,-4.7085820262e-02,2.6233928062e-02,2.2609452456e-02
7,-4.5429828661e-02,2.8042784697e-02,1.6855581034e-02

Region 3 (8 circles):
Circle_Index,Center_X,Center_Y,Radius
0,-1.8806012396e-02,1.1663451588e-02,3.1057377169e-02
1,-4.3769415697e-02,2.9799625777e-02,3.0226334911e-02
2,-1.8925938361e-02,1.3713454735e-02,2.9407754769e-02
3,-4.2107021948e-02,3.1500460181e-02,1.5777146029e-02
4,-4.0445087988e-02,3.3141296785e-02,1.4930563755e-02
5,-1.8986325874e-02,1.5902272756e-02,2.1324710704e-02
6,-7.3581422326e-03,6.2320478248e-03,2.8770196597e-02
7,-3.8786054396e-02,3.4718144467e-02,3.4095912701e-02

Region 4 (8 circles):
Circle_Index,Center_X,Center_Y,Radius
0,-1.8998578390e-02,1.8201002883e-02,2.5672066660e-02
1,-3.7132361748e-02,3.6227012102e-02,1.3876913399e-02
2,-3.5486450619e-02,3.7663908569e-02,1.2971962823e-02
3,-1.8974099366e-02,2.0580742345e-02,2.3727518227e-02
4,-3.3850761588e-02,3.9024842744e-02,2.2793219470e-02
5,-1.8924292257e-02,2.3012588374e-02,2.1854367402e-02
6,-3.2227735229e-02,4.0305823504e-02,2.0894796176e-02
7,-1.8860560519e-02,2.5467638200e-02,1.9928091924e-02

Region 5 (8 circles):
Circle_Index,Center_X,Center_Y,Radius
0,-3.0619812121e-02,4.1502859727e-02,1.0911898371e-02
1,-2.9029432839e-02,4.2611960289e-02,9.9235088599e-03
2,-1.8794307609e-02,2.7916989053e-02,2.1389022398e-02
3,-4.7415817598e-03,7.3978477927e-03,3.3817144332e-02
4,-2.7459037959e-02,4.3629134067e-02,2.9333519530e-02
5,-1.8736936982e-02,3.0331738163e-02,1.5914360280e-02
6,-2.5911068059e-02,4.4550389938e-02,1.4906299525e-02
7,-1.8699852095e-02,3.2682982762e-02,1.3895968924e-02

Region 6 (8 circles):
Circle_Index,Center_X,Center_Y,Radius
0,-2.4387963716e-02,4.5371736780e-02,1.2894044225e-02
1,-1.8694456402e-02,3.4941820079e-02,7.0102930495e-03
2,-1.8732153360e-02,3.7079347345e-02,6.0308560630e-03
3,-2.2892165504e-02,4.6089183468e-02,9.0197262211e-03
4,-1.8824346425e-02,3.9066661790e-02,8.0186130545e-03
5,-2.1953479171e-02,4.6344071291e-02,7.0728600059e-03
6,-1.8982439053e-02,4.0874860646e-02,5.9968378680e-03
7,-2.1160516592e-02,4.6217524137e-02,4.9931191766e-03

Region 7 (8 circles):
Circle_Index,Center_X,Center_Y,Radius
0,-1.9217834700e-02,4.2475041142e-02,3.8617934541e-03
1,-2.0501874311e-02,4.5738444775e-02,2.8178932535e-03
2,-1.9541936821e-02,4.3838300508e-02,1.6527137863e-03
3,-1.9966148873e-02,4.4935735976e-02,2.0805401084e-02
4,-1.9926289052e-03,8.7158575882e-03,2.1829149753e-02
5,8.8084996375e-04,1.0177958474e-02,3.3072310415e-03
6,3.8709884797e-03,1.1776031712e-02,3.4687665991e-03
7,6.9699202752e-03,1.3501958567e-02,3.6205650300e-03

Region 8 (8 circles):
Circle_Index,Center_X,Center_Y,Radius
0,1.0169778983e-02,1.5347620299e-02,3.7623444961e-03
1,1.3462698235e-02,1.7304898173e-02,3.8938870979e-03
2,1.6840811665e-02,1.9365673450e-02,4.0150220075e-03
3,2.0296252905e-02,2.1521827394e-02,4.1256136353e-03
4,2.3821155587e-02,2.3765241267e-02,4.2255531802e-03
5,2.7407653344e-02,2.6087796332e-02,4.3147524981e-03
6,3.1047879809e-02,2.8481373852e-02,4.3931395879e-03
7,3.4733968614e-02,3.0937855088e-02,4.4606552246e-03

Region 9 (8 circles):
Circle_Index,Center_X,Center_Y,Radius
0,3.8458053392e-02,3.3449121305e-02,4.5172504207e-03
1,4.2212267776e-02,3.6007053765e-02,4.5628844911e-03
2,4.5988745397e-02,3.8603533730e-02,4.5975235699e-03
3,4.9779619890e-02,4.1230442463e-02,4.6211394644e-03
4,5.3577024885e-02,4.3879661227e-02,4.6337087714e-03
5,5.7373094016e-02,4.6543071284e-02,4.6352121952e-03
6,6.1159960916e-02,4.9212553898e-02,4.6256340293e-03
7,6.4929759217e-02,5.1879990331e-02,4.6049617721e-03

Region 10 (8 circles):
Circle_Index,Center_X,Center_Y,Radius
0,6.8674622551e-02,5.4537261845e-02,4.5731858562e-03
1,7.2386684551e-02,5.7176249704e-02,4.5302994807e-03
2,7.6058078851e-02,5.9788835169e-02,4.4762985408e-03
3,7.9680939081e-02,6.2366899505e-02,4.4111816557e-03
4,8.3247398876e-02,6.4902323973e-02,4.3349503037e-03
5,8.6749591867e-02,6.7386989836e-02,4.2476090813e-03
6,9.0179651687e-02,6.9812778357e-02,4.1491661148e-03
7,9.3529711969e-02,7.2171570799e-02,4.0396336689e-03

Region 11 (8 circles):
Circle_Index,Center_X,Center_Y,Radius
0,9.6791906345e-02,7.4455248424e-02,3.9190290182e-03
1,9.9958368448e-02,7.6655692495e-02,3.7873756848e-03
2,1.0302123191e-01,7.8764784275e-02,3.6447051970e-03
3,1.0597263037e-01,8.0774405026e-02,3.4910596134e-03
4,1.0880469744e-01,8.2676436012e-02,3.3264952006e-03
5,1.1150956678e-01,8.4462758494e-02,3.1510878998e-03
6,1.1407937201e-01,8.6125253736e-02,2.9649416572e-03
7,1.1650624676e-01,8.7655803000e-02,2.7682014981e-03

Region 12 (8 circles):
Circle_Index,Center_X,Center_Y,Radius
0,1.1878232466e-01,8.9046287549e-02,2.5610747758e-03
1,1.2089973935e-01,9.0288588646e-02,2.3438671658e-03
2,1.2285062446e-01,9.1374587553e-02,2.1170467112e-03
3,1.2462711363e-01,9.2296165533e-02,1.8813646986e-03
4,1.2622134048e-01,9.3045203850e-02,1.6381006210e-03
5,1.2762543865e-01,9.3613583764e-02,1.3896031308e-03
6,1.2883154176e-01,9.3993186540e-02,1.1406107838e-03
7,1.2983178347e-01,9.4175893440e-02,9.0181093230e-04

Region 13 (8 circles):
Circle_Index,Center_X,Center_Y,Radius
0,1.3061829738e-01,9.4153585726e-02,6.9942443248e-04
1,1.3118321715e-01,9.3918144662e-02,5.8933843986e-04
2,1.3151867640e-01,9.3461451509e-02,6.2985246607e-04
3,1.3161680876e-01,9.2775387532e-02,8.1411774295e-04
4,1.3146974786e-01,9.1851833992e-02,1.0854608452e-03
5,1.3106962735e-01,9.0682672152e-02,1.4023400442e-03
6,1.3040858084e-01,8.9259783275e-02,1.7466236731e-03
7,1.2947874198e-01,8.7575048624e-02,2.3767719774e-03

Region 14 (8 circles):
Circle_Index,Center_X,Center_Y,Radius
0,1.2802536058e-01,8.5147642007e-02,2.8738466168e-03
1,1.2648432181e-01,8.2669225840e-02,2.9621178492e-03
2,1.2485767487e-01,8.0141624070e-02,3.0484707554e-03
3,1.2314746897e-01,7.7566660647e-02,3.1328135295e-03
4,1.2135575331e-01,7.4946159516e-02,3.2150673857e-03
5,1.1948457709e-01,7.2281944627e-02,3.2951643999e-03
6,1.1753598952e-01,6.9575839928e-02,3.3730457559e-03
7,1.1551203980e-01,6.6829669366e-02,3.4486603131e-03

Region 15 (8 circles):
Circle_Index,Center_X,Center_Y,Radius
0,1.1341477714e-01,6.4045256888e-02,3.5219634311e-03
1,1.1124625073e-01,6.1224426444e-02,3.5929160002e-03
2,1.0900850979e-01,5.8369001981e-02,3.6614836377e-03
3,1.0670360351e-01,5.5480807447e-02,3.7276360191e-03
4,1.0433358110e-01,5.2561666790e-02,3.7913463181e-03
5,1.0190049176e-01,4.9613403957e-02,3.8525907371e-03
6,9.9406384696e-02,4.6637842897e-02,3.9113481103e-03
7,9.6853309111e-02,4.3636807557e-02,3.9675995686e-03

Region 16 (8 circles):
Circle_Index,Center_X,Center_Y,Radius
0,9.4243314209e-02,4.0612121886e-02,4.0213282539e-03
1,9.1578449193e-02,3.7565609831e-02,4.0725190761e-03
2,8.8860763267e-02,3.4499095341e-02,4.1211585049e-03
3,8.6092305633e-02,3.1414402362e-02,4.1672343915e-03
4,8.3275125496e-02,2.8313354844e-02,4.2107358144e-03
5,8.0411272059e-02,2.5197776734e-02,4.2516529470e-03
6,7.7502794525e-02,2.2069491980e-02,4.2899769429e-03
7,7.4551742098e-02,1.8930324529e-02,4.3256998365e-03

Region 17 (8 circles):
Circle_Index,Center_X,Center_Y,Radius
0,7.1560163981e-02,1.5782098330e-02,4.3588144569e-03
1,6.8530109378e-02,1.2626637331e-02,4.3893143525e-03
2,6.5463627493e-02,9.4657654799e-03,4.4171937262e-03
3,6.2362767529e-02,6.3013067239e-03,4.4424473789e-03
4,5.9229578688e-02,3.1350850112e-03,4.4650706595e-03
5,5.6066110176e-02,-3.1075710104e-05,4.4850594231e-03
6,5.2874411195e-02,-3.1953514922e-03,4.5024099933e-03
7,4.9656530949e-02,-6.3559183872e-03,4.5171191309e-03

Region 18 (8 circles):
Circle_Index,Center_X,Center_Y,Radius
0,4.6414518641e-02,-9.5109524471e-03,4.5291840060e-03
1,4.3150423475e-02,-1.2658629724e-02,4.5386021755e-03
2,3.9866294654e-02,-1.5797126270e-02,4.5453715635e-03
3,3.6564181383e-02,-1.8924618138e-02,4.5494904452e-03
4,3.3246132863e-02,-2.2039281378e-02,4.5509574344e-03
5,2.9914198299e-02,-2.5139292044e-02,4.5497714740e-03
6,2.6570426894e-02,-2.8222826188e-02,4.5459318292e-03
7,2.3216867852e-02,-3.1288059861e-02,4.5394380835e-03

Region 19 (8 circles):
Circle_Index,Center_X,Center_Y,Radius
0,1.9855570377e-02,-3.4333169116e-02,4.5302901378e-03
1,1.6488583671e-02,-3.7356330004e-02,4.5184882120e-03
2,1.3117956938e-02,-4.0355718579e-02,4.5040328495e-03
3,9.7457393823e-03,-4.3329510891e-02,4.4869249247e-03
4,6.3739802065e-03,-4.6275882993e-02,4.4671656539e-03
5,3.0047286145e-03,-4.9193010938e-02,4.4447566085e-03
6,-3.5996619040e-04,-5.2079070776e-02,4.4196997328e-03
7,-3.7180550046e-03,-5.4932238561e-02,4.3919973652e-03

Region 20 (8 circles):
Circle_Index,Center_X,Center_Y,Radius
0,-7.0674886246e-03,-5.7750690344e-02,4.3616522638e-03
1,-1.0406217847e-02,-6.0532602178e-02,4.3286676366e-03
2,-1.3732193468e-02,-6.3276150114e-02,4.2930471770e-03
3,-1.7043366285e-02,-6.5979510205e-02,4.2547951060e-03
4,-2.0337687093e-02,-6.8640858502e-02,4.2139162205e-03
5,-2.3613106690e-02,-7.1258371059e-02,4.1704159503e-03
6,-2.6867575872e-02,-7.3830223926e-02,4.1243004239e-03
7,-3.0099045435e-02,-7.6354593156e-02,4.0755765453e-03

Region 21 (8 circles):
Circle_Index,Center_X,Center_Y,Radius
0,-3.3305466176e-02,-7.8829654802e-02,4.0242520834e-03
1,-3.6484788891e-02,-8.1253584914e-02,3.9703357761e-03
2,-3.9634964378e-02,-8.3624559546e-02,3.9138374520e-03
3,-4.2753943431e-02,-8.5940754749e-02,3.8547681728e-03
4,-4.5839676849e-02,-8.8200346575e-02,3.7931404003e-03
5,-4.8890115427e-02,-9.0401511077e-02,3.7289681934e-03
6,-5.1903209962e-02,-9.2542424307e-02,3.6622674411e-03
7,-5.4876911251e-02,-9.4621262316e-02,3.5930561378e-03

Region 22 (8 circles):
Circle_Index,Center_X,Center_Y,Radius
0,-5.7809170090e-02,-9.6636201157e-02,3.5213547125e-03
1,-6.0697937275e-02,-9.8585416882e-02,3.4471864216e-03
2,-6.3541163603e-02,-1.0046708554e-01,3.3705778217e-03
3,-6.6336799870e-02,-1.0227938319e-01,3.2915593401e-03
4,-6.9082796874e-02,-1.0402048588e-01,3.2101659679e-03
5,-7.1777105410e-02,-1.0568856966e-01,3.1264381058e-03
6,-7.4417676275e-02,-1.0728181059e-01,3.0404226030e-03
7,-7.7002460266e-02,-1.0879838471e-01,2.9521740407e-03

Region 23 (8 circles):
Circle_Index,Center_X,Center_Y,Radius
0,-7.9529408179e-02,-1.1023646808e-01,2.8617563286e-03
1,-8.1996470810e-02,-1.1159423675e-01,2.1055085628e-03
2,-8.3271930019e-02,-1.1215924830e-01,1.2981120373e-03
3,-8.4443081213e-02,-1.1242633667e-01,1.1355745122e-03
4,-8.5512853518e-02,-1.1240806910e-01,1.0419604933e-03
5,-8.6484176063e-02,-1.1211701283e-01,1.0244265867e-03
6,-8.7359977977e-02,-1.1156573508e-01,1.0768296524e-03
7,-8.8143188389e-02,-1.1076680308e-01,1.1819354053e-03

Region 24 (8 circles):
Circle_Index,Center_X,Center_Y,Radius
0,-8.8836736425e-02,-1.0973278408e-01,1.3202310924e-03
1,-8.9443551216e-02,-1.0847624530e-01,1.4761771243e-03
2,-8.9966561889e-02,-1.0700975398e-01,1.6392911361e-03
3,-9.0408697572e-02,-1.0534587735e-01,1.8029219580e-03
4,-9.0772887395e-02,-1.0349718264e-01,1.9628774965e-03
5,-9.1062060484e-02,-1.0147623709e-01,2.1164687372e-03
6,-9.1279145970e-02,-9.9295607927e-02,2.2619246465e-03
7,-9.1427072980e-02,-9.6967862385e-02,2.3980454027e-03

Region 25 (8 circles):
Circle_Index,Center_X,Center_Y,Radius
0,-9.1508770643e-02,-9.4505567698e-02,2.5239958708e-03
1,-9.1527168086e-02,-9.1921291099e-02,2.6391801819e-03
2,-9.1485194439e-02,-8.9227599820e-02,2.7431636655e-03
3,-9.1385778830e-02,-8.6437061096e-02,2.8356229945e-03
4,-9.1231850387e-02,-8.3562242158e-02,2.9163135512e-03
5,-9.1026338238e-02,-8.0615710239e-02,2.9850475681e-03
6,-9.0772171513e-02,-7.7610032574e-02,3.0416791814e-03
7,-9.0472279339e-02,-7.4557776394e-02,3.0860940216e-03

Region 26 (8 circles):
Circle_Index,Center_X,Center_Y,Radius
0,-9.0129590844e-02,-7.1471508933e-02,3.1182018557e-03
1,-8.9747035158e-02,-6.8363797424e-02,3.1379313259e-03
2,-8.9327541408e-02,-6.5247209099e-02,3.1452261673e-03
3,-8.8874038723e-02,-6.2134311193e-02,3.1400424981e-03
4,-8.8389456232e-02,-5.9037670936e-02,3.1223469154e-03
5,-8.7876723062e-02,-5.5969855564e-02,3.0921152282e-03
6,-8.7338768342e-02,-5.2943432308e-02,3.0493317284e-03
7,-8.6778521201e-02,-4.9970968402e-02,2.9939889615e-03

Region 27 (8 circles):
Circle_Index,Center_X,Center_Y,Radius
0,-8.6198910766e-02,-4.7065031079e-02,2.9260880136e-03
1,-8.5602866167e-02,-4.4238187571e-02,2.8456393981e-03
2,-8.4993316531e-02,-4.1503005112e-02,2.7526647125e-03
3,-8.4373190988e-02,-3.8872050935e-02,2.6471993703e-03
4,-8.3745418665e-02,-3.6357892272e-02,2.5292969350e-03
5,-8.3112928691e-02,-3.3973096357e-02,2.3990359672e-03
6,-8.2478650194e-02,-3.1730230423e-02,2.2565310079e-03
7,-8.1845512302e-02,-2.9641861702e-02,2.1019506864e-03

Region 28 (8 circles):
Circle_Index,Center_X,Center_Y,Radius
0,-8.1216444145e-02,-2.7720557428e-02,1.9355487382e-03
1,-8.0594374850e-02,-2.5978884833e-02,1.8690830320e-03
2,-7.9909981045e-02,-2.4218507976e-02,1.9254038233e-03
3,-7.9157710887e-02,-2.2406377474e-02,1.9968910455e-03
4,-7.8340004952e-02,-2.0546484451e-02,2.0646128641e-03
5,-7.7459303818e-02,-1.8642820030e-02,2.1284499720e-03
6,-7.6518048060e-02,-1.6699375333e-02,2.1883067975e-03
7,-7.5518678256e-02,-1.4720141484e-02,2.2441064392e-03

Region 29 (7 circles):
Circle_Index,Center_X,Center_Y,Radius
0,-7.4463634982e-02,-1.2709109606e-02,2.2957868753e-03
1,-7.3355358814e-02,-1.0670270821e-02,2.3432981021e-03
2,-7.2196290330e-02,-8.6076162531e-03,2.3865999581e-03
3,-7.0988870104e-02,-6.5251370247e-03,2.4256604622e-03
4,-6.9735538715e-02,-4.4268242590e-03,2.4604545409e-03
5,-6.8438736739e-02,-2.3166690791e-03,2.4909630565e-03
6,-6.7100904752e-02,-1.9866260775e-04,2.5171720690e-03
