Region Metadata for: shape_94.txt
================================================================================

REGION DEFINITION: Circle union (one circle per point)
  Each point gets a circle with radius = average distance to neighbors

Total vertices: 225
Number of regions: 30
Points per region:
  Region 0: 8 points
  Region 1: 8 points
  Region 2: 8 points
  Region 3: 8 points
  Region 4: 8 points
  Region 5: 8 points
  Region 6: 8 points
  Region 7: 8 points
  Region 8: 8 points
  Region 9: 8 points
  Region 10: 8 points
  Region 11: 8 points
  Region 12: 8 points
  Region 13: 8 points
  Region 14: 8 points
  Region 15: 7 points
  Region 16: 7 points
  Region 17: 7 points
  Region 18: 7 points
  Region 19: 7 points
  Region 20: 7 points
  Region 21: 7 points
  Region 22: 7 points
  Region 23: 7 points
  Region 24: 7 points
  Region 25: 7 points
  Region 26: 7 points
  Region 27: 7 points
  Region 28: 7 points
  Region 29: 7 points

REGION SUMMARY:
Region_Index,Num_Points,BBox_Min_X,BBox_Max_X,BBox_Min_Y,BBox_Max_Y,Normal_X,Normal_Y,Tangent_X,Tangent_Y,Fitted_Circle_X,Fitted_Circle_Y,Fitted_Circle_Radius,Local_AoA_Rad,Union_Area,Collection_Area
0,8,-1.1471313699e-01,-9.3911779287e-02,-1.4684955607e-03,2.3843632593e-02,-0.7965566614,0.6045638802,0.6045638802,0.7965566614,3.4376407234e-01,-3.2879183832e-01,5.6254092667e-01,6.49218247e-01,1.85278403e-04,9.29382688e-05
1,8,-9.8101414688e-02,-8.3133922380e-02,2.0155784395e-02,3.7752642971e-02,-0.7812725766,0.6241900040,0.6241900040,0.7812725766,1.4024972147e+00,-1.1573114604e+00,1.9069074331e+00,6.74094338e-01,9.72570645e-05,4.88539862e-05
2,8,-8.5123848568e-02,-6.9847969330e-02,3.5667426866e-02,4.5310983978e-02,-0.4568582739,0.8895394975,0.8895394975,0.4568582739,-5.9785462779e-02,4.8176099960e-03,4.0248419042e-02,1.09633620e+00,5.79308627e-05,2.96065411e-05
3,8,-7.2073785263e-02,-5.3448156706e-02,4.1799137133e-02,5.0711652440e-02,-0.3092560680,0.9509788034,0.9509788034,0.3092560680,-2.0461603139e+00,6.1910600107e+00,-6.4569696775e+00,1.25638567e+00,7.66261537e-05,3.82971408e-05
4,8,-5.5648010345e-02,-4.0850538539e-02,4.7250568562e-02,5.6762927676e-02,-0.4668578338,0.8843323827,0.8843323827,0.4668578338,-6.4669414448e-02,8.4348155513e-02,-3.6714076107e-02,1.08506205e+00,5.50130690e-05,2.68567916e-05
5,8,-4.2793757764e-02,-3.4277247982e-02,5.4798820555e-02,7.1855632356e-02,-0.9456885912,0.3250739739,0.3250739739,0.9456885912,-6.2313954720e-02,7.0392737209e-02,-2.5413236531e-02,3.31089949e-01,6.90715287e-05,3.33666756e-05
6,8,-3.9221456191e-02,-3.2506615962e-02,6.9211997759e-02,9.5173861047e-02,-0.9985754108,0.0533586828,0.0533586828,0.9985754108,-3.2798020284e-01,9.7123710600e-02,-2.9255878161e-01,5.33840353e-02,1.38214215e-04,6.87751839e-05
7,8,-3.8228038334e-02,-3.1988354043e-02,9.2268299430e-02,1.1421800198e-01,-0.9963060875,0.0858730461,0.0858730461,0.9963060875,8.0406226074e-02,9.4307142593e-02,1.1572589245e-01,8.59789384e-02,1.01273121e-04,5.11635797e-05
8,8,-3.5096322150e-02,-2.5552541083e-02,1.1240003468e-01,1.1982879959e-01,-0.5327573182,0.8462680662,0.8462680662,0.5327573182,-2.9506968462e-02,1.1447025829e-01,3.7762561724e-03,1.00894088e+00,3.38339014e-05,1.83190395e-05
9,8,-2.8272844111e-02,1.7168648345e-03,9.8124178548e-02,1.1921165486e-01,0.5175792099,0.8556352970,0.8556352970,-0.5175792099,6.8102031223e+00,1.1397229056e+01,-1.3190396524e+01,2.11481562e+00,2.35892974e-04,1.17911072e-04
10,8,-3.2854583684e-03,3.5026148963e-02,7.7225757625e-02,1.0459576366e-01,0.5263787889,0.8502501812,0.8502501812,-0.5263787889,-9.5199149949e-01,-1.4719362724e+00,1.8384661207e+00,2.12513225e+00,3.85293514e-04,1.93007472e-04
11,8,2.9031999336e-02,7.1263584939e-02,5.3241322208e-02,8.4814602898e-02,0.5518118254,0.8339686501,0.8339686501,-0.5518118254,-5.4630968895e-01,-8.3234022111e-01,1.0810504024e+00,2.15533154e+00,4.80553650e-04,2.40820848e-04
12,8,6.4769680205e-02,1.0654220109e-01,2.7403369635e-02,6.1123547030e-02,0.5943850353,0.8041805952,0.8041805952,-0.5943850353,-3.0841683986e-01,-4.8936281967e-01,6.6362704302e-01,2.20729705e+00,4.95909188e-04,2.49081455e-04
13,8,1.0000781917e-01,1.3699626339e-01,9.2315959298e-04,3.4787886787e-02,0.6621075454,0.7494088326,0.7494088326,-0.6621075454,-1.1978053444e-01,-2.5272697378e-01,3.6096757348e-01,2.29442388e+00,4.32078087e-04,2.17712522e-04
14,8,1.3080248065e-01,1.5882647734e-01,-2.5054487759e-02,7.0970834239e-03,0.7716844028,0.6360056465,0.6360056465,-0.7716844028,2.1531460781e-02,-1.1163900812e-01,1.6120308546e-01,2.45228165e+00,3.13971474e-04,1.59011220e-04
15,7,1.5313185675e-01,1.6804925085e-01,-4.6655027003e-02,-2.0581529503e-02,0.9232507247,0.3841979949,0.3841979949,-0.9232507247,1.0393259029e-01,-5.7833396623e-02,6.2655228349e-02,2.74725366e+00,1.76887617e-04,9.07463846e-05
16,7,1.5994233041e-01,1.6868526569e-01,-6.7002563108e-02,-4.3499701031e-02,0.9902413688,-0.1393629488,-0.1393629488,-0.9902413688,1.3423097365e-01,-5.1095131901e-02,3.1500623155e-02,-3.00177460e+00,1.30592481e-04,6.81878112e-05
17,7,1.4503624881e-01,1.6471048253e-01,-8.4406114988e-02,-6.3549405001e-02,0.7368429706,-0.6760639294,-0.6760639294,-0.7368429706,1.2149937625e-01,-4.3074607844e-02,4.6518726548e-02,-2.39918500e+00,1.55745287e-04,8.05513416e-05
18,7,1.2156533958e-01,1.4903500884e-01,-9.5792879128e-02,-7.9514333359e-02,0.4050889295,-0.9142772879,-0.9142772879,-0.4050889295,1.0373720647e-01,-1.5308122086e-02,7.9564984373e-02,-1.98787242e+00,1.98269946e-04,1.01331454e-04
19,7,9.1604781247e-02,1.2569841018e-01,-1.0171006751e-01,-8.8895031199e-02,0.1628049453,-0.9866582741,-0.9866582741,-0.1628049453,8.3848349050e-02,5.7749466698e-02,1.5536164858e-01,-1.73432919e+00,2.72052304e-04,1.37826226e-04
20,7,5.7161644851e-02,9.6237192294e-02,-1.0294806643e-01,-9.2631455573e-02,0.0082122843,-0.9999662786,-0.9999662786,-0.0082122843,7.4761390947e-02,1.7930631245e-01,2.7730697064e-01,-1.57900870e+00,3.49501622e-04,1.76169819e-04
21,7,2.0128010216e-02,6.2288745208e-02,-1.0262783282e-01,-8.9083718892e-02,-0.0941590046,-0.9955571716,-0.9955571716,0.0941590046,8.2307814343e-02,3.3620692211e-01,4.3441700532e-01,-1.47649763e+00,4.09167976e-04,2.05853958e-04
22,7,-1.7649495256e-02,2.5591794692e-02,-9.9191133615e-02,-8.2803611674e-02,-0.1672279278,-0.9859182624,-0.9859182624,0.1672279278,1.0369100641e-01,4.9637520407e-01,5.9602124557e-01,-1.40277900e+00,4.36497096e-04,2.19172585e-04
23,7,-5.4342793802e-02,-1.2075155429e-02,-9.2659610702e-02,-7.4664940844e-02,-0.2240737518,-0.9745721901,-0.9745721901,0.2240737518,1.2593705278e-01,6.0887906882e-01,7.1070938592e-01,-1.34480381e+00,4.24386108e-04,2.12856290e-04
24,7,-8.8132381141e-02,-4.8917136148e-02,-8.3873962249e-02,-6.5532939851e-02,-0.2730903049,-0.9619884019,-0.9619884019,0.2730903049,1.2682008020e-01,6.1442069750e-01,7.1629640337e-01,-1.29419234e+00,3.72754429e-04,1.86981383e-04
25,7,-1.1720375867e-01,-8.3131388398e-02,-7.3682676487e-02,-5.6267836462e-02,-0.3216232556,-0.9468677212,-0.9468677212,0.3216232556,8.4135505665e-02,4.7912060361e-01,5.7441782521e-01,-1.24335299e+00,2.88536726e-04,1.44837993e-04
26,7,-1.3359495146e-01,-1.1291034631e-01,-6.2939048449e-02,-4.9911304223e-02,-0.4395948336,-0.8981961825,-0.8981961825,0.4395948336,-1.0579107310e-01,-1.5104250708e-02,4.5114990242e-02,-1.11564879e+00,1.31688586e-04,6.71614805e-05
27,7,-1.3621184462e-01,-1.3112504320e-01,-5.1914916854e-02,-3.6461889912e-02,-0.9980657853,-0.0621666169,-0.0621666169,0.9980657853,-1.1755222211e-01,-4.3679857681e-02,1.6668830168e-02,-6.22067291e-02,5.72531865e-05,3.01572186e-05
28,7,-1.3540450733e-01,-1.2287252631e-01,-3.8933765464e-02,-1.7667706582e-02,-0.9150354141,0.4033735128,0.4033735128,0.9150354141,-5.6809478468e-02,-6.0899628793e-02,7.9974356564e-02,4.15200620e-01,1.19241112e-04,6.06354101e-05
29,7,-1.2772301493e-01,-1.0974136647e-01,-2.1306892986e-02,2.6883133433e-03,-0.8381176533,0.5454895042,0.5454895042,0.8381176533,7.9305030558e-02,-1.3857804496e-01,2.3675251241e-01,5.76973056e-01,1.70773706e-04,8.60461443e-05

DETAILED CIRCLE DATA:

Region 0 (8 circles):
Circle_Index,Center_X,Center_Y,Radius
0,-1.1120934779e-01,2.0352936344e-03,3.5037891951e-03
1,-1.0914954158e-01,4.8627604593e-03,3.4858972735e-03
2,-1.0708140568e-01,7.6535857349e-03,3.4545534843e-03
3,-1.0501607305e-01,1.0398966286e-02,3.4096774808e-03
4,-1.0296467664e-01,1.3090098939e-02,3.3512017016e-03
5,-1.0093834938e-01,1.5718180518e-02,3.2790694440e-03
6,-9.8948224226e-02,1.8274407849e-02,3.1932334346e-03
7,-9.7005434123e-02,2.0749977757e-02,3.0936548357e-03

Region 1 (8 circles):
Circle_Index,Center_X,Center_Y,Radius
0,-9.5121112015e-02,2.3136087068e-02,2.9803026726e-03
1,-9.3306390851e-02,2.5423932606e-02,2.8531537163e-03
2,-9.1572403574e-02,2.7604711197e-02,2.7121929315e-03
3,-8.9930283132e-02,2.9669619667e-02,2.5574147224e-03
4,-8.8391162470e-02,3.1609854840e-02,2.3888254354e-03
5,-8.6966174535e-02,3.3416613542e-02,2.2064480303e-03
6,-8.5666452272e-02,3.5081092599e-02,1.8091767134e-03
7,-8.4672950170e-02,3.6213615181e-02,1.5390277900e-03

Region 2 (8 circles):
Circle_Index,Center_X,Center_Y,Radius
0,-8.3515095667e-02,3.7276179767e-02,1.6087529011e-03
1,-8.2206311210e-02,3.8274356747e-02,1.6852808760e-03
2,-8.0760019249e-02,3.9213716510e-02,1.7638525709e-03
3,-7.9189642231e-02,4.0099829448e-02,1.8408296596e-03
4,-7.7508602606e-02,4.0938265949e-02,1.9134846913e-03
5,-7.5730322822e-02,4.1734596405e-02,1.9797917351e-03
6,-7.3868225327e-02,4.2494391204e-02,2.0382524490e-03
7,-7.1935732570e-02,4.3223220738e-02,2.0877632407e-03

Region 3 (8 circles):
Circle_Index,Center_X,Center_Y,Radius
0,-6.9946267000e-02,4.3926655396e-02,2.1275182628e-03
1,-6.7913251065e-02,4.4610265568e-02,2.1569405970e-03
2,-6.5850107213e-02,4.5279621644e-02,2.1756347905e-03
3,-6.3770257893e-02,4.5940294014e-02,2.1833555631e-03
4,-6.1687125554e-02,4.6597853069e-02,2.1799891447e-03
5,-5.9614132644e-02,4.7257869199e-02,2.1655451268e-03
6,-5.7564701611e-02,4.7925912793e-02,2.1401579391e-03
7,-5.5552254905e-02,4.8607554241e-02,2.1040981986e-03

Region 4 (8 circles):
Circle_Index,Center_X,Center_Y,Radius
0,-5.3590214973e-02,4.9308363934e-02,2.0577953716e-03
1,-5.1692004264e-02,5.0033912262e-02,2.0018745583e-03
2,-4.9871045228e-02,5.0789769614e-02,1.9372118978e-03
3,-4.8140760311e-02,5.1581506381e-02,1.8650150973e-03
4,-4.6514571963e-02,5.2414692953e-02,1.7869376220e-03
5,-4.5005902632e-02,5.3294899719e-02,1.7052358966e-03
6,-4.3628174768e-02,5.4227697071e-02,1.6229750367e-03
7,-4.2394810817e-02,5.5218655397e-02,1.5442722782e-03

Region 5 (8 circles):
Circle_Index,Center_X,Center_Y,Radius
0,-4.1319233230e-02,5.6273345089e-02,1.4745245342e-03
1,-4.0414864453e-02,5.7397336536e-02,1.5421208515e-03
2,-3.9577503492e-02,5.8809302973e-02,1.7323069447e-03
3,-3.8848559417e-02,6.0480246187e-02,1.9153529608e-03
4,-3.8219478507e-02,6.2386826978e-02,2.0968704695e-03
5,-3.7681707042e-02,6.4505706141e-02,2.2691618991e-03
6,-3.7226691301e-02,6.6813544474e-02,2.4274340182e-03
7,-3.6845877562e-02,6.9287002776e-02,2.5686295800e-03

Region 6 (8 circles):
Circle_Index,Center_X,Center_Y,Radius
0,-3.6530712105e-02,7.1902741844e-02,2.6907440854e-03
1,-3.6272641210e-02,7.4637422475e-02,2.7924294886e-03
2,-3.6063111154e-02,7.7467705467e-02,2.8727609465e-03
3,-3.5893568218e-02,8.0370251618e-02,2.9310966203e-03
4,-3.5755458680e-02,8.3321721725e-02,2.9669918609e-03
5,-3.5640228820e-02,8.6298776586e-02,2.9801463574e-03
6,-3.5539324917e-02,8.9278076998e-02,2.9703723302e-03
7,-3.5444193249e-02,9.2236283760e-02,2.9375772868e-03

Region 7 (8 circles):
Circle_Index,Center_X,Center_Y,Radius
0,-3.5346280096e-02,9.5150057668e-02,2.8817582382e-03
1,-3.5237031737e-02,9.7996059520e-02,2.8030067740e-03
2,-3.5107894452e-02,1.0075095011e-01,2.7015268622e-03
3,-3.4950314518e-02,1.0339139025e-01,2.5776705684e-03
4,-3.4755738217e-02,1.0589404072e-01,2.4320025489e-03
5,-3.4515611825e-02,1.0823556232e-01,2.2654150808e-03
6,-3.4221381624e-02,1.1039261586e-01,2.0793381885e-03
7,-3.3864493891e-02,1.1234186213e-01,1.8761398483e-03

Region 8 (8 circles):
Circle_Index,Center_X,Center_Y,Radius
0,-3.3436394906e-02,1.1405996193e-01,1.6599272439e-03
1,-3.2928530948e-02,1.1552357605e-01,1.4382247245e-03
2,-3.2332348297e-02,1.1670936529e-01,1.2255044212e-03
3,-3.1639293231e-02,1.1759399045e-01,1.0495665169e-03
4,-3.0840812029e-02,1.1815411234e-01,9.5608956278e-04
5,-2.9928350971e-02,1.1836639173e-01,9.9197511807e-04
6,-2.8893356335e-02,1.1820748944e-01,1.1689336616e-03
7,-2.7727274401e-02,1.1765406627e-01,2.1747333186e-03

Region 9 (8 circles):
Circle_Index,Center_X,Center_Y,Radius
0,-2.5118447436e-02,1.1605725819e-01,3.1543966749e-03
1,-2.2341870270e-02,1.1436800110e-01,3.3418671129e-03
2,-1.9405165038e-02,1.1258873263e-01,3.5215695322e-03
3,-1.6315953877e-02,1.1072189039e-01,3.6934941231e-03
4,-1.3081858923e-02,1.0876991200e-01,3.8576356448e-03
5,-9.7105023133e-03,1.0673523507e-01,4.0139923380e-03
6,-6.2095061829e-03,1.0462029721e-01,4.1625652007e-03
7,-2.5864926685e-03,1.0242753605e-01,4.3033575030e-03

Region 10 (8 circles):
Circle_Index,Center_X,Center_Y,Radius
0,1.1509160935e-03,1.0015938920e-01,4.4363744619e-03
1,4.9950979670e-03,9.7818294275e-02,4.5616230287e-03
2,8.9384308157e-03,9.5406688892e-02,4.6791117570e-03
3,1.2973292503e-02,9.2927010667e-02,4.7888507316e-03
4,1.7092060893e-02,9.0381697216e-02,4.8908515440e-03
5,2.1287113850e-02,8.7773186156e-02,4.9851273066e-03
6,2.5550829237e-02,8.5103915103e-02,5.0716926992e-03
7,2.9875584917e-02,8.2376321671e-02,5.1505640459e-03

Region 11 (8 circles):
Circle_Index,Center_X,Center_Y,Radius
0,3.4253758755e-02,7.9592843479e-02,5.2217594193e-03
1,3.8677728615e-02,7.6755918140e-02,5.2852987734e-03
2,4.3139872359e-02,7.3867983273e-02,5.3412041041e-03
3,4.7632567852e-02,7.0931476493e-02,5.3894996413e-03
4,5.2148192958e-02,6.7948835415e-02,5.4302120746e-03
5,5.6679125540e-02,6.4922497656e-02,5.4633708152e-03
6,6.1217743461e-02,6.1854900833e-02,5.4890083016e-03
7,6.5756424587e-02,5.8748482560e-02,5.5071603523e-03

Region 12 (8 circles):
Circle_Index,Center_X,Center_Y,Radius
0,7.0287546780e-02,5.5605680455e-02,5.5178665751e-03
1,7.4803487904e-02,5.2428932133e-02,5.5211708407e-03
2,7.9296625823e-02,4.9220675211e-02,5.5171218323e-03
3,8.3759338401e-02,4.5983347304e-02,5.5057736846e-03
4,8.8184003501e-02,4.2719386028e-02,5.4871867271e-03
5,9.2562998987e-02,3.9431229000e-02,5.4614283525e-03
6,9.6888702723e-02,3.6121313836e-02,5.4285740334e-03
7,1.0115349257e-01,3.2792078151e-02,5.3887085158e-03

Region 13 (8 circles):
Circle_Index,Center_X,Center_Y,Radius
0,1.0534974640e-01,2.9445959563e-02,5.3419272249e-03
1,1.0946984207e-01,2.6085395686e-02,5.2883379256e-03
2,1.1350615744e-01,2.2712824137e-02,5.2280626914e-03
3,1.1745107038e-01,1.9330682532e-02,5.1612402450e-03
4,1.2129695875e-01,1.5941408488e-02,5.0880287513e-03
5,1.2503620042e-01,1.2547439620e-02,5.0086091592e-03
6,1.2866117325e-01,9.1512135439e-03,4.9231892134e-03
7,1.3216425510e-01,5.7551678764e-03,4.8320082835e-03

Region 14 (8 circles):
Circle_Index,Center_X,Center_Y,Radius
0,1.3553782384e-01,2.3617402334e-03,4.7353431904e-03
1,1.3877425733e-01,-1.0266317690e-03,4.6335152505e-03
2,1.4186593344e-01,-4.4075105148e-03,4.5268988014e-03
3,1.4480523002e-01,-7.7784583878e-03,4.4159315238e-03
4,1.4758452495e-01,-1.1137037772e-02,4.3011269236e-03
5,1.5019619608e-01,-1.4480811051e-02,4.1830893793e-03
6,1.5263262128e-01,-1.7807340610e-02,4.0625321781e-03
7,1.5488617841e-01,-2.1114188831e-02,3.9402989283e-03

Region 15 (7 circles):
Circle_Index,Center_X,Center_Y,Radius
0,1.5694924535e-01,-2.4398918099e-02,3.8173885961e-03
1,1.5881419994e-01,-2.7659090798e-02,3.6949840975e-03
2,1.6047342005e-01,-3.0892269312e-02,3.5744837569e-03
3,1.6191928356e-01,-3.4096016025e-02,3.4575338770e-03
4,1.6314416832e-01,-3.7267893319e-02,3.3460589639e-03
5,1.6414045219e-01,-4.0405463581e-02,3.2422837150e-03
6,1.6490051304e-01,-4.3506289193e-02,3.1487378099e-03

Region 16 (7 circles):
Circle_Index,Center_X,Center_Y,Radius
0,1.6541672873e-01,-4.6567932539e-02,3.0682315079e-03
1,1.6568147714e-01,-4.9587956003e-02,3.0037885500e-03
2,1.6568713611e-01,-5.2563921970e-02,2.9585253646e-03
3,1.6542608352e-01,-5.5493392822e-02,2.9354747034e-03
4,1.6489069722e-01,-5.8373930945e-02,2.9373682426e-03
5,1.6407335509e-01,-6.1203098721e-02,2.9664123319e-03
6,1.6296643498e-01,-6.3978458536e-02,3.0241045717e-03

Region 17 (7 circles):
Circle_Index,Center_X,Center_Y,Radius
0,1.6156231476e-01,-6.6697572772e-02,3.1481677708e-03
1,1.5983830100e-01,-6.9436189230e-02,3.2317940047e-03
2,1.5791998426e-01,-7.2031731397e-02,3.2314458056e-03
3,1.5581264359e-01,-7.4486696186e-02,3.2468830123e-03
4,1.5352155803e-01,-7.6803580509e-02,3.2766685940e-03
5,1.5105200661e-01,-7.8984881277e-02,3.3192486870e-03
6,1.4840926839e-01,-8.1033095402e-02,3.3730195859e-03

Region 18 (7 circles):
Circle_Index,Center_X,Center_Y,Radius
0,1.4559862241e-01,-8.2950719796e-02,3.4363864373e-03
1,1.4262534770e-01,-8.4740251372e-02,3.5078097505e-03
2,1.3949472331e-01,-8.6404187040e-02,3.5858385504e-03
3,1.3621202829e-01,-8.7945023713e-02,3.6691310304e-03
4,1.3278254167e-01,-8.9365258303e-02,3.7564647363e-03
5,1.2921154250e-01,-9.0667387722e-02,3.8467387483e-03
6,1.2550430983e-01,-9.1853908881e-02,3.9389702464e-03

Region 19 (7 circles):
Circle_Index,Center_X,Center_Y,Radius
0,1.2166612269e-01,-9.2927318693e-02,4.0322874938e-03
1,1.1770226012e-01,-9.3890114069e-02,4.1259208207e-03
2,1.1361800117e-01,-9.4744791921e-02,4.2191927582e-03
3,1.0941862489e-01,-9.5493849161e-02,4.3115080961e-03
4,1.0510941031e-01,-9.6139782701e-02,4.4023443549e-03
5,1.0069563647e-01,-9.6685089454e-02,4.4912429501e-03
6,9.6182582428e-02,-9.7132266330e-02,4.5778011803e-03

Region 20 (7 circles):
Circle_Index,Center_X,Center_Y,Radius
0,9.1575527216e-02,-9.7483810241e-02,4.6616650780e-03
1,8.6879749878e-02,-9.7742218100e-02,4.7425231027e-03
2,8.2100529458e-02,-9.7909986819e-02,4.8201006206e-03
3,7.7243144998e-02,-9.7989613309e-02,4.8941551003e-03
4,7.2312875541e-02,-9.7983594482e-02,4.9644719487e-03
5,6.7315000129e-02,-9.7894427251e-02,5.0308609094e-03
6,6.2254797805e-02,-9.7724608526e-02,5.0931529535e-03

Region 21 (7 circles):
Circle_Index,Center_X,Center_Y,Radius
0,5.7137547611e-02,-9.7476635221e-02,5.1511975964e-03
1,5.1968528591e-02,-9.7153004246e-02,5.2048605819e-03
2,4.6753019786e-02,-9.6756212514e-02,5.2540218840e-03
3,4.1496300239e-02,-9.6288756937e-02,5.2985739798e-03
4,3.6203648994e-02,-9.5753134426e-02,5.3384203563e-03
5,3.0880345091e-02,-9.5151841893e-02,5.3734742167e-03
6,2.5531667575e-02,-9.4487376251e-02,5.4036573595e-03

Region 22 (7 circles):
Circle_Index,Center_X,Center_Y,Radius
0,2.0162895488e-02,-9.3762234411e-02,5.4288992040e-03
1,1.4779307872e-02,-9.2978913286e-02,5.4491359441e-03
2,9.3861837703e-03,-9.2139909786e-02,5.4643098100e-03
3,3.9888022250e-03,-9.1247720824e-02,5.4743684258e-03
4,-1.4075577212e-03,-9.0304843312e-02,5.4792642474e-03
5,-6.7976170256e-03,-8.9313774161e-02,5.4789540722e-03
6,-1.2176096646e-02,-8.8277010284e-02,5.4733986104e-03

Region 23 (7 circles):
Circle_Index,Center_X,Center_Y,Radius
0,-1.7537717538e-02,-8.7197048593e-02,5.4625621094e-03
1,-2.2877200662e-02,-8.6076385998e-02,5.4464120269e-03
2,-2.8189266973e-02,-8.4917519414e-02,5.4249187443e-03
3,-3.3468637429e-02,-8.3722945750e-02,5.3980553185e-03
4,-3.8710032988e-02,-8.2495161919e-02,5.3657972659e-03
5,-4.3908174606e-02,-8.1236664833e-02,5.3281223773e-03
6,-4.9057783242e-02,-7.9949951404e-02,5.2850105599e-03

Region 24 (7 circles):
Circle_Index,Center_X,Center_Y,Radius
0,-5.4153579853e-02,-7.8637518544e-02,5.2364437050e-03
1,-5.9190285396e-02,-7.7301863164e-02,5.1824055806e-03
2,-6.4162620828e-02,-7.5945482177e-02,5.1228817468e-03
3,-6.9065307107e-02,-7.4570872495e-02,5.0578594954e-03
4,-7.3893065191e-02,-7.3180531028e-02,4.9873278133e-03
5,-7.8640616036e-02,-7.1776954690e-02,4.9112773713e-03
6,-8.3302680600e-02,-7.0362640392e-02,4.8297005410e-03

Region 25 (7 circles):
Circle_Index,Center_X,Center_Y,Radius
0,-8.7873979840e-02,-6.8940085045e-02,4.7425914419e-03
1,-9.2349234715e-02,-6.7511785563e-02,4.6499460261e-03
2,-9.6723166180e-02,-6.6080238856e-02,4.5517622038e-03
3,-1.0099049519e-01,-6.4647941837e-02,4.4480400227e-03
4,-1.0514594271e-01,-6.3217391418e-02,4.3387819105e-03
5,-1.0918422970e-01,-6.1791084510e-02,4.2239930007e-03
6,-1.1310007710e-01,-6.0371518026e-02,4.1036815630e-03

Region 26 (7 circles):
Circle_Index,Center_X,Center_Y,Radius
0,-1.1688820588e-01,-5.8961188876e-02,3.9778595730e-03
1,-1.2054333700e-01,-5.7562593974e-02,3.8465434664e-03
2,-1.2406019141e-01,-5.6178230231e-02,3.7097551433e-03
3,-1.2743349007e-01,-5.4810594558e-02,2.8073921065e-03
4,-1.2920013332e-01,-5.3928120775e-02,1.8993340059e-03
5,-1.3068012323e-01,-5.2862209173e-02,1.7764776330e-03
6,-1.3188459275e-01,-5.1621662928e-02,1.7103587045e-03

Region 27 (7 circles):
Circle_Index,Center_X,Center_Y,Radius
0,-1.3282467484e-01,-5.0215285214e-02,1.6996316400e-03
1,-1.3351150243e-01,-4.8651879207e-02,1.7380397730e-03
2,-1.3395620848e-01,-4.6940248080e-02,1.8159040444e-03
3,-1.3416992593e-01,-4.5089195009e-02,1.9225155930e-03
4,-1.3416378772e-01,-4.3107523167e-02,2.0480569014e-03
5,-1.3394892681e-01,-4.1004035731e-02,2.1844902821e-03
6,-1.3353647613e-01,-3.8787535875e-02,2.3256459630e-03

Region 28 (7 circles):
Circle_Index,Center_X,Center_Y,Radius
0,-1.3293756864e-01,-3.6466826772e-02,2.4669386919e-03
1,-1.3216333727e-01,-3.4050711599e-02,2.6050017919e-03
2,-1.3122491498e-01,-3.1547993529e-02,2.7373633831e-03
3,-1.3013343472e-01,-2.8967475737e-02,2.8621962197e-03
4,-1.2890002942e-01,-2.6317961399e-02,2.9781355371e-03
5,-1.2753583203e-01,-2.3608253688e-02,3.0841497220e-03
6,-1.2605197551e-01,-2.0847155780e-02,3.1794491983e-03

Region 29 (7 circles):
Circle_Index,Center_X,Center_Y,Radius
0,-1.2445959279e-01,-1.8043470849e-02,3.2634221375e-03
1,-1.2276981682e-01,-1.5206002070e-02,3.3355887912e-03
2,-1.2099378056e-01,-1.2343552617e-02,3.3955687485e-03
3,-1.1914261693e-01,-9.4649256655e-03,3.4430572080e-03
4,-1.1722745890e-01,-6.5789243899e-03,3.4778075925e-03
5,-1.1525943940e-01,-3.6943519649e-03,3.4996186694e-03
6,-1.1324969138e-01,-8.2001156525e-04,3.5083249085e-03
