Region Metadata for: shape_31.txt
================================================================================

REGION DEFINITION: Circle union (one circle per point)
  Each point gets a circle with radius = average distance to neighbors

Total vertices: 234
Number of regions: 30
Points per region:
  Region 0: 8 points
  Region 1: 8 points
  Region 2: 8 points
  Region 3: 8 points
  Region 4: 8 points
  Region 5: 8 points
  Region 6: 8 points
  Region 7: 8 points
  Region 8: 8 points
  Region 9: 8 points
  Region 10: 8 points
  Region 11: 8 points
  Region 12: 8 points
  Region 13: 8 points
  Region 14: 8 points
  Region 15: 8 points
  Region 16: 8 points
  Region 17: 8 points
  Region 18: 8 points
  Region 19: 8 points
  Region 20: 8 points
  Region 21: 8 points
  Region 22: 8 points
  Region 23: 8 points
  Region 24: 7 points
  Region 25: 7 points
  Region 26: 7 points
  Region 27: 7 points
  Region 28: 7 points
  Region 29: 7 points

REGION SUMMARY:
Region_Index,Num_Points,BBox_Min_X,BBox_Max_X,BBox_Min_Y,BBox_Max_Y,Normal_X,Normal_Y,Tangent_X,Tangent_Y,Fitted_Circle_X,Fitted_Circle_Y,Fitted_Circle_Radius,Local_AoA_Rad,Union_Area,Collection_Area
0,8,-1.3662048182e-01,-1.2608677361e-01,-4.5933896710e-04,3.3035072627e-02,-0.9930233417,-0.1179179496,-0.1179179496,0.9930233417,5.4627825029e-02,3.8208057582e-02,1.8764353049e-01,-1.18192942e-01,2.31907410e-04,1.17147649e-04
1,8,-1.3684413615e-01,-1.2836335293e-01,2.9218172998e-02,6.2727073852e-02,-0.9992640210,0.0383590454,0.0383590454,0.9992640210,4.9410775870e-02,3.9170564486e-02,1.8246770089e-01,3.83684586e-02,2.29896195e-04,1.16096191e-04
2,8,-1.3504231898e-01,-1.2324182597e-01,5.9137864972e-02,8.7780265692e-02,-0.9723731339,0.2334319783,0.2334319783,0.9723731339,-2.7472380831e-02,4.9588315107e-02,1.0483954135e-01,2.35605683e-01,1.76162707e-04,8.93873640e-05
3,8,-1.2795618633e-01,-1.1305732623e-01,8.4675391107e-02,1.0394995274e-01,-0.8220591666,0.5694020782,0.5694020782,0.8220591666,-9.0584179601e-02,7.4371480679e-02,3.6904232182e-02,6.05778325e-01,1.04442216e-04,5.38774986e-05
4,8,-1.1578270557e-01,-9.3232321241e-02,1.0075255737e-01,1.1228738009e-01,-0.3417184892,0.9398023591,0.9398023591,0.3417184892,-8.9123969766e-02,6.2418922224e-02,4.7404133771e-02,1.22205147e+00,1.16119357e-04,5.96349333e-05
5,8,-9.6279187772e-02,-6.6168536801e-02,1.0674897034e-01,1.1428807188e-01,-0.0335120293,0.9994383142,0.9994383142,0.0335120293,-7.7532982570e-02,-1.3641695474e-02,1.2445653282e-01,1.53727802e+00,1.86392933e-04,9.44204896e-05
6,8,-6.9831071088e-02,-3.5300211381e-02,1.0283040206e-01,1.1405630430e-01,0.1305283762,0.9914445738,0.9914445738,-0.1305283762,-8.4756327172e-02,-1.3375410978e-01,2.4483679966e-01,1.70169822e+00,2.47097277e-04,1.24485177e-04
7,8,-3.9384559413e-02,-3.8106630936e-03,9.5396280223e-02,1.1010390883e-01,0.2352520385,0.9719344003,0.9719344003,-0.2352520385,-1.0387878398e-01,-2.3700257154e-01,3.4985851499e-01,1.80827420e+00,2.70192804e-04,1.35807965e-04
8,8,-7.9741422840e-03,2.5172068611e-02,8.6046482179e-02,1.0229150598e-01,0.3196545473,0.9475341526,0.9475341526,-0.3196545473,-1.0342651610e-01,-2.3873962297e-01,3.5140092880e-01,1.89616121e+00,2.44263134e-04,1.22769105e-04
9,8,2.1317876128e-02,4.8544094925e-02,7.6140450010e-02,9.1956953221e-02,0.4107893291,0.9117302930,0.9117302930,-0.4107893291,-5.6651463995e-02,-1.2068484733e-01,2.2440096977e-01,1.99411597e+00,1.75570400e-04,8.84121878e-05
10,8,4.5385534214e-02,6.5067340445e-02,6.5294468884e-02,8.0461765431e-02,0.5648557149,0.8251896881,0.8251896881,-0.5648557149,1.4624164934e-02,1.3181800745e-02,7.2688272156e-02,2.17105472e+00,1.05876612e-04,5.37192336e-05
11,8,6.1737102707e-02,8.1813974009e-02,4.7573839351e-02,6.8824514065e-02,0.7346901787,0.6784027870,0.6784027870,-0.7346901787,-3.7862657539e-02,-4.2322675311e-02,1.4909519094e-01,2.39600620e+00,1.47251260e-04,7.43048522e-05
12,8,7.7327373495e-02,9.8239044237e-02,2.4967237633e-02,5.1550473623e-02,0.8145290409,0.5801227814,0.5801227814,-0.8145290409,-1.3064583287e-01,-1.1695588993e-01,2.6819963496e-01,2.52271323e+00,1.97357798e-04,9.91814327e-05
13,8,9.2992127276e-02,1.1300065946e-01,-1.0766411008e-04,2.9128887227e-02,0.8647846594,0.5021429008,0.5021429008,-0.8647846594,-1.8590704501e-01,-1.5321511714e-01,3.3430015950e-01,2.61551770e+00,2.18118161e-04,1.09601942e-04
14,8,1.0744533678e-01,1.2478319289e-01,-2.5259458604e-02,3.9215626360e-03,0.9061077091,0.4230470653,0.4230470653,-0.9061077091,-1.4889530311e-01,-1.3465821599e-01,2.9289815472e-01,2.70478716e+00,2.02633578e-04,1.01915818e-04
15,8,1.1937741567e-01,1.3229088678e-01,-4.8116607616e-02,-2.1686133318e-02,0.9481250280,0.3178976741,0.3178976741,-0.9481250280,-4.1048237323e-02,-9.1340025932e-02,1.7665392193e-01,2.81808134e+00,1.55604214e-04,7.84574207e-05
16,8,1.2745749814e-01,1.3374698086e-01,-6.4899081276e-02,-4.5287554350e-02,0.9979584044,0.0638672306,0.0638672306,-0.9979584044,1.0298524322e-01,-5.7540324193e-02,2.8709257846e-02,3.07768192e+00,8.22197230e-05,4.21903756e-05
17,8,1.2001722377e-01,1.3267242308e-01,-8.2349625578e-02,-6.2744177680e-02,0.8829272358,-0.4695098468,-0.4695098468,-0.8829272358,7.8270470072e-02,-4.6417832140e-02,5.5463399490e-02,-2.65285710e+00,9.61677657e-05,4.90941902e-05
18,8,1.0521450068e-01,1.2374558457e-01,-9.8322877968e-02,-7.9167506734e-02,0.7232961302,-0.6905379845,-0.6905379845,-0.7232961302,4.8864825130e-02,-2.6086328103e-02,9.1227422372e-02,-2.37936007e+00,1.22279994e-04,6.20089629e-05
19,8,8.9029763884e-02,1.0849204027e-01,-1.0819869773e-01,-9.4671219824e-02,0.5110598920,-0.8595451046,-0.8595451046,-0.5110598920,6.9680724550e-02,-5.3466148450e-02,5.6821830071e-02,-2.10721375e+00,9.85956269e-05,5.03551279e-05
20,8,6.9200727133e-02,9.1265397415e-02,-1.1048161753e-01,-1.0355059409e-01,0.0040604294,-0.9999917564,-0.9999917564,-0.0040604294,8.1223323237e-02,-6.8965977463e-02,3.8701604375e-02,-1.57485677e+00,1.06427565e-04,5.42231256e-05
21,8,4.0728738447e-02,7.2494640557e-02,-1.0970653226e-01,-9.8717844658e-02,-0.1556152090,-0.9878177498,-0.9878177498,0.1556152090,1.2063416309e-01,2.9987162996e-01,4.0951314198e-01,-1.41454611e+00,2.10528429e-04,1.05724981e-04
22,8,9.3599616368e-03,4.4613201494e-02,-1.0563415928e-01,-9.1554135460e-02,-0.2187661113,-0.9757773253,-0.9757773253,0.2187661113,1.4101572307e-01,4.0915390992e-01,5.2068605393e-01,-1.35024655e+00,2.63733397e-04,1.32311443e-04
23,8,-2.2912135129e-02,1.3617908654e-02,-9.8787250509e-02,-8.2240851697e-02,-0.2791870144,-0.9602367474,-0.9602367474,0.2791870144,1.3906333904e-01,4.0371587938e-01,5.1493311031e-01,-1.28784897e+00,2.90295931e-04,1.45752406e-04
24,7,-5.0328915125e-02,-1.8493233972e-02,-8.9351726975e-02,-7.2466176959e-02,-0.3422176442,-0.9396207129,-0.9396207129,0.3422176442,1.1117130417e-01,3.1913959475e-01,4.2587001748e-01,-1.22152029e+00,2.54065169e-04,1.27613152e-04
25,7,-7.5590843428e-02,-4.5930182374e-02,-7.9123279872e-02,-6.1290860182e-02,-0.4144965304,-0.9100508921,-0.9100508921,0.4144965304,6.7641928476e-02,2.1225186995e-01,3.1044662289e-01,-1.14340683e+00,2.31261342e-04,1.16337310e-04
26,7,-9.7385321636e-02,-7.1337121116e-02,-6.7195926691e-02,-4.8813545742e-02,-0.5093521021,-0.8605582119,-0.8605582119,0.5093521021,1.6619624129e-02,1.1324176035e-01,1.9904140671e-01,-1.03636459e+00,1.93798907e-04,9.77575133e-05
27,7,-1.1442894032e-01,-9.3350436891e-02,-5.3719326717e-02,-3.5103689046e-02,-0.6397848488,-0.7685540627,-0.7685540627,0.6397848488,-3.2335004753e-02,4.2146101757e-02,1.1268429460e-01,-8.76578037e-01,1.49170900e-04,7.56150807e-05
28,7,-1.2501462708e-01,-1.1080286074e-01,-3.8646794886e-02,-1.9385326368e-02,-0.8467944730,-0.5319202200,-0.5319202200,0.8467944730,-7.5244337313e-02,-2.6266768259e-03,5.0755587543e-02,-5.60866589e-01,1.09412579e-04,5.60268089e-05
29,7,-1.3255277037e-01,-1.2012151956e-01,-2.2673154635e-02,3.2072816923e-03,-0.9577528403,-0.2875925883,-0.2875925883,0.9577528403,-1.2461586080e-02,2.4044607474e-02,1.1904447500e-01,-2.91712281e-01,1.63910488e-04,8.32164107e-05

DETAILED CIRCLE DATA:

Region 0 (8 circles):
Circle_Index,Center_X,Center_Y,Radius
0,-1.2970987923e-01,3.1637666579e-03,3.6231056250e-03
1,-1.3036408104e-01,6.7543270610e-03,3.6726915146e-03
2,-1.3094837158e-01,1.0403557978e-02,3.7151200462e-03
3,-1.3146225408e-01,1.4102561949e-02,3.7502758603e-03
4,-1.3190523177e-01,1.7842441514e-02,3.7780694455e-03
5,-1.3227680789e-01,2.1614299213e-02,3.7984342138e-03
6,-1.3257648568e-01,2.5409237585e-02,3.8113243692e-03
7,-1.3280376836e-01,2.9218359171e-02,3.8167134564e-03

Region 1 (8 circles):
Circle_Index,Center_X,Center_Y,Radius
0,-1.3295815918e-01,3.3032766510e-02,3.8145935126e-03
1,-1.3303916137e-01,3.6843562143e-02,3.8049747796e-03
2,-1.3304627817e-01,4.0641848609e-02,3.7878859577e-03
3,-1.3297901281e-01,4.4418728448e-02,3.7633750134e-03
4,-1.3283686852e-01,4.8165304201e-02,3.7315105804e-03
5,-1.3261934854e-01,5.1872678406e-02,3.6923840221e-03
6,-1.3232595610e-01,5.5531953604e-02,3.6461122602e-03
7,-1.3195619445e-01,5.9134232335e-02,3.5928415169e-03

Region 2 (8 circles):
Circle_Index,Center_X,Center_Y,Radius
0,-1.3150956681e-01,6.2670617139e-02,3.5327521672e-03
1,-1.3098557642e-01,6.6132210555e-02,3.4660649665e-03
2,-1.3038372652e-01,6.9510115124e-02,3.3930489984e-03
3,-1.2970352034e-01,7.2795433385e-02,3.3140317913e-03
4,-1.2894446111e-01,7.5979267879e-02,3.2294121795e-03
5,-1.2810605207e-01,7.9052721145e-02,3.1396766377e-03
6,-1.2718779646e-01,8.2006895723e-02,3.0454199868e-03
7,-1.2618919751e-01,8.4832894153e-02,2.9473715397e-03

Region 3 (8 circles):
Circle_Index,Center_X,Center_Y,Radius
0,-1.2510975846e-01,8.7521818974e-02,2.8464278677e-03
1,-1.2394898254e-01,9.0064772728e-02,2.7436933183e-03
2,-1.2270637298e-01,9.2452857954e-02,2.6405289856e-03
3,-1.2138143302e-01,9.4677177191e-02,2.5386096421e-03
4,-1.1997366590e-01,9.6728832980e-02,2.4399855929e-03
5,-1.1848257486e-01,9.8598927860e-02,2.3471416852e-03
6,-1.1690766311e-01,1.0027856437e-01,2.2630381237e-03
7,-1.1524843391e-01,1.0175884506e-01,2.1911076805e-03

Region 4 (8 circles):
Circle_Index,Center_X,Center_Y,Radius
0,-1.1350439049e-01,1.0303087245e-01,2.2783150792e-03
1,-1.1144748794e-01,1.0426354946e-01,2.4351792237e-03
2,-1.0924186214e-01,1.0538061543e-01,2.5131637709e-03
3,-1.0689357432e-01,1.0638472449e-01,2.5973529890e-03
4,-1.0440868571e-01,1.0727853074e-01,2.6858885138e-03
5,-1.0179325755e-01,1.0806468830e-01,2.7771676848e-03
6,-9.9053351080e-02,1.0874585128e-01,2.8698250719e-03
7,-9.6195027533e-02,1.0932467380e-01,2.9627062921e-03

Region 5 (8 circles):
Circle_Index,Center_X,Center_Y,Radius
0,-9.3224348146e-02,1.0980380997e-01,3.0548396262e-03
1,-9.0147374156e-02,1.1018591390e-01,3.1454086353e-03
2,-8.6970166798e-02,1.1047363971e-01,3.2337273761e-03
3,-8.3698787309e-02,1.1066964152e-01,3.3192188148e-03
4,-8.0339296925e-02,1.1077657342e-01,3.4013964783e-03
5,-7.6897756883e-02,1.1079708955e-01,3.4798490961e-03
6,-7.3380228419e-02,1.1073384401e-01,3.5542278678e-03
7,-6.9792772769e-02,1.1058949092e-01,3.6242359675e-03

Region 6 (8 circles):
Circle_Index,Center_X,Center_Y,Radius
0,-6.6141451169e-02,1.1036668438e-01,3.6896199187e-03
1,-6.2432324857e-02,1.1006807853e-01,3.7501625118e-03
2,-5.8671455067e-02,1.0969632746e-01,3.8056769892e-03
3,-5.4864903037e-02,1.0925408529e-01,3.8560022638e-03
4,-5.1018730003e-02,1.0874400614e-01,3.9009989819e-03
5,-4.7138997200e-02,1.0816874411e-01,3.9405462736e-03
6,-4.3231765866e-02,1.0753095333e-01,3.9745390658e-03
7,-3.9303097237e-02,1.0683328791e-01,4.0028858560e-03

Region 7 (8 circles):
Circle_Index,Center_X,Center_Y,Radius
0,-3.5359052549e-02,1.0607840196e-01,4.0255068645e-03
1,-3.1405693038e-02,1.0526894960e-01,4.0423324998e-03
2,-2.7449079941e-02,1.0440758493e-01,4.0533020841e-03
3,-2.3495274493e-02,1.0349696207e-01,4.0583627961e-03
4,-1.9550337932e-02,1.0253973515e-01,4.0574687982e-03
5,-1.5620331493e-02,1.0153855826e-01,4.0505805209e-03
6,-1.1711316414e-02,1.0049608553e-01,4.0376640834e-03
7,-7.8293539291e-03,9.9414971059e-02,4.0186908355e-03

Region 8 (8 circles):
Circle_Index,Center_X,Center_Y,Radius
0,-3.9805052760e-03,9.8297868974e-02,3.9936370080e-03
1,-1.7083169073e-04,9.7147433385e-02,3.9624834656e-03
2,3.5936055905e-03,9.5966318405e-02,3.9252155580e-03
3,7.3067453312e-03,9.4757178148e-02,3.8818230693e-03
4,1.0962526295e-02,9.3522666728e-02,3.8323002713e-03
5,1.4554887246e-02,9.2265438258e-02,3.7766460888e-03
6,1.8077766948e-02,9.0988146853e-02,3.7148643934e-03
7,2.1525104164e-02,8.9693446626e-02,3.6469644472e-03

Region 9 (8 circles):
Circle_Index,Center_X,Center_Y,Radius
0,2.4890837658e-02,8.8383991691e-02,3.5729615298e-03
1,2.8168906194e-02,8.7062436162e-02,3.4928777936e-03
2,3.1353248535e-02,8.5731434153e-02,3.4067434101e-03
3,3.4437803445e-02,8.4393639777e-02,3.3145980965e-03
4,3.7416509688e-02,8.3051707148e-02,3.2164931461e-03
5,4.0283306028e-02,8.1708290381e-02,3.1124941391e-03
6,4.3032131228e-02,8.0366043588e-02,3.0026845864e-03
7,4.5656924051e-02,7.9027620884e-02,2.8871708737e-03

Region 10 (8 circles):
Circle_Index,Center_X,Center_Y,Radius
0,4.8151623262e-02,7.7695676382e-02,2.7660890486e-03
1,5.0510167625e-02,7.6372864197e-02,2.6396142631e-03
2,5.2726495902e-02,7.5061838442e-02,2.5079741117e-03
3,5.4794546858e-02,7.3765253231e-02,2.3548539921e-03
4,5.6672611771e-02,7.2492309815e-02,2.3181332409e-03
5,5.8578153666e-02,7.1087409203e-02,2.4160301920e-03
6,6.0508611015e-02,6.9555214056e-02,2.5121398399e-03
7,6.2461422292e-02,6.7900387036e-02,2.6059181521e-03

Region 11 (8 circles):
Circle_Index,Center_X,Center_Y,Radius
0,6.4434025971e-02,6.6127590801e-02,2.6969232638e-03
1,6.6423860524e-02,6.4241488013e-02,2.7847942751e-03
2,6.8428364424e-02,6.2246741332e-02,2.8692347165e-03
3,7.0444976147e-02,6.0148013418e-02,2.9499996597e-03
4,7.2471134163e-02,5.7949966932e-02,3.0268856524e-03
5,7.4504276948e-02,5.5657264534e-02,3.0997228305e-03
6,7.6541842974e-02,5.3274568885e-02,3.1683687126e-03
7,7.8581270715e-02,5.0806542645e-02,3.2327032940e-03

Region 12 (8 circles):
Circle_Index,Center_X,Center_Y,Radius
0,8.0619998644e-02,4.8257848474e-02,3.2926251489e-03
1,8.2655465234e-02,4.5633149033e-02,3.3480483200e-03
2,8.4685108959e-02,4.2937106982e-02,3.3988998245e-03
3,8.6706368292e-02,4.0174384982e-02,3.4451176464e-03
4,8.8716681707e-02,3.7349645693e-02,3.4866491161e-03
5,9.0713487677e-02,3.4467551776e-02,3.5234495985e-03
6,9.2694224674e-02,3.1532765890e-02,3.5554814307e-03
7,9.4656331174e-02,2.8549950697e-02,3.5827130639e-03

Region 13 (8 circles):
Circle_Index,Center_X,Center_Y,Radius
0,9.6597245648e-02,2.5523768856e-02,3.6051183713e-03
1,9.8514406570e-02,2.2458883028e-02,3.6226760967e-03
2,1.0040525241e-01,1.9359955874e-02,3.6353694210e-03
3,1.0226722165e-01,1.6231650054e-02,3.6431856303e-03
4,1.0409775276e-01,1.3078628229e-02,3.6461158743e-03
5,1.0589428421e-01,9.9055530578e-03,3.6441550063e-03
6,1.0765425447e-01,6.7170872020e-03,3.6373014985e-03
7,1.0937510203e-01,3.5178933219e-03,3.6255574319e-03

Region 14 (8 circles):
Circle_Index,Center_X,Center_Y,Radius
0,1.1105426534e-01,3.1263407773e-04,3.6089285583e-03
1,1.1268918289e-01,-2.8940278700e-03,3.5874244390e-03
2,1.1427729315e-01,-6.0974298609e-03,3.5610586658e-03
3,1.1581603459e-01,-9.2929092345e-03,3.5298491709e-03
4,1.1730284568e-01,-1.2475803331e-02,3.4938186414e-03
5,1.1873516491e-01,-1.5641449488e-02,3.4529950518e-03
6,1.2011043073e-01,-1.8785185048e-02,3.4074123402e-03
7,1.2142608163e-01,-2.1902347348e-02,3.3571112550e-03

Region 15 (8 circles):
Circle_Index,Center_X,Center_Y,Radius
0,1.2267955608e-01,-2.4988273730e-02,3.3021404117e-03
1,1.2386829255e-01,-2.8038301531e-02,3.2425576095e-03
2,1.2498972952e-01,-3.1047768093e-02,3.1784314729e-03
3,1.2604130545e-01,-3.4012010754e-02,3.1098435027e-03
4,1.2702045883e-01,-3.6926366854e-02,3.0368906490e-03
5,1.2792462812e-01,-3.9786173732e-02,2.9596885538e-03
6,1.2875125180e-01,-4.2586768729e-02,2.8783756576e-03
7,1.2949776835e-01,-4.5323489184e-02,2.7931184322e-03

Region 16 (8 circles):
Circle_Index,Center_X,Center_Y,Radius
0,1.3016161622e-01,-4.7991672436e-02,2.7041180859e-03
1,1.3074023391e-01,-5.0586655825e-02,2.6116192080e-03
2,1.3123105988e-01,-5.3103776690e-02,2.5159209740e-03
3,1.3163153261e-01,-5.5538372372e-02,2.0945377780e-03
4,1.3178057158e-01,-5.7253672031e-02,1.7609346396e-03
5,1.3173831982e-01,-5.9053283046e-02,1.8442577206e-03
6,1.3151323329e-01,-6.0928229098e-02,1.9351932469e-03
7,1.3111376794e-01,-6.2869533870e-02,2.0295474061e-03

Region 17 (8 circles):
Circle_Index,Center_X,Center_Y,Radius
0,1.3054837972e-01,-6.4868221043e-02,2.1240433628e-03
1,1.2982552457e-01,-6.6915314299e-02,2.2161627207e-03
2,1.2895365846e-01,-6.9001837318e-02,2.3039835546e-03
3,1.2794123732e-01,-7.1118813783e-02,2.3860413602e-03
4,1.2679671712e-01,-7.3257267375e-02,2.4612189538e-03
5,1.2552855380e-01,-7.5408221775e-02,2.5286628482e-03
6,1.2414520332e-01,-7.7562700666e-02,2.5877211257e-03
7,1.2265512162e-01,-7.9711727728e-02,2.6378978504e-03

Region 18 (8 circles):
Circle_Index,Center_X,Center_Y,Radius
0,1.2106676466e-01,-8.1846326643e-02,2.6788199089e-03
1,1.1938858839e-01,-8.3957521093e-02,2.7102131441e-03
2,1.1762904876e-01,-8.6036334760e-02,2.7318854964e-03
3,1.1579660171e-01,-8.8073791324e-02,2.7437155486e-03
4,1.1389970321e-01,-9.0060914468e-02,2.7456453954e-03
5,1.1194680920e-01,-9.1988727872e-02,2.7376771745e-03
6,1.0994637563e-01,-9.3848255219e-02,2.7198729298e-03
7,1.0790685846e-01,-9.5630520190e-02,2.6923577779e-03

Region 19 (8 circles):
Circle_Index,Center_X,Center_Y,Radius
0,1.0583671363e-01,-9.7326546467e-02,2.6553266425e-03
1,1.0374439710e-01,-9.8927357730e-02,2.6090551391e-03
2,1.0163836482e-01,-1.0042397766e-01,2.5539155722e-03
3,9.9527072736e-02,-1.0180742994e-01,2.4903994759e-03
4,9.7418976802e-02,-1.0306873826e-01,2.4191487248e-03
5,9.5322532969e-02,-1.0419892629e-01,2.3409979592e-03
6,9.3246197188e-02,-1.0518901771e-01,2.2570318699e-03
7,9.1198425411e-02,-1.0603003621e-01,2.1686615271e-03

Region 20 (8 circles):
Circle_Index,Center_X,Center_Y,Radius
0,8.9187673588e-02,-1.0671300546e-01,2.0777238274e-03
1,8.7222397670e-02,-1.0722894916e-01,1.9866058599e-03
2,8.5311053609e-02,-1.0756889097e-01,1.8983888030e-03
3,8.3462097355e-02,-1.0772385459e-01,1.8169893467e-03
4,8.1683984860e-02,-1.0768486369e-01,2.3936455397e-03
5,7.8686294205e-02,-1.0742711551e-01,3.0545020176e-03
6,7.5600726073e-02,-1.0712572316e-01,3.1442438117e-03
7,7.2431177630e-02,-1.0678104459e-01,3.2304504972e-03

Region 21 (8 circles):
Circle_Index,Center_X,Center_Y,Radius
0,6.9181546042e-02,-1.0639343774e-01,3.3130945151e-03
1,6.5855728477e-02,-1.0596326055e-01,3.3921533808e-03
2,6.2457622099e-02,-1.0549087097e-01,3.4676088458e-03
3,5.8991124075e-02,-1.0497662693e-01,3.5394462378e-03
4,5.5460131572e-02,-1.0442088638e-01,3.6076539385e-03
5,5.1868541756e-02,-1.0382400725e-01,3.6722229696e-03
6,4.8220251792e-02,-1.0318634750e-01,3.7331466631e-03
7,4.4519158848e-02,-1.0250826506e-01,3.7904204005e-03

Region 22 (8 circles):
Circle_Index,Center_X,Center_Y,Radius
0,4.0769160089e-02,-1.0179011787e-01,3.8440414055e-03
1,3.6974152682e-02,-1.0103226388e-01,3.8940085827e-03
2,3.3138033792e-02,-1.0023506102e-01,3.9403223926e-03
3,2.9264700587e-02,-9.9398867244e-02,3.9829847578e-03
4,2.5358050232e-02,-9.8524040487e-02,4.0219989965e-03
5,2.1421979893e-02,-9.7610938692e-02,4.0573697789e-03
6,1.7460386738e-02,-9.6659919801e-02,4.0891031036e-03
7,1.3477167931e-02,-9.5671341755e-02,4.1172062945e-03

Region 23 (8 circles):
Circle_Index,Center_X,Center_Y,Radius
0,9.4762206402e-03,-9.4645562496e-02,4.1416880135e-03
1,5.4614420305e-03,-9.3582939965e-02,4.1625582909e-03
2,1.4367292687e-03,-9.2483832105e-02,4.1798285724e-03
3,-2.5940204792e-03,-9.1348596857e-02,4.1935117821e-03
4,-6.6269100468e-03,-9.0177592163e-02,4.2036224026e-03
5,-1.0658042268e-02,-8.8971175964e-02,4.2101765731e-03
6,-1.4683519976e-02,-8.7729706203e-02,4.2131922057e-03
7,-1.8699446006e-02,-8.6453540820e-02,4.2126891232e-03

Region 24 (7 circles):
Circle_Index,Center_X,Center_Y,Radius
0,-2.2701923190e-02,-8.5143037758e-02,4.2086892177e-03
1,-2.6687054363e-02,-8.3798554958e-02,4.2012166355e-03
2,-3.0650942358e-02,-8.2420450361e-02,4.1902979883e-03
3,-3.4589690009e-02,-8.1009081911e-02,4.1759625962e-03
4,-3.8499400150e-02,-7.9564807547e-02,4.1582427650e-03
5,-4.2376175615e-02,-7.8087985212e-02,4.1371741041e-03
6,-4.6216119237e-02,-7.6578972848e-02,4.1127958888e-03

Region 25 (7 circles):
Circle_Index,Center_X,Center_Y,Radius
0,-5.0015333850e-02,-7.5038128396e-02,4.0851514758e-03
1,-5.3769922288e-02,-7.3465809798e-02,4.0542887771e-03
2,-5.7475987384e-02,-7.1862374996e-02,4.0202608038e-03
3,-6.1129631973e-02,-7.0228181931e-02,3.9831262883e-03
4,-6.4726958889e-02,-6.8563588545e-02,3.9429503990e-03
5,-6.8264070964e-02,-6.6868952780e-02,3.8998055601e-03
6,-7.1737071033e-02,-6.5144632577e-02,3.8537723953e-03

Region 26 (7 circles):
Circle_Index,Center_X,Center_Y,Radius
0,-7.5142061929e-02,-6.3390985878e-02,3.8049408131e-03
1,-7.8475146487e-02,-6.1608370625e-02,3.7534112573e-03
2,-8.1732427539e-02,-5.9797144759e-02,3.6992961484e-03
3,-8.4910007921e-02,-5.7957666222e-02,3.6427215456e-03
4,-8.8003990465e-02,-5.6090292956e-02,3.5838290625e-03
5,-9.1010478005e-02,-5.4195382903e-02,3.5227780751e-03
6,-9.3925573375e-02,-5.2273294004e-02,3.4597482613e-03

Region 27 (7 circles):
Circle_Index,Center_X,Center_Y,Radius
0,-9.6745379409e-02,-5.0324384200e-02,3.3949425175e-03
1,-9.9465998941e-02,-4.8349011434e-02,3.3285902945e-03
2,-1.0208353480e-01,-4.6347533647e-02,3.2609513955e-03
3,-1.0459408983e-01,-4.4320308781e-02,3.1923202693e-03
4,-1.0699376686e-01,-4.2267694777e-02,3.1230308163e-03
5,-1.0927866872e-01,-4.0190049578e-02,3.0534616960e-03
6,-1.1144489824e-01,-3.8087731125e-02,2.9840420787e-03

Region 28 (7 circles):
Circle_Index,Center_X,Center_Y,Radius
0,-1.1348855827e-01,-3.5961097359e-02,2.6856975269e-03
1,-1.1506935762e-01,-3.4126157462e-02,2.4736081102e-03
2,-1.1658720041e-01,-3.2107982610e-02,2.5781427227e-03
3,-1.1804158987e-01,-2.9915470263e-02,2.6842098982e-03
4,-1.1943202923e-01,-2.7557517881e-02,2.7900408747e-03
5,-1.2075802172e-01,-2.5043022923e-02,2.8942070574e-03
6,-1.2201907060e-01,-2.2380882850e-02,2.9955564826e-03

Region 29 (7 circles):
Circle_Index,Center_X,Center_Y,Radius
0,-1.2321467908e-01,-1.9579995123e-02,3.0931595119e-03
1,-1.2434435040e-01,-1.6649257201e-02,3.1862642401e-03
2,-1.2540758780e-01,-1.3597566544e-02,3.2742607189e-03
3,-1.2640389452e-01,-1.0433820612e-02,3.3566526317e-03
4,-1.2733277379e-01,-7.1669168663e-03,3.4330350292e-03
5,-1.2819372884e-01,-3.8057527658e-03,3.5030768875e-03
6,-1.2898626291e-01,-3.5922577107e-04,3.5665074633e-03
