Region Metadata for: shape_57.txt
================================================================================

REGION DEFINITION: Circle union (one circle per point)
  Each point gets a circle with radius = average distance to neighbors

Total vertices: 182
Number of regions: 30
Points per region:
  Region 0: 7 points
  Region 1: 7 points
  Region 2: 6 points
  Region 3: 6 points
  Region 4: 6 points
  Region 5: 6 points
  Region 6: 6 points
  Region 7: 6 points
  Region 8: 6 points
  Region 9: 6 points
  Region 10: 6 points
  Region 11: 6 points
  Region 12: 6 points
  Region 13: 6 points
  Region 14: 6 points
  Region 15: 6 points
  Region 16: 6 points
  Region 17: 6 points
  Region 18: 6 points
  Region 19: 6 points
  Region 20: 6 points
  Region 21: 6 points
  Region 22: 6 points
  Region 23: 6 points
  Region 24: 6 points
  Region 25: 6 points
  Region 26: 6 points
  Region 27: 6 points
  Region 28: 6 points
  Region 29: 6 points

REGION SUMMARY:
Region_Index,Num_Points,BBox_Min_X,BBox_Max_X,BBox_Min_Y,BBox_Max_Y,Normal_X,Normal_Y,Tangent_X,Tangent_Y,Fitted_Circle_X,Fitted_Circle_Y,Fitted_Circle_Radius,Local_AoA_Rad,Union_Area,Collection_Area
0,7,-6.8267040590e-02,-3.6194422651e-02,-4.0508045913e-03,1.9856322855e-02,-0.5425013487,0.8400549307,0.8400549307,0.5425013487,-3.6821609156e-01,4.9952604208e-01,-5.8441116729e-01,9.97384469e-01,3.06300814e-04,1.52579935e-04
1,7,-4.0724144900e-02,-1.8008621104e-02,1.4408529438e-02,3.4079021810e-02,-0.6264656843,0.7794490018,0.7794490018,0.6264656843,-2.1310476699e-01,2.5205820080e-01,-2.9283171932e-01,8.93785801e-01,1.68199431e-04,8.36242930e-05
2,6,-2.2387670530e-02,-2.1000548783e-04,2.9266390268e-02,4.9140037407e-02,-0.6441130680,0.7649302946,0.7649302946,0.6441130680,4.5520702651e+00,-5.3790890819e+00,7.0839244773e+00,8.70933104e-01,1.84635920e-04,9.23461683e-05
3,6,-5.1590861964e-03,1.9054656377e-02,4.3683856050e-02,6.4980730313e-02,-0.6329573311,0.7741866810,0.7741866810,0.6329573311,6.2168971256e-01,-6.9754849555e-01,9.7124661633e-01,8.85429133e-01,2.16394584e-04,1.08399437e-04
4,6,1.3967970824e-02,3.8770637994e-02,5.9215322482e-02,7.9997755449e-02,-0.6035363922,0.7973354521,0.7973354521,0.6035363922,3.2297313672e-01,-3.2197276305e-01,4.9135108612e-01,9.22867361e-01,2.18216800e-04,1.09566128e-04
5,6,3.3963107141e-02,5.7934489628e-02,7.4241777592e-02,9.2599044498e-02,-0.5475077555,0.8368006081,0.8368006081,0.5475077555,1.8770302201e-01,-1.3264854404e-01,2.5864878460e-01,9.91413302e-01,1.91277008e-04,9.62968173e-05
6,6,5.3782984553e-02,7.5572707146e-02,8.7131264594e-02,1.0122247474e-01,-0.4398092905,0.8980911914,0.8980911914,0.4398092905,1.1795047973e-01,-1.3596956417e-02,1.2063281946e-01,1.11541001e+00,1.43907632e-04,7.28896848e-05
7,6,7.2348015853e-02,8.8692247814e-02,9.6215577702e-02,1.0360204033e-01,-0.1766272529,0.9842778132,0.9842778132,0.1766272529,8.5746655085e-02,7.6550762818e-02,2.4858203642e-02,1.39323756e+00,7.61037757e-05,3.96136002e-05
8,6,8.6696132797e-02,1.0028620487e-01,9.0490704734e-02,1.0260296920e-01,0.6406500639,0.7678329868,0.7678329868,-0.6406500639,7.6515135359e-02,7.7242504918e-02,2.6398369108e-02,2.26614092e+00,7.06991704e-05,3.68428958e-05
9,6,9.6444928820e-02,1.1005298384e-01,7.4798943631e-02,9.3857303247e-02,0.8637034695,0.5040003142,0.5040003142,-0.8637034695,3.8492719487e-02,4.6831477664e-02,7.5159246738e-02,2.61336852e+00,1.16125305e-04,5.92183037e-05
10,6,1.0505997395e-01,1.1528398090e-01,5.8116632096e-02,7.8185053750e-02,0.9559085066,0.2936646506,0.2936646506,-0.9559085066,4.2854312242e-02,4.7152742641e-02,7.1034183299e-02,2.84353438e+00,1.11939469e-04,5.71088921e-05
11,6,1.0921611383e-01,1.1562711185e-01,4.3868846268e-02,6.0810990643e-02,0.9962157245,-0.0869150750,-0.0869150750,-0.9962157245,8.9165357375e-02,5.4391705808e-02,2.4080408325e-02,-3.05456778e+00,7.62380429e-05,3.94319723e-05
12,6,1.0171066230e-01,1.1392415975e-01,2.6412945905e-02,4.6786008831e-02,0.9199568331,-0.3920196745,-0.3920196745,-0.9199568331,-6.7635682141e-04,8.3247794914e-02,1.1847439133e-01,-2.73876668e+00,1.21634283e-04,6.15894987e-05
13,6,9.0943570517e-02,1.0688377631e-01,7.9205020086e-03,3.0129951747e-02,0.8622424722,-0.5064957247,-0.5064957247,-0.8622424722,-6.8604633921e-02,1.1766190280e-01,1.9464291602e-01,-2.61047688e+00,1.57633786e-04,7.94881209e-05
14,6,7.8098176628e-02,9.6217012783e-02,-9.9056778578e-03,1.2159189527e-02,0.8065689614,-0.5911400092,-0.5911400092,-0.8065689614,-9.2398020120e-02,1.3270949217e-01,2.2279502488e-01,-2.50912114e+00,1.70099330e-04,8.56573456e-05
15,6,6.4330540376e-02,8.3062299256e-02,-2.5390064531e-02,-5.4683783164e-03,0.7402866394,-0.6722913740,-0.6722913740,-0.7402866394,-6.0446095452e-02,1.0608542358e-01,1.8119985504e-01,-2.40429295e+00,1.55482779e-04,7.83892095e-05
16,6,5.0768230078e-02,6.8582973282e-02,-3.6885620273e-02,-2.1069944813e-02,0.6385264882,-0.7695998466,-0.7695998466,-0.6385264882,-6.9269160559e-03,5.0649269055e-02,1.0411991191e-01,-2.26337842e+00,1.18601897e-04,6.00830925e-05
17,6,3.3361445626e-02,5.3974946300e-02,-4.7005192376e-02,-3.2930129106e-02,0.4716324946,-0.8817952087,-0.8817952087,-0.4716324946,-5.7281796561e-02,1.5220176496e-01,2.1697753023e-01,-2.06193752e+00,1.35417068e-04,6.81240094e-05
18,6,9.3782767856e-03,3.7744501853e-02,-5.9410427290e-02,-4.0898601897e-02,0.4459196603,-0.8950729895,-0.8950729895,-0.4459196603,-4.7330180836e-01,9.4795050464e-01,1.1148438686e+00,-2.03299779e+00,2.44751953e-04,1.22565016e-04
19,6,-1.8026617249e-02,1.4589353953e-02,-7.2292888305e-02,-5.1982378624e-02,0.4160440489,-0.9093444614,-0.9093444614,-0.4160440489,-2.9212030683e-01,5.7298438783e-01,6.9839091801e-01,-1.99988696e+00,3.15844130e-04,1.58520917e-04
20,6,-4.7135582767e-02,-1.2452357693e-02,-8.3973620244e-02,-6.4014669760e-02,0.3663334890,-0.9304836242,-0.9304836242,-0.3663334890,-2.0189931449e-01,3.6302968850e-01,4.6986034074e-01,-1.94586184e+00,3.45688428e-04,1.73780123e-04
21,6,-7.6246888537e-02,-4.1630572846e-02,-9.2789590406e-02,-7.5284113597e-02,0.2873276870,-0.9578323446,-0.9578323446,-0.2873276870,-1.4388208406e-01,1.9832631621e-01,2.9521600717e-01,-1.86223203e+00,3.30600630e-04,1.66628612e-04
22,6,-1.0369704848e-01,-7.1176995993e-02,-9.7116011247e-02,-8.4061113155e-02,0.1574335728,-0.9875295794,-0.9875295794,-0.1574335728,-1.1386980441e-01,7.2979968398e-02,1.6628741322e-01,-1.72888760e+00,2.79915046e-04,1.41859489e-04
23,6,-1.2792366012e-01,-9.9278538461e-02,-9.7291918416e-02,-8.7711446390e-02,-0.0664750752,-0.9977880859,-0.9977880859,0.0664750752,-1.0836555463e-01,-8.4621706199e-03,8.4590086435e-02,-1.50427220e+00,2.14659912e-04,1.09808642e-04
24,6,-1.4729893356e-01,-1.2400336733e-01,-9.4468207088e-02,-7.9599157468e-02,-0.4338305233,-0.9009944933,-0.9009944933,0.4338305233,-1.1639191250e-01,-4.6139992635e-02,4.5975970772e-02,-1.12205644e+00,1.64462615e-04,8.53875489e-05
25,6,-1.5247440739e-01,-1.4342620332e-01,-8.3721660922e-02,-6.7159618344e-02,-0.9515230305,-0.3075775065,-0.3075775065,0.9515230305,-1.3760749250e-01,-7.1872779094e-02,1.2484176224e-02,-3.12646070e-01,8.08602998e-05,4.38157134e-05
26,6,-1.5192151898e-01,-1.3678501673e-01,-6.9822497254e-02,-5.0042146180e-02,-0.8377621498,0.5460353289,0.5460353289,0.8377621498,-1.1254629156e-01,-8.1813559522e-02,3.9573586518e-02,5.77624445e-01,1.33381481e-04,6.91985595e-05
27,6,-1.4188026371e-01,-1.1575949189e-01,-5.5029132643e-02,-3.1577645905e-02,-0.6452898958,0.7639377922,0.7639377922,0.6452898958,-2.2998613031e-02,-1.6985924770e-01,1.6529659235e-01,8.69393629e-01,2.57995275e-04,1.30551117e-04
28,6,-1.2171295658e-01,-8.9397727998e-02,-3.8593563136e-02,-1.3341616309e-02,-0.5604610603,0.8281807773,0.8281807773,0.5604610603,1.7057171465e-01,-4.3477728653e-01,4.9345511151e-01,9.75853917e-01,3.52586973e-04,1.77148678e-04
29,6,-9.5665102411e-02,-6.2384173544e-02,-2.1258328878e-02,3.4844587793e-03,-0.5291261328,0.8485431843,0.8485431843,0.5291261328,1.1776600079e+00,-2.0249812595e+00,2.3757653951e+00,1.01322594e+00,3.61506825e-04,1.80845641e-04

DETAILED CIRCLE DATA:

Region 0 (7 circles):
Circle_Index,Center_X,Center_Y,Radius
0,-6.3204999755e-02,1.0112362437e-03,5.0620408350e-03
1,-5.8962127085e-02,3.6579638951e-03,4.9290420275e-03
2,-5.4851165643e-02,6.2452490547e-03,4.7754007161e-03
3,-5.0893400896e-02,8.7680236843e-03,4.6012330283e-03
4,-4.7110118311e-02,1.1221219745e-02,4.4067118684e-03
5,-4.3522603356e-02,1.3599769200e-02,4.1920873406e-03
6,-4.0152141497e-02,1.5898604009e-02,3.9577188463e-03

Region 1 (7 circles):
Circle_Index,Center_X,Center_Y,Radius
0,-3.7020018203e-02,1.8112656134e-02,3.7041266962e-03
1,-3.4147518941e-02,2.0236857538e-02,3.4320777335e-03
2,-3.1555929178e-02,2.2266140181e-02,3.1811739161e-03
3,-2.9176140568e-02,2.4206857310e-02,3.1370401249e-03
4,-2.6704669397e-02,2.6244716971e-02,3.2653722962e-03
5,-2.4146246579e-02,2.8372263163e-02,3.3853644887e-03
6,-2.1505603028e-02,3.0582039886e-02,3.4969819235e-03

Region 2 (6 circles):
Circle_Index,Center_X,Center_Y,Radius
0,-1.8787469657e-02,3.2866591141e-02,3.6002008730e-03
1,-1.5996577382e-02,3.5218460927e-02,3.6950064415e-03
2,-1.3137657117e-02,3.7630193244e-02,3.7813910212e-03
3,-1.0215439774e-02,4.0094332092e-02,3.8593532254e-03
4,-7.2346562690e-03,4.2603421470e-02,3.9288971715e-03
5,-4.2000375156e-03,4.5150005379e-02,3.9900320278e-03

Region 3 (6 circles):
Circle_Index,Center_X,Center_Y,Radius
0,-1.1163144279e-03,4.7726627819e-02,4.0427717684e-03
1,2.0117820799e-03,5.0325832788e-02,4.0871351002e-03
2,5.1795210938e-03,5.2940164288e-02,4.1231455401e-03
3,8.3821716996e-03,5.5562166318e-02,4.1508316317e-03
4,1.1615002983e-02,5.8184382877e-02,4.1702272999e-03
5,1.4873284030e-02,6.0799357966e-02,4.1813723468e-03

Region 4 (6 circles):
Circle_Index,Center_X,Center_Y,Radius
0,1.8152283927e-02,6.3399635585e-02,4.1843131035e-03
1,2.1447271760e-02,6.5977759733e-02,4.1791032565e-03
2,2.4753516613e-02,6.8526274411e-02,4.1658048774e-03
3,2.8066287574e-02,7.1037723617e-02,4.1444896936e-03
4,3.1380853728e-02,7.3504651352e-02,4.1152406510e-03
5,3.4692484161e-02,7.5919601616e-02,4.0781538326e-03

Region 5 (6 circles):
Circle_Index,Center_X,Center_Y,Radius
0,3.7996447959e-02,7.8275118409e-02,4.0333408175e-03
1,4.1288014207e-02,8.0563745730e-02,3.9809315892e-03
2,4.4562451993e-02,8.2778027580e-02,3.9210781334e-03
3,4.7815030400e-02,8.4910507958e-02,3.8539589066e-03
4,5.1041018516e-02,8.6953730863e-02,3.7797844138e-03
5,5.4235685427e-02,8.8900240297e-02,3.6988042010e-03

Region 6 (6 circles):
Circle_Index,Center_X,Center_Y,Radius
0,5.7394300217e-02,9.0742580259e-02,3.6113156644e-03
1,6.0512131974e-02,9.2473294748e-02,3.5176751959e-03
2,6.3584449782e-02,9.4084927764e-02,3.4183123388e-03
3,6.6606522729e-02,9.5570023308e-02,3.3137478163e-03
4,6.9573619898e-02,9.6921125379e-02,3.2046165178e-03
5,7.2481010378e-02,9.8130777977e-02,3.0916967677e-03

Region 7 (6 circles):
Circle_Index,Center_X,Center_Y,Radius
0,7.5323963253e-02,9.9191525102e-02,2.9759473995e-03
1,7.8097747609e-02,1.0009591075e-01,2.8585541981e-03
2,8.0797632533e-02,1.0083647893e-01,2.7409868982e-03
3,8.3418887109e-02,1.0140577364e-01,2.1962666958e-03
4,8.5125039751e-02,1.0152292931e-01,1.7376946036e-03
5,8.6871112311e-02,1.0126364457e-01,1.8211355032e-03

Region 8 (6 circles):
Circle_Index,Center_X,Center_Y,Radius
0,8.8646070395e-02,1.0065303160e-01,1.9499375981e-03
1,9.0438879608e-02,9.9716202581e-02,2.1035575518e-03
2,9.2238505556e-02,9.8478269705e-02,2.2663966410e-03
3,9.4033913842e-02,9.6964345151e-02,2.4275951408e-03
4,9.5814070074e-02,9.5199541106e-02,2.5798467898e-03
5,9.7567939856e-02,9.3208969752e-02,2.7182650181e-03

Region 9 (6 circles):
Circle_Index,Center_X,Center_Y,Radius
0,9.9284488793e-02,9.1017743274e-02,2.8395599725e-03
1,1.0095268249e-01,8.8650973857e-02,2.9414963001e-03
2,1.0256148655e-01,8.6133773684e-02,3.0225481477e-03
3,1.0409986659e-01,8.3491254940e-02,3.0816821468e-03
4,1.0555678820e-01,8.0748529810e-02,3.1182221008e-03
5,1.0692121699e-01,7.7930710476e-02,3.1317668459e-03

Region 10 (6 circles):
Circle_Index,Center_X,Center_Y,Radius
0,1.0818211857e-01,7.5062909125e-02,3.1221446251e-03
1,1.0932845854e-01,7.2170237939e-02,3.0893951273e-03
2,1.1034920251e-01,6.9277809104e-02,3.0337759284e-03
3,1.1123331608e-01,6.6410734803e-02,2.9557948468e-03
4,1.1196976486e-01,6.3594127221e-02,2.8562749884e-03
5,1.1254751446e-01,6.0853098541e-02,2.7364664455e-03

Region 11 (6 circles):
Circle_Index,Center_X,Center_Y,Radius
0,1.1295553047e-01,5.8212760949e-02,2.5982296933e-03
1,1.1318277850e-01,5.5698226629e-02,2.4443333506e-03
2,1.1321822417e-01,5.3334607764e-02,2.2789353799e-03
3,1.1305083306e-01,5.1147016539e-02,2.1083473659e-03
4,1.1266957080e-01,4.9160565139e-02,2.3449102328e-03
5,1.1194190451e-01,4.6594636950e-02,2.7257906815e-03

Region 12 (6 circles):
Circle_Index,Center_X,Center_Y,Radius
0,1.1108382990e-01,4.3945678977e-02,2.8403298538e-03
1,1.1010070735e-01,4.1221456557e-02,2.9489198130e-03
2,1.0899789725e-01,3.8429735026e-02,3.0510037677e-03
3,1.0778075999e-01,3.5578279721e-02,3.1461443918e-03
4,1.0645465595e-01,3.2674855976e-02,3.2339958529e-03
5,1.0502494552e-01,2.9727229129e-02,3.3142832243e-03

Region 13 (6 circles):
Circle_Index,Center_X,Center_Y,Radius
0,1.0349698908e-01,2.6743164516e-02,3.3867872317e-03
1,1.0187614702e-01,2.3730427472e-02,3.4513328791e-03
2,1.0016777971e-01,2.0696783335e-02,3.5077809263e-03
3,9.8377247559e-02,1.7649997440e-02,3.5560214844e-03
4,9.6509910936e-02,1.4597835124e-02,3.5959692081e-03
5,9.4571130230e-02,1.1548061722e-02,3.6275597135e-03

Region 14 (6 circles):
Circle_Index,Center_X,Center_Y,Radius
0,9.2566265827e-02,8.5084425713e-03,3.6507469556e-03
1,9.0500678112e-02,5.4867430078e-03,3.6655013807e-03
2,8.8379727470e-02,2.4907283675e-03,3.6718087245e-03
3,8.6208774287e-02,-4.7183601314e-04,3.6696693748e-03
4,8.3993178946e-02,-3.3931847980e-03,3.6590982537e-03
5,8.1738301835e-02,-6.2655526510e-03,3.6401252068e-03

Region 15 (6 circles):
Circle_Index,Center_X,Center_Y,Radius
0,7.9449503337e-02,-9.0811742357e-03,3.6127959193e-03
1,7.7132143838e-02,-1.1832284216e-02,3.5771734094e-03
2,7.4791583723e-02,-1.4511117256e-02,3.5333401890e-03
3,7.2433183378e-02,-1.7109908019e-02,3.4814012244e-03
4,7.0062303188e-02,-1.9620891169e-02,3.4214878872e-03
5,6.7684303537e-02,-2.2036301370e-02,3.3537631611e-03

Region 16 (6 circles):
Circle_Index,Center_X,Center_Y,Radius
0,6.5304544811e-02,-2.4348373285e-02,3.2784284717e-03
1,6.2928387395e-02,-2.6549341579e-02,3.1957326401e-03
2,6.0561191675e-02,-2.8631440915e-02,3.1059836525e-03
3,5.8208318035e-02,-3.0586905957e-02,3.0095641931e-03
4,5.5875126860e-02,-3.2407971368e-02,2.9069522356e-03
5,5.3566978537e-02,-3.4086871813e-02,2.7987484592e-03

Region 17 (6 circles):
Circle_Index,Center_X,Center_Y,Radius
0,5.1289233450e-02,-3.5615841956e-02,2.6857128498e-03
1,4.9047251984e-02,-3.6987116460e-02,2.5688135681e-03
2,4.6846394525e-02,-3.8192929988e-02,2.9628774130e-03
3,4.3808800098e-02,-3.9756127446e-02,3.5114674057e-03
4,4.0601482281e-02,-4.1405823372e-02,3.6966002494e-03
5,3.7232463837e-02,-4.3134174165e-02,3.8710182113e-03

Region 18 (6 circles):
Circle_Index,Center_X,Center_Y,Radius
0,3.3709767528e-02,-4.4933336222e-02,4.0347343245e-03
1,3.0041416117e-02,-4.6795465940e-02,4.1877676779e-03
2,2.6235432367e-02,-4.8712719717e-02,4.3301427364e-03
3,2.2299839039e-02,-5.0677253950e-02,4.4618890006e-03
4,1.8242658896e-02,-5.2681225037e-02,4.5830409075e-03
5,1.4071914701e-02,-5.4716789375e-02,4.6936379151e-03

Region 19 (6 circles):
Circle_Index,Center_X,Center_Y,Radius
0,9.7956292152e-03,-5.6776103362e-02,4.7937247379e-03
1,5.4218252021e-03,-5.8851323395e-02,4.8833517158e-03
2,9.5852542387e-04,-6.0934605871e-02,4.9625753108e-03
3,-3.5862473572e-03,-6.3018107188e-02,5.0314587328e-03
4,-8.2044703785e-03,-6.5093983743e-02,5.0900727033e-03
5,-1.2888120878e-02,-6.7154391935e-02,5.1384963708e-03

Region 20 (6 circles):
Circle_Index,Center_X,Center_Y,Radius
0,-1.7629176093e-02,-6.9191488159e-02,5.1768183994e-03
1,-2.2419613260e-02,-7.1197428814e-02,5.2051382557e-03
2,-2.7251409619e-02,-7.3164370298e-02,5.2235677280e-03
3,-3.2116542405e-02,-7.5084469006e-02,5.2322327199e-03
4,-3.7006988857e-02,-7.6949881338e-02,5.2312753692e-03
5,-4.1914726213e-02,-7.8752763690e-02,5.2208565537e-03

Region 21 (6 circles):
Circle_Index,Center_X,Center_Y,Radius
0,-4.6831731709e-02,-8.0485272460e-02,5.2011588632e-03
1,-5.1749982584e-02,-8.2139564046e-02,5.1723901274e-03
2,-5.6661456075e-02,-8.3707794844e-02,5.1347876164e-03
3,-6.1558129420e-02,-8.5182121252e-02,5.0886230483e-03
4,-6.6431979855e-02,-8.6554699668e-02,5.0342085716e-03
5,-7.1274984620e-02,-8.7817686489e-02,4.9719039174e-03

Region 22 (6 circles):
Circle_Index,Center_X,Center_Y,Radius
0,-7.6079120950e-02,-8.8963238112e-02,4.9021249573e-03
1,-8.0836366085e-02,-8.9983510936e-02,4.8253539378e-03
2,-8.5538697260e-02,-9.0870661356e-02,4.7421516977e-03
3,-9.0178091715e-02,-9.1616845772e-02,4.6531722043e-03
4,-9.4746526686e-02,-9.2214220580e-02,4.5591797445e-03
5,-9.9235979412e-02,-9.2654942177e-02,4.4610690697e-03

Region 23 (6 circles):
Circle_Index,Center_X,Center_Y,Radius
0,-1.0363842713e-01,-9.2931166962e-02,4.3598886680e-03
1,-1.0794584708e-01,-9.3035051331e-02,4.2568670849e-03
2,-1.1215021649e-01,-9.2958751682e-02,4.1534417398e-03
3,-1.1624351261e-01,-9.2694424413e-02,4.0512889080e-03
4,-1.2021771267e-01,-9.2234225921e-02,3.9523523302e-03
5,-1.2406479390e-01,-9.1570312603e-02,3.8588662125e-03

Region 24 (6 circles):
Circle_Index,Center_X,Center_Y,Radius
0,-1.2777673356e-01,-9.0694840856e-02,3.7733662317e-03
1,-1.3134550887e-01,-8.9599967079e-02,3.6986798975e-03
2,-1.3476309707e-01,-8.8277847669e-02,3.6378860503e-03
3,-1.3802147541e-01,-8.6720639022e-02,3.5942337534e-03
4,-1.4111262111e-01,-8.4920497537e-02,3.5710150870e-03
5,-1.4402851141e-01,-8.2869579612e-02,3.2704221439e-03

Region 25 (6 circles):
Circle_Index,Center_X,Center_Y,Radius
0,-1.4625398250e-01,-8.0893881738e-02,2.8277791840e-03
1,-1.4795151533e-01,-7.8820517168e-02,2.5756983046e-03
2,-1.4914239537e-01,-7.6654553939e-02,2.4165553824e-03
3,-1.4984790808e-01,-7.4401060090e-02,2.3548758080e-03
4,-1.5008933893e-01,-7.2065103658e-02,2.3850684609e-03
5,-1.4988797339e-01,-6.9651752682e-02,2.4921343384e-03

Region 26 (6 circles):
Circle_Index,Center_X,Center_Y,Radius
0,-1.4926509693e-01,-6.7166075202e-02,2.6564220528e-03
1,-1.4824199501e-01,-6.4613139254e-02,2.8587842507e-03
2,-1.4683995310e-01,-6.1998012877e-02,3.0834283205e-03
3,-1.4508025667e-01,-5.9325764110e-02,3.3184712315e-03
4,-1.4298419118e-01,-5.6601460991e-02,3.5553584267e-03
5,-1.4057304211e-01,-5.3830171559e-02,3.7880253790e-03

Region 27 (6 circles):
Circle_Index,Center_X,Center_Y,Radius
0,-1.3786809491e-01,-5.1016963851e-02,4.0121687919e-03
1,-1.3489063507e-01,-4.8166905906e-02,4.2247061303e-03
2,-1.3166194804e-01,-4.5285065763e-02,4.4233994828e-03
3,-1.2820331929e-01,-4.2376511459e-02,4.6065998487e-03
4,-1.2453603429e-01,-3.9446311033e-02,4.7730740038e-03
5,-1.2068137851e-01,-3.6499532524e-02,4.9218866195e-03

Region 28 (6 circles):
Circle_Index,Center_X,Center_Y,Radius
0,-1.1666063741e-01,-3.3541243970e-02,5.0523191662e-03
1,-1.1249509647e-01,-3.0576513409e-02,5.1638134288e-03
2,-1.0820604114e-01,-2.7610408880e-02,5.2559316609e-03
3,-1.0381475690e-01,-2.4647998420e-02,5.3283281376e-03
4,-9.9342529217e-02,-2.1694350069e-02,5.3807286400e-03
5,-9.4810643553e-02,-1.8754531864e-02,5.4129155547e-03

Region 29 (6 circles):
Circle_Index,Center_X,Center_Y,Radius
0,-9.0240385377e-02,-1.5833611844e-02,5.4247170335e-03
1,-8.5653040157e-02,-1.2936658047e-02,5.4159991625e-03
2,-8.1069893361e-02,-1.0068738512e-02,5.3866604412e-03
3,-7.6512230455e-02,-7.2349212776e-03,5.3366281232e-03
4,-7.2001336907e-02,-4.4402743810e-03,5.2658561579e-03
5,-6.7558498184e-02,-1.6898658611e-03,5.1743246404e-03
