Region Metadata for: shape_49.txt
================================================================================

REGION DEFINITION: Circle union (one circle per point)
  Each point gets a circle with radius = average distance to neighbors

Total vertices: 202
Number of regions: 30
Points per region:
  Region 0: 7 points
  Region 1: 7 points
  Region 2: 7 points
  Region 3: 7 points
  Region 4: 7 points
  Region 5: 7 points
  Region 6: 7 points
  Region 7: 7 points
  Region 8: 7 points
  Region 9: 7 points
  Region 10: 7 points
  Region 11: 7 points
  Region 12: 7 points
  Region 13: 7 points
  Region 14: 7 points
  Region 15: 7 points
  Region 16: 7 points
  Region 17: 7 points
  Region 18: 7 points
  Region 19: 7 points
  Region 20: 7 points
  Region 21: 7 points
  Region 22: 6 points
  Region 23: 6 points
  Region 24: 6 points
  Region 25: 6 points
  Region 26: 6 points
  Region 27: 6 points
  Region 28: 6 points
  Region 29: 6 points

REGION SUMMARY:
Region_Index,Num_Points,BBox_Min_X,BBox_Max_X,BBox_Min_Y,BBox_Max_Y,Normal_X,Normal_Y,Tangent_X,Tangent_Y,Fitted_Circle_X,Fitted_Circle_Y,Fitted_Circle_Radius,Local_AoA_Rad,Union_Area,Collection_Area
0,7,-9.8702182216e-02,-6.8889648412e-02,-1.8316778769e-03,3.7684415271e-02,-0.8357633940,0.5490897461,0.5490897461,0.8357633940,4.5834479496e-01,-3.3823402186e-01,6.4886933630e-01,5.81274719e-01,4.64236893e-04,2.33164577e-04
1,7,-7.6776174071e-02,-4.7455616112e-02,3.1159088976e-02,6.7134176615e-02,-0.8043078869,0.5942127759,0.5942127759,0.8043078869,5.1842836077e-01,-3.7930001116e-01,7.2164549925e-01,6.36286535e-01,4.06920245e-04,2.04143639e-04
2,7,-5.4294737226e-02,-2.8451495978e-02,6.1154463121e-02,9.0679762784e-02,-0.7725702062,0.6349293476,0.6349293476,0.7725702062,3.9851694624e-01,-2.8464871631e-01,5.6887525911e-01,6.87917066e-01,2.91306328e-04,1.46342943e-04
3,7,-3.3666642384e-02,-1.5466303125e-02,8.5834991987e-02,1.0420598853e-01,-0.7119533589,0.7022267545,0.7022267545,0.7119533589,4.6158110992e-02,2.8351329452e-02,9.7595055456e-02,7.78520361e-01,1.34112479e-04,6.79844186e-05
4,7,-1.7874066262e-02,1.8024623076e-03,1.0097902891e-01,1.0964821138e-01,-0.2402096749,0.9707210269,0.9707210269,0.2402096749,1.4706270194e-03,6.4506023521e-02,4.2325311475e-02,1.32821448e+00,9.41025232e-05,4.83654054e-05
5,7,-1.1226303647e-03,2.4590482227e-02,1.0292130732e-01,1.1028699185e-01,0.0335973578,0.9994354494,0.9994354494,-0.0335973578,7.1430575360e-03,-1.9218042503e-02,1.2633235766e-01,1.60440001e+00,1.51815742e-04,7.68609048e-05
6,7,2.1129393185e-02,4.8829872698e-02,9.8959350439e-02,1.0942267904e-01,0.1669909875,0.9859584221,0.9859584221,-0.1669909875,-4.8978749487e-03,-1.3076694128e-01,2.3855959876e-01,1.73857334e+00,1.79190199e-04,9.02536142e-05
7,7,4.5284045328e-02,7.0655200649e-02,9.3725256015e-02,1.0515161161e-01,0.2543514336,0.9671118592,0.9671118592,-0.2543514336,-1.1997577663e-02,-1.6777529214e-01,2.7623457021e-01,1.82797335e+00,1.55135842e-04,7.80317608e-05
8,7,6.7584593752e-02,8.5164420224e-02,8.9502460350e-02,9.8738695186e-02,0.3462429854,0.9381448689,0.9381448689,-0.3462429854,3.6304397366e-02,-1.8467884002e-02,1.1930266648e-01,1.92435973e+00,8.26769218e-05,4.18944206e-05
9,7,8.3386270440e-02,9.3705559468e-02,7.9415760272e-02,9.1679021581e-02,0.7905266271,0.6124276707,0.6124276707,-0.7905266271,6.6809741271e-02,6.9345528963e-02,2.7607026380e-02,2.48246475e+00,4.94084426e-05,2.54999560e-05
10,7,9.0451544266e-02,9.9591381591e-02,6.4900654436e-02,8.1756558878e-02,0.9342015238,0.3567457258,0.3567457258,-0.9342015238,1.8750917738e-02,4.4339221086e-02,8.1840815582e-02,2.77681057e+00,7.19917267e-05,3.64691364e-05
11,7,9.5768383064e-02,1.0205617748e-01,5.1617423278e-02,6.7198032799e-02,0.9795889526,0.2010111540,0.2010111540,-0.9795889526,1.4257213264e-02,4.1666539578e-02,8.6897541338e-02,2.93920262e+00,5.77883852e-05,2.92288501e-05
12,7,9.8679494448e-02,1.0365626943e-01,3.6793088191e-02,5.3245082275e-02,0.9987360553,0.0502622298,0.0502622298,-0.9987360553,-3.7088101658e-01,2.2110084840e-02,4.7235930899e-01,3.09130924e+00,6.41778416e-05,3.22179603e-05
13,7,9.8427160129e-02,1.0427715398e-01,1.7143366487e-02,3.9327483531e-02,0.9999882456,0.0048485656,0.0048485656,-0.9999882456,-1.9043458998e-01,2.6903646288e-02,2.9185303770e-01,3.13674407e+00,1.12683767e-04,5.65765201e-05
14,7,9.6862616273e-02,1.0416242629e-01,-2.8921661539e-03,2.0057943269e-02,0.9957730203,-0.0918482008,-0.0918482008,-0.9957730203,-4.8155169998e-02,2.2111936275e-02,1.4947149417e-01,-3.04961482e+00,1.21252554e-04,6.11932034e-05
15,7,9.2523667003e-02,1.0190894392e-01,-1.9405251290e-02,-9.5780792939e-05,0.9558452151,-0.2938705920,-0.2938705920,-0.9558452151,4.2506759655e-02,6.6120081669e-03,5.7436254424e-02,-2.84331893e+00,9.19751738e-05,4.69386543e-05
16,7,7.9380645115e-02,9.5899350963e-02,-3.3114184221e-02,-1.6941554762e-02,0.6953634509,-0.7186582436,-0.7186582436,-0.6953634509,6.6599805606e-02,-1.2162571206e-03,3.2580928398e-02,-2.33972184e+00,1.06702210e-04,5.43577297e-05
17,7,5.4442736464e-02,8.3929247462e-02,-5.2260944031e-02,-2.7859698598e-02,0.6030482300,-0.7977047275,-0.7977047275,-0.6030482300,-1.2239846015e+00,1.6712710568e+00,2.1449322663e+00,-2.21811319e+00,2.77879588e-04,1.39100964e-04
18,7,2.4721083912e-02,6.0234364977e-02,-7.3985146348e-02,-4.5470305980e-02,0.5855691431,-0.8106224637,-0.8106224637,-0.5855691431,-6.8472451814e-01,9.4740001285e-01,1.2422675470e+00,-2.19637831e+00,3.92229845e-04,1.96519985e-04
19,7,-7.5800830617e-03,3.1131392508e-02,-9.5722254048e-02,-6.6231229433e-02,0.5548261617,-0.8319663036,-0.8319663036,-0.5548261617,-4.4873740302e-01,6.0950317118e-01,8.3011168304e-01,-2.15895033e+00,4.48564480e-04,2.25022023e-04
20,7,-4.0266128935e-02,-1.1576650366e-03,-1.1491732396e-01,-8.7560156401e-02,0.5043610975,-0.8634928392,-0.8634928392,-0.5043610975,-2.7785409501e-01,3.3835482346e-01,5.0958897814e-01,-2.09943823e+00,4.34172681e-04,2.18276066e-04
21,7,-7.1167855385e-02,-3.4399934623e-02,-1.2904085011e-01,-1.0686390620e-01,0.4165965163,-0.9090914930,-0.9090914930,-0.4165965163,-1.6442404185e-01,1.2428091383e-01,2.6728159527e-01,-2.00049459e+00,3.56845184e-04,1.80040346e-04
22,6,-9.4648784232e-02,-6.6332766044e-02,-1.3525098270e-01,-1.2151952098e-01,0.2620673728,-0.9650495801,-0.9650495801,-0.2620673728,-1.1252984766e-01,-1.2450053872e-02,1.2096698377e-01,-1.83596015e+00,2.19978984e-04,1.11793618e-04
23,6,-1.1413627927e-01,-9.0876227587e-02,-1.3584616713e-01,-1.2832349004e-01,-0.0278035671,-0.9996134061,-0.9996134061,0.0278035671,-1.0155524141e-01,-8.2695549472e-02,4.9771345192e-02,-1.54298918e+00,1.42042826e-04,7.32499308e-05
24,6,-1.2888594022e-01,-1.1103527769e-01,-1.3370002598e-01,-1.2008187547e-01,-0.5423579487,-0.8401475200,-0.8401475200,0.5423579487,-1.0634595079e-01,-1.0577572939e-01,2.6110058306e-02,-9.97555163e-01,1.06957034e-04,5.61758773e-05
25,6,-1.3659147331e-01,-1.2477711537e-01,-1.2368102071e-01,-1.0294538667e-01,-0.9344886364,-0.3559929613,-0.3559929613,0.9344886364,-9.9927793392e-02,-1.0187266651e-01,3.3621380303e-02,-3.63976424e-01,1.24331337e-04,6.48349512e-05
26,6,-1.3747286397e-01,-1.2833199681e-01,-1.0634497842e-01,-8.0100961669e-02,-0.9978504446,0.0655323604,0.0655323604,0.9978504446,-6.0993879948e-02,-9.8397277534e-02,7.2823361328e-02,6.55793559e-02,1.80691299e-04,9.25910488e-05
27,6,-1.3584216065e-01,-1.2006148412e-01,-8.4353651690e-02,-5.3465035157e-02,-0.9560783166,0.2931113312,0.2931113312,0.9560783166,2.5174862327e-02,-1.1637689169e-01,1.6092589295e-01,2.97479486e-01,2.64755785e-04,1.34105391e-04
28,6,-1.2810301089e-01,-1.0686335232e-01,-5.8719036920e-02,-2.4697746227e-02,-0.9086923823,0.4174663511,0.4174663511,0.9086923823,1.5522250235e-01,-1.6741336325e-01,3.0067164591e-01,4.30655292e-01,3.43969446e-04,1.73320089e-04
29,6,-1.1523575876e-01,-9.0328997366e-02,-3.0743202001e-02,4.6657561311e-03,-0.8697307041,0.4935265974,0.4935265974,0.8697307041,3.0954269689e-01,-2.4724184320e-01,4.7443855862e-01,5.16139925e-01,3.95538701e-04,1.99060485e-04

DETAILED CIRCLE DATA:

Region 0 (7 circles):
Circle_Index,Center_X,Center_Y,Radius
0,-9.3030124930e-02,3.8403794095e-03,5.6720572864e-03
1,-9.0019815500e-02,8.6521511187e-03,5.6751327806e-03
2,-8.6965169319e-02,1.3434231420e-02,5.6692132754e-03
3,-8.3873230294e-02,1.8179836810e-02,5.6542369816e-03
4,-8.0751042330e-02,2.2882183783e-02,5.6301489112e-03
5,-7.7605649336e-02,2.7534488836e-02,5.5969000749e-03
6,-7.4444095218e-02,3.2129968465e-02,5.5544468055e-03

Region 1 (7 circles):
Circle_Index,Center_X,Center_Y,Radius
0,-7.1273423882e-02,3.6661839165e-02,5.5027501893e-03
1,-6.8100679236e-02,4.1123317433e-02,5.4417755911e-03
2,-6.4932905187e-02,4.5507619764e-02,5.3714922631e-03
3,-6.1777145641e-02,4.9807962653e-02,5.2918730278e-03
4,-5.8640444505e-02,5.4017562598e-02,5.2028940327e-03
5,-5.5529845687e-02,5.8129636093e-02,5.1045345723e-03
6,-5.2452393093e-02,6.2137399634e-02,4.9967769805e-03

Region 2 (7 circles):
Circle_Index,Center_X,Center_Y,Radius
0,-4.9415130629e-02,6.6034069718e-02,4.8796065971e-03
1,-4.6425102204e-02,6.9812862840e-02,4.7530118193e-03
2,-4.3489351723e-02,7.3466995497e-02,4.6169842544e-03
3,-4.0614923093e-02,7.6989684183e-02,4.4715189983e-03
4,-3.7808860222e-02,8.0374145394e-02,4.3166150816e-03
5,-3.5078207017e-02,8.3613595628e-02,4.1522761404e-03
6,-3.2430007384e-02,8.6701251378e-02,3.9785114057e-03

Region 3 (7 circles):
Circle_Index,Center_X,Center_Y,Radius
0,-2.9871305229e-02,8.9630329142e-02,3.7953371548e-03
1,-2.7409144461e-02,9.2394045415e-02,3.6027788522e-03
2,-2.5050568985e-02,9.4985616693e-02,3.4008743561e-03
3,-2.2802622710e-02,9.7398259471e-02,3.1896788185e-03
4,-2.0672349540e-02,9.9625190247e-02,2.5240465648e-03
5,-1.9214433414e-02,1.0094462997e-01,2.0023151658e-03
6,-1.7550447601e-02,1.0212184405e-01,2.0841444763e-03

Region 4 (7 circles):
Circle_Index,Center_X,Center_Y,Radius
0,-1.5691488133e-02,1.0316160704e-01,2.1825781287e-03
1,-1.3648651041e-02,1.0406869349e-01,2.2919038521e-03
2,-1.1433032356e-02,1.0484787794e-01,2.4074025435e-03
3,-9.0557281080e-03,1.0550393495e-01,2.5253082861e-03
4,-6.5278343291e-03,1.0604163905e-01,2.6426719636e-03
5,-3.8604470500e-03,1.0646576481e-01,2.7572030053e-03
6,-1.0646623015e-03,1.0678108677e-01,2.8671246091e-03

Region 5 (7 circles):
Circle_Index,Center_X,Center_Y,Radius
0,1.8484238852e-03,1.0699237947e-01,2.9710542499e-03
1,4.8677154793e-03,1.0710441747e-01,3.0679100297e-03
2,7.9821164496e-03,1.0712197531e-01,3.1568392029e-03
3,1.1180530765e-02,1.0704982754e-01,3.2371643063e-03
4,1.4451862395e-02,1.0689274872e-01,3.3083427326e-03
5,1.7785015309e-02,1.0665551338e-01,3.3699363751e-03
6,2.1168893475e-02,1.0634289608e-01,3.4215887522e-03

Region 6 (7 circles):
Circle_Index,Center_X,Center_Y,Radius
0,2.4592400862e-02,1.0595967136e-01,3.4630076772e-03
1,2.8044441439e-02,1.0551061377e-01,3.4939520489e-03
2,3.1513919176e-02,1.0500049787e-01,3.5142217181e-03
3,3.4989738042e-02,1.0443409820e-01,3.5236496659e-03
4,3.8460802005e-02,1.0381618930e-01,3.5220959350e-03
5,4.1916015034e-02,1.0315154573e-01,3.5094429035e-03
6,4.5344281099e-02,1.0244494204e-01,3.4855915998e-03

Region 7 (7 circles):
Circle_Index,Center_X,Center_Y,Radius
0,4.8734504168e-02,1.0170115277e-01,3.4504588401e-03
1,5.2075588211e-02,1.0092495247e-01,3.4039750291e-03
2,5.5356437196e-02,1.0012111569e-01,3.3460825168e-03
3,5.8565955093e-02,9.9294416972e-02,3.2767344412e-03
4,6.1693045870e-02,9.8449630875e-02,3.1958940296e-03
5,6.4726613497e-02,9.7591531942e-02,3.1035343687e-03
6,6.7655561942e-02,9.6724894722e-02,2.9996387070e-03

Region 8 (7 circles):
Circle_Index,Center_X,Center_Y,Radius
0,7.0468795175e-02,9.5854493763e-02,2.8842014232e-03
1,7.3155217165e-02,9.4985103613e-02,2.7572299087e-03
2,7.5703731880e-02,9.4121498821e-02,2.6187477962e-03
3,7.8103243290e-02,9.3268453935e-02,2.4688003029e-03
4,8.0342655363e-02,9.2430743502e-02,2.3074630759e-03
5,8.2410872069e-02,9.1613142072e-02,1.8283827782e-03
6,8.3693111398e-02,9.0973769176e-02,1.4713088261e-03

Region 9 (7 circles):
Circle_Index,Center_X,Center_Y,Radius
0,8.4941164798e-02,9.0124127224e-02,1.5548943574e-03
1,8.6153502062e-02,8.9080016312e-02,1.6479319038e-03
2,8.7328592982e-02,8.7857236534e-02,1.7439385301e-03
3,8.8464907351e-02,8.6471587986e-02,1.8381280935e-03
4,8.9560914961e-02,8.4938870762e-02,1.9270341054e-03
5,9.0615085604e-02,8.3274884958e-02,2.0081538995e-03
6,9.1625889072e-02,8.1495430667e-02,2.0796703954e-03

Region 10 (7 circles):
Circle_Index,Center_X,Center_Y,Radius
0,9.2591795159e-02,7.9616307986e-02,2.1402508925e-03
1,9.3511273655e-02,7.7653317009e-02,2.1889063096e-03
2,9.4382794354e-02,7.5622257830e-02,2.2248938289e-03
3,9.5204827048e-02,7.3538930546e-02,2.2476496016e-03
4,9.5975841529e-02,7.1419135250e-02,2.2567420454e-03
5,9.6694307589e-02,6.9278672038e-02,2.2518393008e-03
6,9.7358695022e-02,6.7133341005e-02,2.2326865695e-03

Region 11 (7 circles):
Circle_Index,Center_X,Center_Y,Radius
0,9.7967473618e-02,6.4998942245e-02,2.1990905536e-03
1,9.8519113170e-02,6.2891275854e-02,2.1509092673e-03
2,9.9012083472e-02,6.0826141926e-02,2.0880462878e-03
3,9.9444854314e-02,5.8819340557e-02,2.0104492245e-03
4,9.9815895490e-02,5.6886671840e-02,1.9181130019e-03
5,1.0012367679e-01,5.5043935872e-02,1.8110897687e-03
6,1.0036666801e-01,5.3306932747e-02,1.6895094690e-03

Region 12 (7 circles):
Circle_Index,Center_X,Center_Y,Radius
0,1.0054333894e-01,5.1691462559e-02,1.5536197154e-03
1,1.0065215937e-01,5.0213325405e-02,1.6989948987e-03
2,1.0075315130e-01,4.8300136716e-02,1.9900591470e-03
3,1.0085911153e-01,4.6238592099e-02,2.1325028248e-03
4,1.0096614804e-01,4.4040456854e-02,2.2630185444e-03
5,1.0107036885e-01,4.1717496282e-02,2.3816344412e-03
6,1.0116788194e-01,3.9281475683e-02,2.4883874919e-03

Region 13 (7 circles):
Circle_Index,Center_X,Center_Y,Radius
0,1.0125479532e-01,3.6744160358e-02,2.5833231730e-03
1,1.0132721699e-01,3.4117315606e-02,2.6664957747e-03
2,1.0138125494e-01,3.1412706729e-02,2.7379692092e-03
3,1.0141301719e-01,2.8642099027e-02,2.7978182620e-03
4,1.0141861171e-01,2.5817257800e-02,2.8461302950e-03
5,1.0139414652e-01,2.2949948349e-02,2.8830074550e-03
6,1.0133572962e-01,2.0051935974e-02,2.9085694871e-03

Region 14 (7 circles):
Circle_Index,Center_X,Center_Y,Radius
0,1.0123946899e-01,1.7134985976e-02,2.9229572934e-03
1,1.0110147265e-01,1.4210863655e-02,2.9263374348e-03
2,1.0091784859e-01,1.1291334311e-02,2.9189078413e-03
3,1.0068470481e-01,8.3881632451e-03,2.9009050892e-03
4,1.0039814931e-01,5.5131157577e-03,2.8726137259e-03
5,1.0005429009e-01,2.6779571490e-03,2.8343782873e-03
6,9.9649235146e-02,-1.0554728047e-04,2.7866188734e-03

Region 15 (7 circles):
Circle_Index,Center_X,Center_Y,Radius
0,9.9179092480e-02,-2.8256322303e-03,2.7298514373e-03
1,9.8639970090e-02,-5.4705323999e-03,2.6647143171e-03
2,9.8027975976e-02,-8.0284824891e-03,2.5920029939e-03
3,9.7339218137e-02,-1.0487717197e-02,2.5127155620e-03
4,9.6569804572e-02,-1.2836471224e-02,2.4281118172e-03
5,9.5715843280e-02,-1.5062979269e-02,2.3397888888e-03
6,9.4773442261e-02,-1.7155476031e-02,2.2497752581e-03

Region 16 (7 circles):
Circle_Index,Center_X,Center_Y,Radius
0,9.3738709513e-02,-1.9102196211e-02,2.1606414494e-03
1,9.2607753037e-02,-2.0891374508e-02,2.0756173562e-03
2,9.1376680831e-02,-2.2511245621e-02,1.9986901687e-03
3,9.0041600894e-02,-2.3950044250e-02,1.9346319961e-03
4,8.8598621226e-02,-2.5196005095e-02,2.6460417640e-03
5,8.5909753555e-02,-2.7253285715e-02,3.4858264310e-03
6,8.3062046601e-02,-2.9432782735e-02,3.6814014858e-03

Region 17 (7 circles):
Circle_Index,Center_X,Center_Y,Radius
0,8.0061951224e-02,-3.1726994836e-02,3.8672962380e-03
1,7.6915918284e-02,-3.4128420700e-02,4.0435143055e-03
2,7.3630398641e-02,-3.6629559006e-02,4.2100617190e-03
3,7.0211843153e-02,-3.9222908435e-02,4.3669465664e-03
4,6.6666702681e-02,-4.1900967669e-02,4.5141787843e-03
5,6.3001428084e-02,-4.4656235388e-02,4.6517700521e-03
6,5.9222470222e-02,-4.7481210272e-02,4.7797337581e-03

Region 18 (7 circles):
Circle_Index,Center_X,Center_Y,Radius
0,5.5336279954e-02,-5.0368391003e-02,4.8980850230e-03
1,5.1349308141e-02,-5.3310276261e-02,5.0068407686e-03
2,4.7268005642e-02,-5.6299364727e-02,5.1060198274e-03
3,4.3098823316e-02,-5.9328155082e-02,5.1956430903e-03
4,3.8848212023e-02,-6.2389146006e-02,5.2757336919e-03
5,3.4522622623e-02,-6.5474836180e-02,5.3463172359e-03
6,3.0128505976e-02,-6.8577724285e-02,5.4074220631e-03

Region 19 (7 circles):
Circle_Index,Center_X,Center_Y,Radius
0,2.5672312940e-02,-7.1690309001e-02,5.4590795681e-03
1,2.1160494376e-02,-7.4805089010e-02,5.5013245697e-03
2,1.6599501144e-02,-7.7914562992e-02,5.5341957454e-03
3,1.1995784103e-02,-8.1011229628e-02,5.5577361388e-03
4,7.3557941120e-03,-8.4087587598e-02,5.5719937547e-03
5,2.6859820316e-03,-8.7136135584e-02,5.5770222556e-03
6,-2.0072012788e-03,-9.0149372265e-02,5.5728817829e-03

Region 20 (7 circles):
Circle_Index,Center_X,Center_Y,Radius
0,-6.7173049596e-03,-9.3119796324e-02,5.5596399231e-03
1,-1.1437878151e-02,-9.6039906440e-02,5.5373728529e-03
2,-1.6162469994e-02,-9.8902201294e-02,5.5061666984e-03
3,-2.0884629628e-02,-1.0169917957e-01,5.4661191553e-03
4,-2.5597906194e-02,-1.0442333994e-01,5.4173414280e-03
5,-3.0295848832e-02,-1.0706718109e-01,5.3599605610e-03
6,-3.4972006683e-02,-1.0962320171e-01,5.2941222522e-03

Region 21 (7 circles):
Circle_Index,Center_X,Center_Y,Radius
0,-3.9619928886e-02,-1.1208390046e-01,5.2199942634e-03
1,-4.4233164583e-02,-1.1444177604e-01,5.1377705746e-03
2,-4.8805262913e-02,-1.1668932713e-01,5.0476764628e-03
3,-5.3329773018e-02,-1.1881905239e-01,4.9499747422e-03
4,-5.7800244036e-02,-1.2082345053e-01,4.8449734587e-03
5,-6.2210225109e-02,-1.2269502020e-01,4.7330354165e-03
6,-6.6553265378e-02,-1.2442626011e-01,4.6145900074e-03

Region 22 (6 circles):
Circle_Index,Center_X,Center_Y,Radius
0,-7.0822913981e-02,-1.2600966892e-01,4.4901479376e-03
1,-7.5012720060e-02,-1.2743774532e-01,4.3603195803e-03
2,-7.9116232756e-02,-1.2870298799e-01,4.2258378338e-03
3,-8.3127001208e-02,-1.2979789560e-01,4.0875864995e-03
4,-8.7038574556e-02,-1.3071496685e-01,3.9466352660e-03
5,-9.0844501942e-02,-1.3144670041e-01,3.8042822906e-03

Region 23 (6 circles):
Circle_Index,Center_X,Center_Y,Radius
0,-9.4538332505e-02,-1.3198559496e-01,3.6621049182e-03
1,-9.8113615386e-02,-1.3232414918e-01,3.5220179554e-03
2,-1.0156389972e-01,-1.3245486175e-01,3.3863366240e-03
3,-1.0488273466e-01,-1.3237023136e-01,3.2578372225e-03
4,-1.0806366934e-01,-1.3206275669e-01,3.1398020407e-03
5,-1.1110025289e-01,-1.3152493640e-01,3.0360263766e-03

Region 24 (6 circles):
Circle_Index,Center_X,Center_Y,Radius
0,-1.1398603447e-01,-1.3074926920e-01,2.9507567788e-03
1,-1.1671456321e-01,-1.2972825375e-01,2.8885267253e-03
2,-1.1927938824e-01,-1.2845438874e-01,2.8538683716e-03
3,-1.2167405872e-01,-1.2692017285e-01,2.8509148649e-03
4,-1.2389212377e-01,-1.2511810475e-01,2.8829621299e-03
5,-1.2592713255e-01,-1.2304068314e-01,2.9588076675e-03

Region 25 (6 circles):
Circle_Index,Center_X,Center_Y,Radius
0,-1.2778504023e-01,-1.2067309585e-01,3.0079248639e-03
1,-1.2938025005e-01,-1.1812491134e-01,3.0200369509e-03
2,-1.3071980590e-01,-1.1540291312e-01,3.0609519125e-03
3,-1.3181075171e-01,-1.1251388468e-01,3.1267548332e-03
4,-1.3266013137e-01,-1.0946460953e-01,3.2132936905e-03
5,-1.3327498880e-01,-1.0626187118e-01,3.3164845108e-03

Region 26 (6 circles):
Circle_Index,Center_X,Center_Y,Radius
0,-1.3366236789e-01,-1.0291245313e-01,3.4325252938e-03
1,-1.3382931256e-01,-9.9423138880e-02,3.5580151738e-03
2,-1.3378286671e-01,-9.5800711940e-02,3.6899972552e-03
3,-1.3353007426e-01,-9.2051955812e-02,3.8259503037e-03
4,-1.3307797910e-01,-8.8183654000e-02,3.9637517606e-03
5,-1.3243362515e-01,-8.4202590009e-02,4.1016283400e-03

Region 27 (6 circles):
Circle_Index,Center_X,Center_Y,Radius
0,-1.3160405630e-01,-8.0115547343e-02,4.2381043468e-03
1,-1.3059631648e-01,-7.5929309505e-02,4.3719532021e-03
2,-1.2941744958e-01,-7.1650660000e-02,4.5021546239e-03
3,-1.2807449951e-01,-6.7286382332e-02,4.6278581334e-03
4,-1.2657451018e-01,-6.2843260006e-02,4.7483526303e-03
5,-1.2492452549e-01,-5.8328076524e-02,4.8630413672e-03

Region 28 (6 circles):
Circle_Index,Center_X,Center_Y,Radius
0,-1.2313158936e-01,-5.3747615393e-02,4.9714215277e-03
1,-1.2120274568e-01,-4.9108660115e-02,5.0730676289e-03
2,-1.1914503837e-01,-4.4417994195e-02,5.1676180530e-03
3,-1.1696551134e-01,-3.9682401136e-02,5.2547641148e-03
4,-1.1467120848e-01,-3.4908664445e-02,5.3342411748e-03
5,-1.1226917371e-01,-3.0103567623e-02,5.4058213961e-03

Region 29 (6 circles):
Circle_Index,Center_X,Center_Y,Radius
0,-1.0976645094e-01,-2.5273894176e-02,5.4693078251e-03
1,-1.0717008406e-01,-2.0426427607e-02,5.5245295361e-03
2,-1.0448711699e-01,-1.5567951422e-02,5.5713376360e-03
3,-1.0172459364e-01,-1.0705249123e-02,5.6096019623e-03
4,-9.8889557906e-02,-5.8451042156e-03,5.6392083462e-03
5,-9.5989053701e-02,-9.9430020331e-04,5.6600563345e-03
