Region Metadata for: shape_82.txt
================================================================================

REGION DEFINITION: Circle union (one circle per point)
  Each point gets a circle with radius = average distance to neighbors

Total vertices: 226
Number of regions: 30
Points per region:
  Region 0: 8 points
  Region 1: 8 points
  Region 2: 8 points
  Region 3: 8 points
  Region 4: 8 points
  Region 5: 8 points
  Region 6: 8 points
  Region 7: 8 points
  Region 8: 8 points
  Region 9: 8 points
  Region 10: 8 points
  Region 11: 8 points
  Region 12: 8 points
  Region 13: 8 points
  Region 14: 8 points
  Region 15: 8 points
  Region 16: 7 points
  Region 17: 7 points
  Region 18: 7 points
  Region 19: 7 points
  Region 20: 7 points
  Region 21: 7 points
  Region 22: 7 points
  Region 23: 7 points
  Region 24: 7 points
  Region 25: 7 points
  Region 26: 7 points
  Region 27: 7 points
  Region 28: 7 points
  Region 29: 7 points

REGION SUMMARY:
Region_Index,Num_Points,BBox_Min_X,BBox_Max_X,BBox_Min_Y,BBox_Max_Y,Normal_X,Normal_Y,Tangent_X,Tangent_Y,Fitted_Circle_X,Fitted_Circle_Y,Fitted_Circle_Radius,Local_AoA_Rad,Union_Area,Collection_Area
0,8,-1.1265637645e-01,-1.0136700652e-01,-5.4092371676e-04,2.9266912654e-02,-0.9809859615,0.1940787039,0.1940787039,0.9809859615,-2.1203557962e-02,-1.9771413881e-03,8.7862359892e-02,1.95318210e-01,1.88839593e-04,9.62584963e-05
1,8,-1.0617898116e-01,-8.8447600485e-02,2.6102014247e-02,4.7093276774e-02,-0.7873454510,0.6165120768,0.6165120768,0.7873454510,-7.0702036686e-02,1.5567812387e-02,3.5232139432e-02,6.64305000e-01,1.30628739e-04,6.73838242e-05
2,8,-9.2190116487e-02,-6.3973137776e-02,4.2754809055e-02,6.1219464622e-02,-0.4764274756,0.8792137741,0.8792137741,0.4764274756,-2.8371934689e-02,-4.1025530731e-02,1.0603011608e-01,1.07420943e+00,1.99461901e-04,1.01360691e-04
3,8,-6.8067723891e-02,-3.2248936384e-02,5.5006921504e-02,7.1772109560e-02,-0.2955837117,0.9553168424,0.9553168424,0.2955837117,1.6385997742e-02,-1.5333480990e-01,2.2700333266e-01,1.27072985e+00,2.81960457e-04,1.42286935e-04
4,8,-3.6764624603e-02,3.9156754075e-03,6.4002962109e-02,7.9033907747e-02,-0.1837402591,0.9829748304,0.9829748304,0.1837402591,5.7116654516e-02,-3.2356655850e-01,4.0207794270e-01,1.38600618e+00,3.47438383e-04,1.74692641e-04
5,8,-8.5183492309e-04,4.1792319858e-02,7.0263939008e-02,8.3368505879e-02,-0.1083996029,0.9941074017,0.9941074017,0.1083996029,8.4832313624e-02,-5.1439803263e-01,5.9492994450e-01,1.46218330e+00,3.74713293e-04,1.88089836e-04
6,8,3.7029668913e-02,7.8679269902e-02,7.4240900406e-02,8.5166201332e-02,-0.0521401666,0.9986397764,0.9986397764,0.0521401666,9.6176583589e-02,-6.5235681095e-01,7.3336076360e-01,1.51863251e+00,3.55145267e-04,1.78147797e-04
7,8,7.4215453639e-02,1.1188524703e-01,7.6361437474e-02,8.5267891527e-02,-0.0043772635,0.9999904197,0.9999904197,0.0043772635,9.6509136330e-02,-6.3840962029e-01,7.1942742575e-01,1.56641905e+00,2.90321251e-04,1.45506866e-04
8,8,1.0803164545e-01,1.3872450926e-01,7.6785510327e-02,8.4655414748e-02,0.0450211539,0.9989860338,0.9989860338,-0.0450211539,1.0163884329e-01,-4.1416065057e-01,4.9511227935e-01,1.61583270e+00,1.94039937e-04,9.73388143e-05
9,8,1.3579901955e-01,1.4571770163e-01,7.4739385033e-02,8.2399690735e-02,0.5374841399,0.8432738579,0.8432738579,-0.5374841399,1.4081310546e-01,7.5767897087e-02,4.1158116796e-03,2.13824715e+00,4.22413091e-05,2.21764745e-05
10,8,1.2894739869e-01,1.4514522867e-01,6.2088481015e-02,7.6178312384e-02,0.6354018139,-0.7721816722,-0.7721816722,-0.6354018139,9.8677361910e-02,1.1821443984e-01,6.2661493552e-02,-2.25932510e+00,8.48594183e-05,4.31253380e-05
11,8,1.0498342092e-01,1.3248047784e-01,4.6703466317e-02,6.6436130147e-02,0.5297969819,-0.8481244944,-0.8481244944,-0.5297969819,-1.8322798177e-01,5.4155836272e-01,5.7134226756e-01,-2.12915750e+00,1.99681868e-04,1.00166488e-04
12,8,8.0781171928e-02,1.0922576958e-01,3.2293472481e-02,5.2218364057e-02,0.5162595895,-0.8564321551,-0.8564321551,-0.5162595895,1.1785606258e+00,-1.7579272454e+00,-2.1010932558e+00,-2.11327407e+00,2.10016927e-04,1.04899646e-04
13,8,6.4768380124e-02,8.4464175647e-02,2.1790320551e-02,3.7006849886e-02,0.5678414070,-0.8231379815,-0.8231379815,-0.5678414070,1.5655723430e-01,-9.1178519632e-02,-1.4591614702e-01,-2.17467741e+00,1.09005087e-04,5.41956488e-05
14,8,4.8912623904e-02,6.7388530654e-02,9.3836482497e-03,2.4782644747e-02,0.6119891427,-0.7908661639,-0.7908661639,-0.6119891427,-2.4433965361e+00,3.2515231474e+00,4.0888967874e+00,-2.22936962e+00,9.99155085e-05,4.99782390e-05
15,8,3.0975797146e-02,5.2162723491e-02,-4.6525021731e-03,1.3117195135e-02,0.6153688726,-0.7882392724,-0.7882392724,-0.6153688726,1.1475220131e+00,-1.4125399226e+00,-1.7973672157e+00,-2.23365018e+00,1.31510822e-04,6.57373397e-05
16,7,1.5356190632e-02,3.4497630023e-02,-1.7276673336e-02,-6.6126169126e-04,0.6302117557,-0.7764233014,-0.7764233014,-0.6302117557,5.2355799224e-01,-6.2350765841e-01,-7.9142740058e-01,-2.25262224e+00,1.20932630e-04,6.03518197e-05
17,7,1.3952548942e-03,1.8824789049e-02,-2.9335568521e-02,-1.3453748136e-02,0.6572865850,-0.7536407268,-0.7536407268,-0.6572865850,2.6869936707e-01,-3.1833626554e-01,-3.9382331647e-01,-2.28800900e+00,1.04666215e-04,5.21825215e-05
18,7,-9.5177339956e-03,4.5469683191e-03,-4.0111512769e-02,-2.6040552150e-02,0.7073397120,-0.7068737736,-0.7068737736,-0.7073397120,1.1180902472e-01,-1.4780680295e-01,-1.6208484009e-01,-2.35652396e+00,7.45195157e-05,3.69906086e-05
19,7,-2.0975181686e-02,-6.5464027172e-03,-5.7000087913e-02,-3.7389243927e-02,0.8450731052,-0.5346507710,-0.5346507710,-0.8450731052,7.1302187978e-02,-9.9944414328e-02,-1.0029043260e-01,-2.57749821e+00,1.14565061e-04,5.65332509e-05
20,7,-3.2632903699e-02,-1.5953665393e-02,-7.9793187520e-02,-5.3329375803e-02,0.8964175425,-0.4432105476,-0.4432105476,-0.8964175425,4.9947607683e-01,-3.2479772618e-01,-5.8397388423e-01,-2.68241561e+00,1.88543279e-04,9.40421135e-05
21,7,-4.3992407473e-02,-2.6707336827e-02,-1.0330712081e-01,-7.5650852548e-02,0.8988617463,-0.4382323140,-0.4382323140,-0.8988617463,-8.1832162318e-01,2.9163592862e-01,8.7083685221e-01,-2.68796151e+00,2.04792572e-04,1.02606624e-04
22,7,-5.4678515219e-02,-3.8455786484e-02,-1.2248151179e-01,-9.9316845412e-02,0.8628342493,-0.5054869516,-0.5054869516,-0.8628342493,-1.9002206443e-01,-2.7686813880e-02,1.6599968133e-01,-2.61164642e+00,1.53528424e-04,7.74737114e-05
23,7,-6.4566540142e-02,-5.0754348495e-02,-1.3250647544e-01,-1.1919749031e-01,0.6874589144,-0.7262232722,-0.7262232722,-0.6874589144,-7.7985249410e-02,-1.0572756466e-01,2.9342150293e-02,-2.32878052e+00,7.17598868e-05,3.71152558e-05
24,7,-7.5930850434e-02,-6.2813152127e-02,-1.3318455477e-01,-1.2540038549e-01,-0.3613199853,-0.9324418847,-0.9324418847,0.3613199853,-6.6211417702e-02,-1.2299128466e-01,8.6636187100e-03,-1.20111320e+00,4.90505610e-05,2.61974402e-05
25,7,-8.8607356509e-02,-7.2567443218e-02,-1.2864200131e-01,-1.0760726786e-01,-0.8317135139,-0.5552050350,-0.5552050350,0.8317135139,-1.4439354956e-02,-7.4793646101e-02,7.9484214698e-02,-5.88609467e-01,1.34029608e-04,6.82078340e-05
26,7,-9.9515685888e-02,-8.3294516453e-02,-1.1143326685e-01,-8.2913823828e-02,-0.9239491464,-0.3825153264,-0.3825153264,0.9239491464,7.4019939478e-02,-2.9176689989e-02,1.7907151155e-01,-3.92517132e-01,2.09740224e-04,1.05921182e-04
27,7,-1.0775525605e-01,-9.2685602895e-02,-8.7187630946e-02,-5.4289939909e-02,-0.9649739583,-0.2623456875,-0.2623456875,0.9649739583,1.5060159899e-01,-2.7271866459e-03,2.6011068547e-01,-2.65452232e-01,2.61109154e-04,1.31522294e-04
28,7,-1.1250489534e-01,-1.0000905979e-01,-5.8706040341e-02,-2.4626091744e-02,-0.9883278935,-0.1523416388,-0.1523416388,0.9883278935,1.4944136446e-01,-2.1606614827e-03,2.5909355821e-01,-1.52937136e-01,2.70191211e-04,1.36206242e-04
29,7,-1.1334847687e-01,-1.0446709276e-01,-2.8855593404e-02,3.2244448051e-03,-0.9997682743,-0.0215266728,-0.0215266728,0.9997682743,7.3828109929e-02,-8.5869885702e-03,1.8318838497e-01,-2.15283358e-02,2.35800330e-04,1.19345255e-04

DETAILED CIRCLE DATA:

Region 0 (8 circles):
Circle_Index,Center_X,Center_Y,Radius
0,-1.0894037433e-01,3.1750784016e-03,3.7160021184e-03
1,-1.0860353102e-01,6.8310787490e-03,3.6245223282e-03
2,-1.0816539768e-01,1.0381708610e-02,3.5284370543e-03
3,-1.0762362276e-01,1.3818583478e-02,3.4283752207e-03
4,-1.0697585471e-01,1.7133318846e-02,3.3250942168e-03
5,-1.0621974199e-01,2.0317530205e-02,3.2195081693e-03
6,-1.0535293304e-01,2.3362833050e-02,3.1127217832e-03
7,-1.0437307631e-01,2.6260842872e-02,3.0060697825e-03

Region 1 (8 circles):
Circle_Index,Center_X,Center_Y,Radius
0,-1.0327782024e-01,2.9003175165e-02,2.9011609173e-03
1,-1.0206481330e-01,3.1581445421e-02,2.7999235164e-03
2,-1.0073170392e-01,3.3987269132e-02,2.7046462791e-03
3,-9.9276140559e-02,3.6212261793e-02,2.6180031822e-03
4,-9.7695771662e-02,3.8248038895e-02,2.5430455316e-03
5,-9.5988245679e-02,4.0086215932e-02,2.7253585784e-03
6,-9.3831976908e-02,4.2087425411e-02,2.9825048901e-03
7,-9.1513394587e-02,4.4027482671e-02,3.0657941027e-03

Region 2 (8 circles):
Circle_Index,Center_X,Center_Y,Radius
0,-8.9037737313e-02,4.5907188229e-02,3.1523791740e-03
1,-8.6410243680e-02,4.7727342599e-02,3.2412025677e-03
2,-8.3636152283e-02,4.9488746297e-02,3.3313383218e-03
3,-8.0720701715e-02,5.1192199839e-02,3.4219800593e-03
4,-7.7669130572e-02,5.2838503741e-02,3.5124279400e-03
5,-7.4486677449e-02,5.4428458517e-02,3.6020757098e-03
6,-7.1178580940e-02,5.5962864684e-02,3.6903985205e-03
7,-6.7750079640e-02,5.7442522758e-02,3.7769418638e-03

Region 3 (8 circles):
Circle_Index,Center_X,Center_Y,Radius
0,-6.4206412143e-02,5.8868233253e-02,3.8613117488e-03
1,-6.0552817044e-02,6.0240796685e-02,3.9431661181e-03
2,-5.6794532937e-02,6.1561013570e-02,4.0222074285e-03
3,-5.2936798418e-02,6.2829684424e-02,4.0981762848e-03
4,-4.8984852081e-02,6.4047609762e-02,4.1708460032e-03
5,-4.4943932521e-02,6.5215590099e-02,4.2400179833e-03
6,-4.0819278332e-02,6.6334425952e-02,4.3055177726e-03
7,-3.6616128109e-02,6.7404917836e-02,4.3671917246e-03

Region 4 (8 circles):
Circle_Index,Center_X,Center_Y,Radius
0,-3.2339720446e-02,6.8427866266e-02,4.4249041567e-03
1,-2.7995293939e-02,6.9404071758e-02,4.4785349344e-03
2,-2.3588087181e-02,7.0334334828e-02,4.5279774128e-03
3,-1.9123338768e-02,7.1219455990e-02,4.5731366811e-03
4,-1.4606287295e-02,7.2060235762e-02,4.6139280616e-03
5,-1.0042171355e-02,7.2857474658e-02,4.6502758253e-03
6,-5.4362295431e-03,7.3611973194e-02,4.6821120880e-03
7,-7.9370045468e-04,7.4324531885e-02,4.7093758622e-03

Region 5 (8 circles):
Circle_Index,Center_X,Center_Y,Radius
0,3.8801773160e-03,7.4995951248e-02,4.7320122391e-03
1,8.5801651743e-03,7.5627031797e-02,4.7499716816e-03
2,1.3301024525e-02,7.6218574048e-02,4.7632094129e-03
3,1.8037516775e-02,7.6771378517e-02,4.7716848850e-03
4,2.2784403328e-02,7.7286245720e-02,4.7753613176e-03
5,2.7536445590e-02,7.7763976172e-02,4.7742052955e-03
6,3.2288404967e-02,7.8205370388e-02,4.7681864185e-03
7,3.7035042863e-02,7.8611228885e-02,4.7572769944e-03

Region 6 (8 circles):
Circle_Index,Center_X,Center_Y,Radius
0,4.1771120684e-02,7.8982352177e-02,4.7414517717e-03
1,4.6491399836e-02,7.9319540781e-02,4.7206877048e-03
2,5.1190641724e-02,7.9623595212e-02,4.6949637499e-03
3,5.5863607752e-02,7.9895315985e-02,4.6642606851e-03
4,6.0505059327e-02,8.0135503616e-02,4.6285609556e-03
5,6.5109757854e-02,8.0344958622e-02,4.5878485375e-03
6,6.9672464738e-02,8.0524481516e-02,4.5421088223e-03
7,7.4187941385e-02,8.0674872815e-02,4.4913285169e-03

Region 7 (8 circles):
Circle_Index,Center_X,Center_Y,Radius
0,7.8650949199e-02,8.0796933035e-02,4.4354955609e-03
1,8.3056249587e-02,8.0891462691e-02,4.3745990590e-03
2,8.7398603953e-02,8.0959262298e-02,4.3086292286e-03
3,9.1672773704e-02,8.1001132373e-02,4.2375773623e-03
4,9.5873520243e-02,8.1017873430e-02,4.1614358077e-03
5,9.9995604977e-02,8.1010285986e-02,4.0801979633e-03
6,1.0403378931e-01,8.0979170556e-02,3.9938582949e-03
7,1.0798283465e-01,8.0925327655e-02,3.9024123748e-03

Region 8 (8 circles):
Circle_Index,Center_X,Center_Y,Radius
0,1.1183750240e-01,8.0849557800e-02,3.8058569477e-03
1,1.1559255397e-01,8.0752661505e-02,3.7041900315e-03
2,1.1924275076e-01,8.0635439287e-02,3.5974110600e-03
3,1.2278285417e-01,8.0498691660e-02,3.4855210826e-03
4,1.2620762562e-01,8.0343219141e-02,3.3685230368e-03
5,1.2951182650e-01,8.0169822245e-02,3.2464221221e-03
6,1.3269021823e-01,7.9979301488e-02,3.1192263115e-03
7,1.3573756220e-01,7.9772457385e-02,2.9869470583e-03

Region 9 (8 circles):
Circle_Index,Center_X,Center_Y,Radius
0,1.3864861983e-01,7.9550090452e-02,2.8496002834e-03
1,1.4141815252e-01,7.9313001204e-02,2.1211303609e-03
2,1.4286307179e-01,7.9086280251e-02,1.2872961951e-03
3,1.4390931652e-01,7.8709580645e-02,9.7818188308e-04
4,1.4457479618e-01,7.8189871944e-02,7.8328981925e-04
5,1.4487742025e-01,7.7534123702e-02,7.5408419487e-04
6,1.4483509819e-01,7.6749305474e-02,8.8260343495e-04
7,1.4446573948e-01,7.5842386815e-02,1.1030017818e-03

Region 10 (8 circles):
Circle_Index,Center_X,Center_Y,Radius
0,1.4378725357e-01,7.4820337282e-02,1.3579751019e-03
1,1.4281754994e-01,7.3690126428e-02,1.6194447535e-03
2,1.4157453807e-01,7.2458723811e-02,1.8751616727e-03
3,1.4007612741e-01,7.1133098984e-02,2.1194180107e-03
4,1.3834022744e-01,6.9720221504e-02,2.3492895420e-03
5,1.3638474763e-01,6.8227060924e-02,2.5631467517e-03
6,1.3422759745e-01,6.6660586802e-02,2.7600171943e-03
7,1.3188668637e-01,6.5027768692e-02,2.9392876769e-03

Region 11 (8 circles):
Circle_Index,Center_X,Center_Y,Radius
0,1.2937992385e-01,6.3335576150e-02,3.1005539975e-03
1,1.2672521936e-01,6.1590978730e-02,3.2435400061e-03
2,1.2394048238e-01,5.9800945988e-02,3.3680515524e-03
3,1.2104362238e-01,5.7972447480e-02,3.4739490545e-03
4,1.1805254882e-01,5.6112452760e-02,3.5611305294e-03
5,1.1498517117e-01,5.4227931385e-02,3.6295207673e-03
6,1.1185939890e-01,5.2325852909e-02,3.6790642675e-03
7,1.0869314149e-01,5.0413186887e-02,3.7097205702e-03

Region 12 (8 circles):
Circle_Index,Center_X,Center_Y,Radius
0,1.0550430839e-01,4.8496902875e-02,3.7214611815e-03
1,1.0231080909e-01,4.6583970429e-02,3.7142676156e-03
2,9.9130553050e-02,4.4681359104e-02,3.6881302797e-03
3,9.5981449737e-02,4.2796038454e-02,3.6430480612e-03
4,9.2881408623e-02,4.0934978036e-02,3.5790285809e-03
5,8.9848339177e-02,3.9105147404e-02,3.4960891782e-03
6,8.6900150869e-02,3.7313516114e-02,3.3942588127e-03
7,8.4054753168e-02,3.5567053721e-02,3.2735812399e-03

Region 13 (8 circles):
Circle_Index,Center_X,Center_Y,Radius
0,8.1330055543e-02,3.3872729781e-02,3.1341201049e-03
1,7.8743967463e-02,3.2237513848e-02,2.9759670986e-03
2,7.6314398399e-02,3.0668375479e-02,2.7992552664e-03
3,7.4059257819e-02,2.9172284228e-02,2.6041814424e-03
4,7.1996455193e-02,2.7756209651e-02,2.3910457689e-03
5,7.0143899991e-02,2.6427121303e-02,2.1603253269e-03
6,6.8519501681e-02,2.5191988739e-02,2.0579284568e-03
7,6.6887816603e-02,2.3909757031e-02,2.1194364794e-03

Region 14 (8 circles):
Circle_Index,Center_X,Center_Y,Radius
0,6.5183151122e-02,2.2577265216e-02,2.2053795313e-03
1,6.3409936365e-02,2.1196986402e-02,2.2863170231e-03
2,6.1572603460e-02,1.9771393696e-02,2.3622439547e-03
3,5.9675583533e-02,1.8302960203e-02,2.4331567725e-03
4,5.7723307712e-02,1.6794159031e-02,2.4990530766e-03
5,5.5720207124e-02,1.5247463286e-02,2.5599314128e-03
6,5.3670712897e-02,1.3665346074e-02,2.6157911254e-03
7,5.1579256157e-02,1.2050280503e-02,2.6666322530e-03

Region 15 (8 circles):
Circle_Index,Center_X,Center_Y,Radius
0,4.9450268033e-02,1.0404739678e-02,2.7124554574e-03
1,4.7288179651e-02,8.7311967060e-03,2.7532619780e-03
2,4.5097422139e-02,7.0321246940e-03,2.7890536062e-03
3,4.2882426624e-02,5.3099967483e-03,2.8198326779e-03
4,4.0647624233e-02,3.5672859755e-03,2.8456020798e-03
5,3.8397446094e-02,1.8064654822e-03,2.8663652704e-03
6,3.6136323334e-02,3.0008374847e-05,2.8821263148e-03
7,3.3868687080e-02,-1.7596122399e-03,2.8928899331e-03

Region 16 (7 circles):
Circle_Index,Center_X,Center_Y,Radius
0,3.1598968459e-02,-3.5599232556e-03,2.8986615643e-03
1,2.9331598599e-02,-5.3684515656e-03,2.8994474466e-03
2,2.7071008628e-02,-7.1827240633e-03,2.8952547171e-03
3,2.4821629671e-02,-9.0002676422e-03,2.8860915344e-03
4,2.2587892858e-02,-1.0818609196e-02,2.8719672273e-03
5,2.0374229314e-02,-1.2635275617e-02,2.8528924764e-03
6,1.8185070168e-02,-1.4447793801e-02,2.8288795357e-03

Region 17 (7 circles):
Circle_Index,Center_X,Center_Y,Radius
0,1.6024846546e-02,-1.6253690639e-02,2.7999425029e-03
1,1.3897989576e-02,-1.8050493025e-02,2.7660976518e-03
2,1.1808930386e-02,-1.9835727853e-02,2.7273638421e-03
3,9.7621001018e-03,-2.1606922017e-02,2.6837630278e-03
4,7.7619298515e-03,-2.3361602409e-02,2.6353208934e-03
5,5.8128507623e-03,-2.5097295924e-02,2.5820676531e-03
6,3.9192939615e-03,-2.6811529454e-02,2.5240390672e-03

Region 18 (7 circles):
Circle_Index,Center_X,Center_Y,Radius
0,2.0856905764e-03,-2.8501829893e-02,2.4612777428e-03
1,3.1647173423e-04,-3.0165724135e-02,2.3938348148e-03
2,-1.3839314376e-03,-3.1800739072e-02,2.3217721446e-03
3,-3.0110878119e-03,-3.3404401599e-02,2.2451652228e-03
4,-4.5605662613e-03,-3.4974238608e-02,2.1641070534e-03
5,-6.0279356585e-03,-3.6507776994e-02,2.0787134160e-03
6,-7.4087648762e-03,-3.8002543650e-02,2.1089691193e-03

Region 19 (7 circles):
Circle_Index,Center_X,Center_Y,Radius
0,-8.8228087739e-03,-3.9665649983e-02,2.2764060566e-03
1,-1.0259809473e-02,-4.1550083207e-02,2.4596680879e-03
2,-1.1718592338e-02,-4.3641009213e-02,2.6347924749e-03
3,-1.3197982731e-02,-4.5923593897e-02,2.8001021467e-03
4,-1.4696806015e-02,-4.8383003150e-02,2.9544369823e-03
5,-1.6213887554e-02,-5.1004402866e-02,3.0969764453e-03
6,-1.7748052711e-02,-5.3772958938e-02,3.2271289746e-03

Region 20 (7 circles):
Circle_Index,Center_X,Center_Y,Radius
0,-1.9298126850e-02,-5.6673837259e-02,3.3444614561e-03
1,-2.0862935332e-02,-5.9692203723e-02,3.4486532513e-03
2,-2.2441303522e-02,-6.2813224222e-02,3.5394656309e-03
3,-2.4032056782e-02,-6.6022064651e-02,3.6167211115e-03
4,-2.5634020476e-02,-6.9303890901e-02,3.6802893295e-03
5,-2.7246019967e-02,-7.2643868866e-02,3.7300773490e-03
6,-2.8866880619e-02,-7.6027164440e-02,3.7660230802e-03

Region 21 (7 circles):
Circle_Index,Center_X,Center_Y,Radius
0,-3.0495427794e-02,-7.9438943515e-02,3.7880909663e-03
1,-3.2130486855e-02,-8.2864371984e-02,3.7962694151e-03
2,-3.3770883166e-02,-8.6288615742e-02,3.7905696707e-03
3,-3.5415442090e-02,-8.9696840680e-02,3.7710259795e-03
4,-3.7062988991e-02,-9.3074212693e-02,3.7376970409e-03
5,-3.8712349230e-02,-9.6405897673e-02,3.6906688645e-03
6,-4.0362348173e-02,-9.9677061514e-02,3.6300593003e-03

Region 22 (7 circles):
Circle_Index,Center_X,Center_Y,Radius
0,-4.2011811181e-02,-1.0287287011e-01,3.5560246967e-03
1,-4.3659563618e-02,-1.0597848935e-01,3.4687693965e-03
2,-4.5304430847e-02,-1.0897908513e-01,3.3685591619e-03
3,-4.6945238231e-02,-1.1185982335e-01,3.2557401880e-03
4,-4.8580811134e-02,-1.1460586989e-01,3.1307662536e-03
5,-5.0209974918e-02,-1.1720239065e-01,2.9942379630e-03
6,-5.1831554948e-02,-1.1963455152e-01,2.8469602710e-03

Region 23 (7 circles):
Circle_Index,Center_X,Center_Y,Radius
0,-5.3444376585e-02,-1.2188751840e-01,2.6900280902e-03
1,-5.5047265194e-02,-1.2394645718e-01,2.5249554912e-03
2,-5.6639046137e-02,-1.2579653375e-01,2.3538727473e-03
3,-5.8218544778e-02,-1.2742291401e-01,2.1798274148e-03
4,-5.9784586480e-02,-1.2881076384e-01,2.0072368791e-03
5,-6.1335996606e-02,-1.2994524915e-01,1.8425314760e-03
6,-6.2871600519e-02,-1.3081153582e-01,1.6949396236e-03

Region 24 (7 circles):
Circle_Index,Center_X,Center_Y,Radius
0,-6.4390223582e-02,-1.3139478975e-01,1.5770714547e-03
1,-6.5890691159e-02,-1.3168017683e-01,1.5043779418e-03
2,-6.7371828613e-02,-1.3165286296e-01,1.4922539590e-03
3,-6.8832461307e-02,-1.3129801402e-01,1.5510434763e-03
4,-7.0271414604e-02,-1.3060079591e-01,1.6822555859e-03
5,-7.1687513867e-02,-1.2954637453e-01,2.0917588935e-03
6,-7.3445261135e-02,-1.2788597479e-01,2.4855892988e-03

Region 25 (7 circles):
Circle_Index,Center_X,Center_Y,Radius
0,-7.5188725765e-02,-1.2602071876e-01,2.6212825472e-03
1,-7.6915556205e-02,-1.2395899096e-01,2.7569839182e-03
2,-7.8623400904e-02,-1.2170917589e-01,2.8910580952e-03
3,-8.0309908312e-02,-1.1927965806e-01,3.0222342321e-03
4,-8.1972726878e-02,-1.1667882198e-01,3.1495200033e-03
5,-8.3609505050e-02,-1.1391505216e-01,3.2721358294e-03
6,-8.5217891277e-02,-1.1099673309e-01,3.3894652319e-03

Region 26 (7 circles):
Circle_Index,Center_X,Center_Y,Radius
0,-8.6795534009e-02,-1.0793224930e-01,3.5010175557e-03
1,-8.8340081695e-02,-1.0472998528e-01,3.6063999815e-03
2,-8.9849182783e-02,-1.0139832554e-01,3.7052964551e-03
3,-9.1320485722e-02,-9.7945654595e-02,3.7974517517e-03
4,-9.2751638963e-02,-9.4380356947e-02,3.8826593648e-03
5,-9.4140290952e-02,-9.0710817105e-02,3.9607522537e-03
6,-9.5484090141e-02,-8.6945419575e-02,4.0315957468e-03

Region 27 (7 circles):
Circle_Index,Center_X,Center_Y,Radius
0,-9.6780684977e-02,-8.3092548864e-02,4.0950820820e-03
1,-9.8027723910e-02,-7.9160589481e-02,4.1511262062e-03
2,-9.9222855388e-02,-7.5157925931e-02,4.1996625531e-03
3,-1.0036372786e-01,-7.1092942723e-02,4.2406425943e-03
4,-1.0144798978e-01,-6.6974024364e-02,4.2740330123e-03
5,-1.0247328959e-01,-6.2809555360e-02,4.2998143864e-03
6,-1.0343727574e-01,-5.8607920219e-02,4.3179803105e-03

Region 28 (7 circles):
Circle_Index,Center_X,Center_Y,Radius
0,-1.0433759668e-01,-5.4377503449e-02,4.3285368921e-03
1,-1.0517190086e-01,-5.0126689556e-02,4.3315025957e-03
2,-1.0593783673e-01,-4.5863863048e-02,4.3269084170e-03
3,-1.0663305274e-01,-4.1597408432e-02,4.3147983835e-03
4,-1.0725519733e-01,-3.7335710215e-02,4.2952303985e-03
5,-1.0780191896e-01,-3.3087152905e-02,4.2682774547e-03
6,-1.0827086608e-01,-2.8860121009e-02,4.2340292645e-03

Region 29 (7 circles):
Circle_Index,Center_X,Center_Y,Radius
0,-1.0865968713e-01,-2.4662999033e-02,4.1925943708e-03
1,-1.0896603056e-01,-2.0504171485e-02,4.1441028251e-03
2,-1.0918754482e-01,-1.6392022873e-02,4.0887095462e-03
3,-1.0932187837e-01,-1.2334937704e-02,4.0265985073e-03
4,-1.0936667964e-01,-8.3413004848e-03,3.9579879391e-03
5,-1.0931959709e-01,-4.4194957225e-03,3.8831367879e-03
6,-1.0917827918e-01,-5.7790792462e-04,3.8023527298e-03
