Region Metadata for: shape_91.txt
================================================================================

REGION DEFINITION: Circle union (one circle per point)
  Each point gets a circle with radius = average distance to neighbors

Total vertices: 224
Number of regions: 30
Points per region:
  Region 0: 8 points
  Region 1: 8 points
  Region 2: 8 points
  Region 3: 8 points
  Region 4: 8 points
  Region 5: 8 points
  Region 6: 8 points
  Region 7: 8 points
  Region 8: 8 points
  Region 9: 8 points
  Region 10: 8 points
  Region 11: 8 points
  Region 12: 8 points
  Region 13: 8 points
  Region 14: 7 points
  Region 15: 7 points
  Region 16: 7 points
  Region 17: 7 points
  Region 18: 7 points
  Region 19: 7 points
  Region 20: 7 points
  Region 21: 7 points
  Region 22: 7 points
  Region 23: 7 points
  Region 24: 7 points
  Region 25: 7 points
  Region 26: 7 points
  Region 27: 7 points
  Region 28: 7 points
  Region 29: 7 points

REGION SUMMARY:
Region_Index,Num_Points,BBox_Min_X,BBox_Max_X,BBox_Min_Y,BBox_Max_Y,Normal_X,Normal_Y,Tangent_X,Tangent_Y,Fitted_Circle_X,Fitted_Circle_Y,Fitted_Circle_Radius,Local_AoA_Rad,Union_Area,Collection_Area
0,8,-1.0861754553e-01,-7.7579601417e-02,-4.3683584131e-03,3.8654680430e-02,-0.8469295450,0.5317051304,0.5317051304,0.8469295450,4.6534816418e-01,-3.3349439154e-01,6.5968267616e-01,5.60612604e-01,4.87241295e-04,2.44656876e-04
1,8,-8.5400121738e-02,-5.2849328746e-02,3.2297295624e-02,7.3083281867e-02,-0.8088291046,0.5880437735,0.5880437735,0.8088291046,4.0777152496e-01,-2.9373544332e-01,5.8971092427e-01,6.28638118e-01,4.69105217e-04,2.35529734e-04
2,8,-5.9989691095e-02,-2.7776843908e-02,6.6810101284e-02,1.0266469072e-01,-0.7580763134,0.6521658555,0.6521658555,0.7580763134,2.7096120653e-01,-1.8546589600e-01,4.1522364631e-01,7.10437980e-01,3.98920303e-04,2.00596650e-04
3,8,-3.3801741217e-02,-3.7290240700e-03,9.6790514348e-02,1.2506797321e-01,-0.6759489982,0.7369484051,0.7369484051,0.6759489982,1.3396115866e-01,-5.4521012513e-02,2.2566716487e-01,8.28544643e-01,2.93360698e-04,1.48115791e-04
4,8,-8.2789551471e-03,1.6082467964e-02,1.1983179517e-01,1.3631897667e-01,-0.4974649872,0.8674840555,0.8674840555,0.4974649872,3.7957912677e-02,7.2328192186e-02,6.6490178353e-02,1.05012227e+00,1.59137420e-04,8.16540833e-05
5,8,1.3845916069e-02,3.6245161160e-02,1.2586179571e-01,1.3667418098e-01,0.3043024199,0.9525754759,0.9525754759,-0.3043024199,1.5188275387e-02,1.0293790782e-01,3.1543759440e-02,1.88000236e+00,1.14297834e-04,5.93654333e-05
6,8,3.2618786149e-02,5.9052219655e-02,1.0669943106e-01,1.3044423109e-01,0.6521470888,0.7580924578,0.7580924578,-0.6521470888,-3.8329937605e-02,2.2000749065e-02,1.2876906600e-01,2.28120955e+00,2.18424494e-04,1.10698538e-04
7,8,5.3790399866e-02,8.1418671808e-02,8.0980986579e-02,1.1185417766e-01,0.7597616353,0.6502017053,0.6502017053,-0.7597616353,-1.8732880822e-01,-1.2126658567e-01,3.3554176808e-01,2.43374276e+00,2.94937564e-04,1.48581059e-04
8,8,7.5472730007e-02,1.0080444996e-01,5.4694260795e-02,8.6187688001e-02,0.8054614265,0.5926482013,0.5926482013,-0.8054614265,-4.2252111305e-01,-3.0547716705e-01,6.3431285095e-01,2.50724997e+00,2.81776842e-04,1.41392620e-04
9,8,9.5346215798e-02,1.1475717664e-01,3.3739362045e-02,5.9212053745e-02,0.8265206490,0.5629064014,0.5629064014,-0.8265206490,-9.0509537956e-01,-6.4210727809e-01,1.2227117090e+00,2.54369462e+00,1.79678964e-04,8.99344163e-05
10,8,1.1101957415e-01,1.2329794111e-01,1.8246273214e-02,3.6766288843e-02,0.8815952012,0.4720062513,0.4720062513,-0.8815952012,5.6967437675e-02,-4.4543143865e-03,6.8551057277e-02,2.65002755e+00,8.56171525e-05,4.32742824e-05
11,8,1.1900617318e-01,1.3109303903e-01,-4.1662921381e-03,2.1093915005e-02,0.9509338805,0.3093941741,0.3093941741,-0.9509338805,-2.5717002518e-02,-4.0374430471e-02,1.5870971385e-01,2.82703677e+00,1.41325010e-04,7.13024490e-05
12,8,1.2576929213e-01,1.3387025515e-01,-2.5966055965e-02,-1.0671594124e-03,0.9915052912,0.1300663580,0.1300663580,-0.9915052912,4.3262192473e-02,-2.5370683637e-02,8.8107077300e-02,3.01115675e+00,1.29291317e-04,6.56977521e-05
13,8,1.2492609382e-01,1.3360763519e-01,-3.9858718373e-02,-2.3545935805e-02,0.9346598124,-0.3555432957,-0.3555432957,-0.9346598124,1.1391488799e-01,-2.6618536884e-02,1.7265977549e-02,-2.77809737e+00,6.39057854e-05,3.35990847e-05
14,7,1.0738122814e-01,1.2722903397e-01,-4.6768328654e-02,-3.7112319761e-02,0.3026221408,-0.9531106126,-0.9531106126,-0.3026221408,1.0330056066e-01,4.4128212059e-03,4.8768398177e-02,-1.87823892e+00,9.81710980e-05,5.04209703e-05
15,7,8.4480716608e-02,1.1035372770e-01,-4.8750218699e-02,-4.1325080466e-02,0.0496672529,-0.9987658204,-0.9987658204,-0.0496672529,9.0979569493e-02,9.2751990775e-02,1.3805129026e-01,-1.62048402e+00,1.53891416e-04,7.78647655e-05
16,7,5.8513334645e-02,8.7986378960e-02,-4.8747701114e-02,-4.0076880491e-02,-0.0595808613,-0.9982234825,-0.9982234825,0.0595808613,9.7530057779e-02,3.5633512361e-01,4.0176297569e-01,-1.51118016e+00,1.99177897e-04,1.00034637e-04
17,7,3.1608798907e-02,6.2348801301e-02,-4.7398547537e-02,-3.7603938487e-02,-0.0913722755,-0.9958168041,-0.9958168041,0.0913722755,1.3139494040e+00,1.3706736854e+01,1.3807497956e+01,-1.47929643e+00,2.17287965e-04,1.08665661e-04
18,7,5.8375002825e-03,3.5454539796e-02,-4.4936375470e-02,-3.6127508102e-02,-0.0638109134,-0.9979620070,-0.9979620070,0.0638109134,-7.5883658628e-03,-4.7640967286e-01,-4.3705329992e-01,-1.50694203e+00,2.01242095e-04,1.00191097e-04
19,7,-1.6782049279e-02,9.3709680712e-03,-4.3386956219e-02,-3.6097518377e-02,0.0388704631,-0.9992442580,-0.9992442580,-0.0388704631,1.6159888917e-03,-1.8704704602e-01,-1.4749884532e-01,-1.60967658e+00,1.57094115e-04,7.77295898e-05
20,7,-3.7646605385e-02,-1.3777940558e-02,-4.9701153915e-02,-3.7825493320e-02,0.2952434083,-0.9554220689,-0.9554220689,-0.2952434083,-8.3193727508e-03,-9.8392311002e-02,-5.8249035247e-02,-1.87050660e+00,1.41129422e-04,6.90998094e-05
21,7,-6.4208894661e-02,-3.3610072944e-02,-6.5081816332e-02,-4.3932697695e-02,0.4977506725,-0.8673201647,-0.8673201647,-0.4977506725,8.2914625448e-02,-2.8244294201e-01,-2.6377987214e-01,-2.09179974e+00,2.65585481e-04,1.31736611e-04
22,7,-9.2624882033e-02,-5.8796916403e-02,-8.3907452949e-02,-5.8225208097e-02,0.5531535340,-0.8330793286,-0.8330793286,-0.5531535340,5.8954102394e-01,-1.0719129737e+00,-1.2018776356e+00,-2.15694122e+00,3.41964959e-04,1.70711421e-04
23,7,-1.1875470197e-01,-8.6960817277e-02,-1.0105871039e-01,-7.6946125182e-02,0.5525753795,-0.8334629266,-0.8334629266,-0.5525753795,-6.6609354011e-01,7.5878192101e-01,1.0180080457e+00,-2.15624739e+00,3.02727942e-04,1.51695156e-04
24,7,-1.3853920263e-01,-1.1402745704e-01,-1.1149694896e-01,-9.5041642582e-02,0.4806255052,-0.8769259511,-0.8769259511,-0.4806255052,-1.9701326668e-01,2.3177781894e-02,1.4550622944e-01,-2.07216419e+00,1.70438851e-04,8.61229255e-05
25,7,-1.4877650536e-01,-1.3583232692e-01,-1.1273982289e-01,-1.0736776367e-01,0.0080833626,-0.9999673291,-0.9999673291,-0.0080833626,-1.4325755460e-01,-1.0140140087e-01,9.6517345984e-03,-1.57887978e+00,4.43778888e-05,2.37437893e-05
26,7,-1.5114369948e-01,-1.4237830131e-01,-1.1012434435e-01,-8.9649445103e-02,-0.9903644783,0.1384853785,0.1384853785,0.9903644783,-1.0891514234e-01,-1.0722143163e-01,3.9555315722e-02,1.38931893e-01,1.13247412e-04,5.82145340e-05
27,7,-1.4887023341e-01,-1.3243024641e-01,-9.3528097561e-02,-6.1753618619e-02,-0.9445755070,0.3282942453,0.3282942453,0.9445755070,9.7472648167e-02,-1.6098612839e-01,2.5279664004e-01,3.34497164e-01,2.52084200e-04,1.27107739e-04
28,7,-1.3975485335e-01,-1.1817651687e-01,-6.6597581836e-02,-3.0757358643e-02,-0.9096341098,0.4154103829,0.4154103829,0.9096341098,2.6376061550e-01,-2.2847547801e-01,4.3228458619e-01,4.28393908e-01,3.38279273e-04,1.70067683e-04
29,7,-1.2603005793e-01,-1.0057699498e-01,-3.6355155130e-02,1.7336099462e-03,-0.8788755447,0.4770511261,0.4770511261,0.8788755447,4.0451389677e-01,-2.9864564354e-01,5.8957152828e-01,4.97296365e-01,4.01409489e-04,2.01666465e-04

DETAILED CIRCLE DATA:

Region 0 (8 circles):
Circle_Index,Center_X,Center_Y,Radius
0,-1.0323122670e-01,1.0179604115e-03,5.3863188246e-03
1,-1.0047498415e-01,5.6599445478e-03,5.4083832025e-03
2,-9.7670264301e-02,1.0295682457e-02,5.4254470795e-03
3,-9.4819805703e-02,1.4920552665e-02,5.4375081714e-03
4,-9.1926346910e-02,1.9529933695e-02,5.4445663308e-03
5,-8.8992626474e-02,2.4119204071e-02,5.4466235219e-03
6,-8.6021382949e-02,2.8683742318e-02,5.4436838250e-03
7,-8.3015354886e-02,3.3218926961e-02,5.4357534698e-03

Region 1 (8 circles):
Circle_Index,Center_X,Center_Y,Radius
0,-7.9977280839e-02,3.7720136523e-02,5.4228408988e-03
1,-7.6909899360e-02,4.2182749530e-02,5.4049568617e-03
2,-7.3815949001e-02,4.6602144505e-02,5.3821145421e-03
3,-7.0698168315e-02,5.0973699973e-02,5.3543297212e-03
4,-6.7559295854e-02,5.5292794458e-02,5.3216209801e-03
5,-6.4402070172e-02,5.9554806485e-02,5.2840099473e-03
6,-6.1229229820e-02,6.3755114578e-02,5.2415215970e-03
7,-5.8043513351e-02,6.7889097262e-02,5.1941846055e-03

Region 2 (8 circles):
Circle_Index,Center_X,Center_Y,Radius
0,-5.4847659319e-02,7.1952133060e-02,5.1420317761e-03
1,-5.1644406274e-02,7.5939600498e-02,5.0851005432e-03
2,-4.8436492771e-02,7.9846878100e-02,5.0234335714e-03
3,-4.5226657361e-02,8.3669344389e-02,4.9570794654e-03
4,-4.2017638597e-02,8.7402377891e-02,4.8860936153e-03
5,-3.8812175032e-02,9.1041357130e-02,4.8105392017e-03
6,-3.5613005217e-02,9.4581660630e-02,4.7304883964e-03
7,-3.2422867707e-02,9.8018666916e-02,4.6460237994e-03

Region 3 (8 circles):
Circle_Index,Center_X,Center_Y,Radius
0,-2.9244501053e-02,1.0134775451e-01,4.5572401638e-03
1,-2.6080643808e-02,1.0456430194e-01,4.4642464752e-03
2,-2.2934034524e-02,1.0766368773e-01,4.3671684652e-03
3,-1.9807411754e-02,1.1064129040e-01,4.2661516618e-03
4,-1.6703514051e-02,1.1349248848e-01,4.1613651051e-03
5,-1.3625079967e-02,1.1621266049e-01,4.0530058879e-03
6,-1.0574848055e-02,1.1879718496e-01,3.9413047243e-03
7,-7.5555568665e-03,1.2124144041e-01,3.8265327965e-03

Region 4 (8 circles):
Circle_Index,Center_X,Center_Y,Radius
0,-4.5699449552e-03,1.2354080537e-01,3.7090101919e-03
1,-1.6207508733e-03,1.2569065835e-01,3.5891163126e-03
2,1.2892868266e-03,1.2768637789e-01,3.4673027137e-03
3,4.1574295921e-03,1.2952334250e-01,3.3441089003e-03
4,6.9809388704e-03,1.3119693072e-01,3.2201816601e-03
5,9.7570761091e-03,1.3270252107e-01,2.6803402186e-03
6,1.1782351101e-02,1.3356826982e-01,2.1918497797e-03
7,1.3890668650e-02,1.3412717736e-01,2.1917993136e-03

Region 5 (8 circles):
Circle_Index,Center_X,Center_Y,Radius
0,1.6077302844e-02,1.3439070344e-01,2.2313867745e-03
1,1.8337527769e-02,1.3437030784e-01,2.3038731492e-03
2,2.0666617512e-02,1.3407745030e-01,2.4019556892e-03
3,2.3059846160e-02,1.3352359059e-01,2.5186775638e-03
4,2.5512487801e-02,1.3272018848e-01,2.6479515427e-03
5,2.8019816520e-02,1.3167870372e-01,2.7847350638e-03
6,3.0577106407e-02,1.3041059608e-01,2.9249875140e-03
7,3.3179631546e-02,1.2892732533e-01,3.0655296137e-03

Region 6 (8 circles):
Circle_Index,Center_X,Center_Y,Radius
0,3.5822666025e-02,1.2724035121e-01,3.2038798760e-03
1,3.8501483932e-02,1.2536113351e-01,3.3381041265e-03
2,4.1211359353e-02,1.2330113197e-01,3.4666904720e-03
3,4.3947566376e-02,1.2107180637e-01,3.5884506483e-03
4,4.6705379086e-02,1.1868461645e-01,3.7024442374e-03
5,4.9480071572e-02,1.1615102199e-01,3.8079212026e-03
6,5.2266917920e-02,1.1348248275e-01,3.9042785200e-03
7,5.5061192217e-02,1.1069045849e-01,3.9910274388e-03

Region 7 (8 circles):
Circle_Index,Center_X,Center_Y,Radius
0,5.7858168550e-02,1.0778640898e-01,4.0677686843e-03
1,6.0653121006e-02,1.0478179396e-01,4.1341735783e-03
2,6.3441323673e-02,1.0168807322e-01,4.1899695741e-03
3,6.6218050637e-02,9.8516706503e-02,4.2349290964e-03
4,6.8978575985e-02,9.5279153579e-02,4.2688608694e-03
5,7.1718173804e-02,9.1986874210e-02,4.2916031289e-03
6,7.4432118181e-02,8.8651328157e-02,4.3030182709e-03
7,7.7115683204e-02,8.5283975182e-02,4.3029886036e-03

Region 8 (8 circles):
Circle_Index,Center_X,Center_Y,Radius
0,7.9764142959e-02,8.1896275049e-02,4.2914129520e-03
1,8.2372771532e-02,7.8499687520e-02,4.2682039273e-03
2,8.4936843012e-02,7.5105672357e-02,4.2332857178e-03
3,8.7451631485e-02,7.1725689321e-02,4.1865922921e-03
4,8.9912411039e-02,6.8371198177e-02,4.1280659309e-03
5,9.2314455759e-02,6.5053658685e-02,4.0576560235e-03
6,9.4653039734e-02,6.1784530609e-02,3.9753180791e-03
7,9.6923437049e-02,5.8575273710e-02,3.8810129152e-03

Region 9 (8 circles):
Circle_Index,Center_X,Center_Y,Radius
0,9.9120921793e-02,5.5437347751e-02,3.7747059944e-03
1,1.0124076805e-01,5.2382212494e-02,3.6563668913e-03
2,1.0327824991e-01,4.9421327703e-02,3.5259688739e-03
3,1.0522864146e-01,4.6566153138e-02,3.3834885978e-03
4,1.0708721679e-01,4.3828148562e-02,3.2289059186e-03
5,1.0884924998e-01,4.1218773738e-02,3.0622038420e-03
6,1.1051001512e-01,3.8749488428e-02,2.8833686584e-03
7,1.1206478629e-01,3.6431752395e-02,2.6923903498e-03

Region 10 (8 circles):
Circle_Index,Center_X,Center_Y,Radius
0,1.1350883759e-01,3.4277025400e-02,2.4892634428e-03
1,1.1483744311e-01,3.2296767206e-02,2.0457182692e-03
2,1.1575230369e-01,3.0855896700e-02,1.8048911380e-03
3,1.1670235767e-01,2.9207006867e-02,1.9938880954e-03
4,1.1767996226e-01,2.7365663121e-02,2.1680274015e-03
5,1.1867747467e-01,2.5347430881e-02,2.3266962656e-03
6,1.1968725209e-01,2.3167875564e-02,2.4695250735e-03
7,1.2070165174e-01,2.0842562585e-02,2.5962893711e-03

Region 11 (8 circles):
Circle_Index,Center_X,Center_Y,Radius
0,1.2171303082e-01,1.8387057363e-02,2.7068576421e-03
1,1.2271374654e-01,1.5816925313e-02,2.8011623465e-03
2,1.2369615611e-01,1.3147731854e-02,2.8791836371e-03
3,1.2465261673e-01,1.0395042401e-02,2.9409405103e-03
4,1.2557548561e-01,7.5744223721e-03,2.9864867129e-03
5,1.2645711996e-01,4.7014371836e-03,3.0159100533e-03
6,1.2728987699e-01,1.7916522526e-03,3.0293345236e-03
7,1.2806611389e-01,-1.1393670041e-03,3.0269251340e-03

Region 12 (8 circles):
Circle_Index,Center_X,Center_Y,Radius
0,1.2877818789e-01,-4.0760551695e-03,3.0088957571e-03
1,1.2941845617e-01,-7.0028468267e-03,2.9755206794e-03
2,1.2997927596e-01,-9.9041765589e-03,2.9271510426e-03
3,1.3045300446e-01,-1.2764478949e-02,2.8642380203e-03
4,1.3083199888e-01,-1.5568188581e-02,2.7873655395e-03
5,1.3110861641e-01,-1.8299740036e-02,2.6972967863e-03
6,1.3127521428e-01,-2.0943567899e-02,2.5950408771e-03
7,1.3132414968e-01,-2.3484106753e-02,2.4819492119e-03

Region 13 (8 circles):
Circle_Index,Center_X,Center_Y,Radius
0,1.3124777982e-01,-2.5905791180e-02,2.3598553745e-03
1,1.3103846191e-01,-2.8193055764e-02,2.2312776690e-03
2,1.3068855316e-01,-3.0330335087e-02,2.0997071133e-03
3,1.3019041077e-01,-3.2302063733e-02,1.9699977707e-03
4,1.2953639195e-01,-3.4092676286e-02,1.8488390617e-03
5,1.2871885391e-01,-3.5686607327e-02,1.7451786812e-03
6,1.2773015385e-01,-3.7068291441e-02,1.6702414664e-03
7,1.2656264899e-01,-3.8222163210e-02,1.6365551634e-03

Region 14 (7 circles):
Circle_Index,Center_X,Center_Y,Radius
0,1.2520869652e-01,-3.9132657217e-02,2.0203374568e-03
1,1.2304922300e-01,-4.0200465993e-02,2.4484284093e-03
2,1.2074995856e-01,-4.1150489989e-02,2.5304406919e-03
3,1.1831692571e-01,-4.1987798030e-02,2.6178913148e-03
4,1.1575614700e-01,-4.2717458940e-02,2.7087635064e-03
5,1.1307364496e-01,-4.3344541543e-02,2.8013485421e-03
6,1.1027544213e-01,-4.3874114664e-02,2.8942139899e-03

Region 15 (7 circles):
Circle_Index,Center_X,Center_Y,Radius
0,1.0736756104e-01,-4.4311247129e-02,2.9861666624e-03
1,1.0435602422e-01,-4.4661007761e-02,3.0762159364e-03
2,1.0124685422e-01,-4.4928465385e-02,3.1635403215e-03
3,9.8046073562e-02,-4.5118688825e-02,3.2474584115e-03
4,9.4759704785e-02,-4.5236746907e-02,3.3274043773e-03
5,9.1393770424e-02,-4.5287708454e-02,3.4029076699e-03
6,8.7954293014e-02,-4.5276642292e-02,3.4735764068e-03

Region 16 (7 circles):
Circle_Index,Center_X,Center_Y,Radius
0,8.4447295090e-02,-4.5208617245e-02,3.5390838697e-03
1,8.0878799187e-02,-4.5088702137e-02,3.5991575842e-03
2,7.7254827839e-02,-4.4921965793e-02,3.6535705105e-03
3,7.3581403582e-02,-4.4713477038e-02,3.7021339567e-03
4,6.9864548950e-02,-4.4468304696e-02,3.7446918908e-03
5,6.6110286480e-02,-4.4191517592e-02,3.7811163958e-03
6,6.2324638705e-02,-4.3888184550e-02,3.8113040595e-03

Region 17 (7 circles):
Circle_Index,Center_X,Center_Y,Radius
0,5.8513628160e-02,-4.3563374396e-02,3.8351731412e-03
1,5.4683277381e-02,-4.3222155953e-02,3.8526613881e-03
2,5.0839608902e-02,-4.2869598046e-02,3.8637244088e-03
3,4.6988645259e-02,-4.2510769499e-02,3.8683345330e-03
4,4.3136408986e-02,-4.2150739139e-02,3.8664801112e-03
5,3.9288922619e-02,-4.1794575788e-02,3.8581652231e-03
6,3.5452208692e-02,-4.1447348271e-02,3.8434097844e-03

Region 18 (7 circles):
Circle_Index,Center_X,Center_Y,Radius
0,3.1632289740e-02,-4.1114125414e-02,3.8222500560e-03
1,2.7835188298e-02,-4.0799976040e-02,3.7947395766e-03
2,2.4066926901e-02,-4.0509968974e-02,3.7609505581e-03
3,2.0333528085e-02,-4.0249173041e-02,3.7209758041e-03
4,1.6641014383e-02,-4.0022657066e-02,3.6749312332e-03
5,1.2995408332e-02,-3.9835489872e-02,3.6229591177e-03
6,9.4027324656e-03,-3.9692740285e-02,3.5652321831e-03

Region 19 (7 circles):
Circle_Index,Center_X,Center_Y,Radius
0,5.8690093191e-03,-3.9599477129e-02,3.5019587521e-03
1,2.4002614274e-03,-3.9560769229e-02,3.4333891682e-03
2,-9.9748867433e-04,-3.9581685409e-02,3.3598237917e-03
3,-4.3182184513e-03,-3.9667294494e-02,3.2816229304e-03
4,-7.5559053685e-03,-3.9822665309e-02,3.1992191409e-03
5,-1.0704526891e-02,-4.0052866677e-02,3.1131324118e-03
6,-1.3758060484e-02,-4.0362967424e-02,3.0239887948e-03

Region 20 (7 circles):
Circle_Index,Center_X,Center_Y,Radius
0,-1.6710483612e-02,-4.0758036375e-02,2.9325430542e-03
1,-1.9555773741e-02,-4.1243142353e-02,2.8397057926e-03
2,-2.2287908335e-02,-4.1823354183e-02,2.7931704162e-03
3,-2.4982551566e-02,-4.2559081455e-02,2.9113174093e-03
4,-2.7851913756e-02,-4.3530559206e-02,3.1437610427e-03
5,-3.0884038266e-02,-4.4722975146e-02,3.3673977208e-03
6,-3.4066968455e-02,-4.6121516986e-02,3.5796369291e-03

Region 21 (7 circles):
Circle_Index,Center_X,Center_Y,Radius
0,-3.7388747686e-02,-4.7711372437e-02,3.7786747418e-03
1,-4.0837419319e-02,-4.9477729211e-02,3.9632271480e-03
2,-4.4401026713e-02,-5.1405775018e-02,4.1323613956e-03
3,-4.8067613231e-02,-5.3480697570e-02,4.2853873981e-03
4,-5.1825222233e-02,-5.5687684577e-02,4.4217864059e-03
5,-5.5661897079e-02,-5.8011923751e-02,4.5411632129e-03
6,-5.9565681130e-02,-6.0438602802e-02,4.6432135304e-03

Region 22 (7 circles):
Circle_Index,Center_X,Center_Y,Radius
0,-6.3524617748e-02,-6.2952909441e-02,4.7277013448e-03
1,-6.7526750292e-02,-6.5540031380e-02,4.7944429863e-03
2,-7.1560122123e-02,-6.8185156330e-02,4.8432958153e-03
3,-7.5612776603e-02,-7.0873472001e-02,4.8741501615e-03
4,-7.9672757091e-02,-7.3590166105e-02,4.8869236235e-03
5,-8.3728106949e-02,-7.6320426352e-02,4.8815571450e-03
6,-8.7766869537e-02,-7.9049440454e-02,4.8580124953e-03

Region 23 (7 circles):
Circle_Index,Center_X,Center_Y,Radius
0,-9.1777088217e-02,-8.1762396122e-02,4.8162709395e-03
1,-9.5746806347e-02,-8.4444481066e-02,4.7563330052e-03
2,-9.9664067291e-02,-8.7080882998e-02,4.6782193698e-03
3,-1.0351691441e-01,-8.9656789628e-02,4.5819730128e-03
4,-1.0729339106e-01,-9.2157388668e-02,4.4676629376e-03
5,-1.1098154060e-01,-9.4567867829e-02,4.3353899805e-03
6,-1.1456940640e-01,-9.6873414822e-02,4.1852955633e-03

Region 24 (7 circles):
Circle_Index,Center_X,Center_Y,Radius
0,-1.1804503182e-01,-9.9059217357e-02,4.0175747759e-03
1,-1.2139646021e-01,-1.0111046315e-01,3.8324960789e-03
2,-1.2461173494e-01,-1.0301233990e-01,3.6304314726e-03
3,-1.2767889937e-01,-1.0475003533e-01,3.4119037974e-03
4,-1.3058599686e-01,-1.0630873715e-01,3.1776630905e-03
5,-1.3332107076e-01,-1.0767363306e-01,2.9288141574e-03
6,-1.3587216445e-01,-1.0882991079e-01,2.6670381793e-03

Region 25 (7 circles):
Circle_Index,Center_X,Center_Y,Radius
0,-1.3822732128e-01,-1.0976275803e-01,2.3949943559e-03
1,-1.4037458461e-01,-1.1045736250e-01,2.1170794104e-03
2,-1.4230199780e-01,-1.1089891192e-01,1.8409109674e-03
3,-1.4399760422e-01,-1.1107259399e-01,1.5802035759e-03
4,-1.4544944721e-01,-1.1096359642e-01,1.3596177288e-03
5,-1.4664557016e-01,-1.1055710693e-01,1.2187386964e-03
6,-1.4757401641e-01,-1.0983831322e-01,1.2024889493e-03

Region 26 (7 circles):
Circle_Index,Center_X,Center_Y,Radius
0,-1.4822282932e-01,-1.0879240301e-01,1.3319413385e-03
1,-1.4858005226e-01,-1.0740456401e-01,1.5892405530e-03
2,-1.4863372859e-01,-1.0565998393e-01,1.9388376703e-03
3,-1.4837190167e-01,-1.0354385048e-01,2.7463695994e-03
4,-1.4771762121e-01,-1.0024769025e-01,3.4260782717e-03
5,-1.4694639963e-01,-9.6842239360e-02,3.5558793621e-03
6,-1.4606097549e-01,-9.3332119281e-02,3.6826741780e-03

Region 27 (7 circles):
Circle_Index,Center_X,Center_Y,Radius
0,-1.4506408734e-01,-8.9721951488e-02,3.8061460729e-03
1,-1.4395847373e-01,-8.6016357459e-02,3.9260324822e-03
2,-1.4274687323e-01,-8.2219958669e-02,4.0421144135e-03
3,-1.4143202436e-01,-7.8337376594e-02,4.1542082054e-03
4,-1.4001666570e-01,-7.4373232708e-02,4.2621590307e-03
5,-1.3850353580e-01,-7.0332148488e-02,4.3658357463e-03
6,-1.3689537320e-01,-6.6218745409e-02,4.4651267898e-03

Region 28 (7 circles):
Circle_Index,Center_X,Center_Y,Radius
0,-1.3519491646e-01,-6.2037644947e-02,4.5599368889e-03
1,-1.3340490413e-01,-5.7793468577e-02,4.6501844106e-03
2,-1.3152807476e-01,-5.3490837776e-02,4.7357992135e-03
3,-1.2956716691e-01,-4.9134374018e-02,4.8167208991e-03
4,-1.2752491913e-01,-4.4728698779e-02,4.8928973817e-03
5,-1.2540406998e-01,-4.0278433536e-02,4.9642837142e-03
6,-1.2320735799e-01,-3.5788199763e-02,5.0308411201e-03

Region 29 (7 circles):
Circle_Index,Center_X,Center_Y,Radius
0,-1.2093752174e-01,-3.1262618936e-02,5.0925361939e-03
1,-1.1859729976e-01,-2.6706312530e-02,5.1493402386e-03
2,-1.1618943061e-01,-2.2123902022e-02,5.2012287166e-03
3,-1.1371665285e-01,-1.7520008887e-02,5.2481807947e-03
4,-1.1118170503e-01,-1.2899254601e-02,5.2901789681e-03
5,-1.0858732569e-01,-8.2662606384e-03,5.3272087506e-03
6,-1.0593625340e-01,-3.6256484758e-03,5.3592584220e-03
