Region Metadata for: shape_84.txt
================================================================================

REGION DEFINITION: Circle union (one circle per point)
  Each point gets a circle with radius = average distance to neighbors

Total vertices: 213
Number of regions: 30
Points per region:
  Region 0: 8 points
  Region 1: 8 points
  Region 2: 8 points
  Region 3: 7 points
  Region 4: 7 points
  Region 5: 7 points
  Region 6: 7 points
  Region 7: 7 points
  Region 8: 7 points
  Region 9: 7 points
  Region 10: 7 points
  Region 11: 7 points
  Region 12: 7 points
  Region 13: 7 points
  Region 14: 7 points
  Region 15: 7 points
  Region 16: 7 points
  Region 17: 7 points
  Region 18: 7 points
  Region 19: 7 points
  Region 20: 7 points
  Region 21: 7 points
  Region 22: 7 points
  Region 23: 7 points
  Region 24: 7 points
  Region 25: 7 points
  Region 26: 7 points
  Region 27: 7 points
  Region 28: 7 points
  Region 29: 7 points

REGION SUMMARY:
Region_Index,Num_Points,BBox_Min_X,BBox_Max_X,BBox_Min_Y,BBox_Max_Y,Normal_X,Normal_Y,Tangent_X,Tangent_Y,Fitted_Circle_X,Fitted_Circle_Y,Fitted_Circle_Radius,Local_AoA_Rad,Union_Area,Collection_Area
0,8,-8.4072200460e-02,-5.8144861262e-02,-2.5291453585e-03,4.1277078067e-02,-0.9071930667,0.4207145585,0.4207145585,0.9071930667,4.0819629820e-01,-2.0290516377e-01,5.2866123748e-01,4.34232835e-01,4.55365528e-04,2.28773112e-04
1,8,-6.6219023397e-02,-3.8241733343e-02,3.5467740078e-02,7.6890897920e-02,-0.8691353892,0.4945742363,0.4945742363,0.8691353892,3.4760407803e-01,-1.7107486436e-01,4.6021224144e-01,5.17344893e-01,4.34840712e-04,2.18486551e-04
2,8,-4.5529609921e-02,-1.6848639149e-02,7.1147063475e-02,1.0761597029e-01,-0.8146992108,0.5798837780,0.5798837780,0.8146992108,2.3254730024e-01,-9.7786565954e-02,3.2377400027e-01,6.18586027e-01,3.71409141e-04,1.86901153e-04
3,7,-2.2954689403e-02,2.3997410401e-03,1.0215819225e-01,1.2869678291e-01,-0.7304321929,0.6829852206,0.6829852206,0.7304321929,1.2933717805e-01,-1.4444229178e-02,1.9107521793e-01,7.51841790e-01,2.53731523e-04,1.28200737e-04
4,7,-2.4292480477e-03,2.1177938018e-02,1.2358872260e-01,1.4241408292e-01,-0.5837095516,0.8119625357,0.8119625357,0.5837095516,6.6952693631e-02,5.4300098031e-02,9.8185444206e-02,9.47506474e-01,1.74729279e-04,8.90036373e-05
5,7,1.8222812589e-02,3.5137263562e-02,1.3738300941e-01,1.4366353754e-01,0.0772975914,0.9970080653,0.9970080653,-0.0772975914,2.5665666720e-02,1.2734614234e-01,1.4241616116e-02,1.64817110e+00,6.89979044e-05,3.68020551e-05
6,7,3.2462133773e-02,4.9598233328e-02,1.2265508624e-01,1.4083406923e-01,0.7372257931,0.6756464534,0.6756464534,-0.7372257931,6.7960615528e-03,1.0151350023e-01,4.6419141863e-02,2.39975143e+00,1.19607522e-04,6.15258264e-05
7,7,4.4672386576e-02,6.2735667642e-02,9.8404734779e-02,1.2656508730e-01,0.8914830849,0.4530539807,0.4530539807,-0.8914830849,-9.2391821509e-02,3.9008935184e-02,1.6377696828e-01,2.67140455e+00,2.15992795e-04,1.09123606e-04
8,7,5.5936034583e-02,7.4132391891e-02,6.9007551040e-02,1.0296223519e-01,0.9372321929,0.3487059171,0.3487059171,-0.9372321929,-3.1705606927e-01,-5.5773279109e-02,4.0766519116e-01,2.78540265e+00,2.90469321e-04,1.46060110e-04
9,7,6.6396979190e-02,8.3616870094e-02,3.8593492404e-02,7.3840032917e-02,0.9547817860,0.2973074859,0.2973074859,-0.9547817860,-7.7970272235e-01,-2.0982624982e-01,8.9530954382e-01,2.83972127e+00,3.04325365e-04,1.52580258e-04
10,7,7.6008900442e-02,9.1065788994e-02,1.1244293526e-02,4.3203221823e-02,0.9606265777,0.2778427222,0.2778427222,-0.9606265777,-5.6522959861e+00,-1.6307532290e+00,5.9708753997e+00,2.86004497e+00,2.48569716e-04,1.24334903e-04
11,7,8.4685696453e-02,9.6374474882e-02,-8.9769504840e-03,1.5096325198e-02,0.9556584591,0.2944773498,0.2944773498,-0.9556584591,5.3229855829e-01,1.3810765585e-01,-4.6168113709e-01,2.84268408e+00,1.44034221e-04,7.17874988e-05
12,7,9.2060064671e-02,9.6330076877e-02,-1.7304156776e-02,-7.0409469221e-03,0.9886713307,-0.1500966352,-0.1500966352,-0.9886713307,8.3936754560e-02,-1.0580461513e-02,1.0914294576e-02,-2.99092664e+00,2.69016446e-05,1.41008203e-05
13,7,8.5641098821e-02,9.4487372381e-02,-2.6907930929e-02,-1.5624735055e-02,0.8196566528,-0.5728551052,-0.5728551052,-0.8196566528,6.1509219189e-02,-1.2678198010e-03,3.5215471678e-02,-2.53160773e+00,3.92022413e-05,2.00634602e-05
14,7,2.0514788896e-02,1.0611442125e-01,-5.0609276623e-02,7.7576547133e-03,-0.2525142430,-0.9675931775,-0.9675931775,0.2525142430,9.5430773501e-02,8.2808336628e-02,1.1067942778e-01,-1.31551850e+00,3.12945220e-03,1.66944620e-03
15,7,2.4595268933e-02,1.1817055399e-01,-6.4558778959e-02,6.3884659959e-03,0.3534217771,0.9354640814,0.9354640814,-0.3534217771,7.9218807761e-01,1.9985636490e+00,-2.1486509863e+00,1.93202275e+00,4.96749702e-03,3.26910485e-03
16,7,4.4499962038e-03,1.1685494422e-01,-6.6460202806e-02,1.8679589191e-02,0.4870976046,0.8733475388,0.8733475388,-0.4870976046,5.7968927912e-01,1.3325731188e+00,-1.4515172233e+00,2.07955969e+00,6.68316902e-03,3.77354207e-03
17,7,-1.2816231200e-03,1.1036167870e-01,-6.2755338625e-02,2.2882189257e-02,-0.3136182128,-0.9495491649,-0.9495491649,0.3136182128,4.7845253131e-01,1.0434755027e+00,1.1464028380e+00,-1.25179523e+00,6.70453141e-03,3.35761978e-03
18,7,1.4241893793e-02,8.9205353258e-02,-4.7813437480e-02,5.7138298892e-03,-0.2753760099,-0.9613365972,-0.9613365972,0.2753760099,3.5197590086e-02,-7.0680826791e-02,-5.5109836929e-02,-1.29181551e+00,2.48010109e-03,1.20807824e-03
19,7,5.4219219259e-03,3.0299241296e-02,-3.6879828073e-02,-1.5481688973e-02,0.6251630718,-0.7804941599,-0.7804941599,-0.6251630718,1.3453038730e-01,-1.7008567352e-01,-1.8568450476e-01,-2.24613678e+00,2.05504291e-04,1.01832282e-04
20,7,-1.9336824303e-02,1.0878353926e-02,-6.0230519529e-02,-3.1085549699e-02,0.6881604236,-0.7255585651,-0.7255585651,-0.6881604236,5.2405751538e-01,-6.0155630627e-01,-7.6702798270e-01,-2.32974693e+00,3.32000958e-04,1.65359387e-04
21,7,-4.4934154313e-02,-1.2838667326e-02,-8.5496949326e-02,-5.3662679750e-02,0.7028546897,-0.7113334556,-0.7113334556,-0.7028546897,1.1072878979e+02,-1.1210606822e+02,-1.5754186057e+02,-2.35019906e+00,3.83666099e-04,1.91873919e-04
22,7,-6.8883826539e-02,-3.8407245150e-02,-1.0832623153e-01,-7.8901857452e-02,0.6886528210,-0.7250912302,-0.7250912302,-0.6886528210,-6.0153661417e-01,4.8220869834e-01,7.9497261623e-01,-2.33042579e+00,3.37925728e-04,1.69536787e-04
23,7,-8.8739124633e-02,-6.3341618066e-02,-1.2440500542e-01,-1.0245067695e-01,0.6279674014,-0.7782396436,-0.7782396436,-0.6279674014,-2.0127844276e-01,4.0077167202e-02,1.9852608081e-01,-2.24973499e+00,2.14835348e-04,1.08474855e-04
24,7,-1.0233672713e-01,-8.5108944015e-02,-1.2971867875e-01,-1.1990965183e-01,0.3792121847,-0.9253097422,-0.9253097422,-0.3792121847,-1.0515343612e-01,-1.0000902159e-01,2.8492665737e-02,-1.95974107e+00,8.09194644e-05,4.19522324e-05
25,7,-1.1013832407e-01,-1.0075582417e-01,-1.2943457747e-01,-1.1749093191e-01,-0.8302484619,-0.5573934800,-0.5573934800,0.8302484619,-9.9747460051e-02,-1.2081512200e-01,7.6632021475e-03,-5.91243034e-01,4.98287086e-05,2.68857359e-05
26,7,-1.1138512362e-01,-1.0331974172e-01,-1.2022251446e-01,-9.2317260639e-02,-0.9995998669,0.0282861483,0.0282861483,0.9995998669,1.8335301749e-02,-1.1029780191e-01,1.2626418862e-01,2.82899217e-02,1.79181766e-04,9.07864362e-05
27,7,-1.1062999344e-01,-9.7700772235e-02,-9.6216744171e-02,-6.2944581265e-02,-0.9838544640,0.1789703707,0.1789703707,0.9838544640,1.3837099357e-01,-1.2413915574e-01,2.4714085234e-01,1.79939825e-01,2.59933869e-04,1.30989050e-04
28,7,-1.0568665850e-01,-8.8262105644e-02,-6.7585774208e-02,-3.0616654161e-02,-0.9608430830,0.2770930709,0.2770930709,0.9608430830,2.7315538663e-01,-1.5617258014e-01,3.8570316465e-01,2.80767389e-01,3.31835356e-04,1.66958657e-04
29,7,-9.6632097146e-02,-7.5646430551e-02,-3.5842002318e-02,3.0860062920e-03,-0.9362061815,0.3514512566,0.3514512566,0.9362061815,3.7627154215e-01,-1.9015158875e-01,4.9428423475e-01,3.59120800e-01,3.82114204e-04,1.92181198e-04

DETAILED CIRCLE DATA:

Region 0 (8 circles):
Circle_Index,Center_X,Center_Y,Radius
0,-7.8846913852e-02,2.6961412498e-03,5.2252866083e-03
1,-7.6787188707e-02,7.5078300397e-03,5.2405327554e-03
2,-7.4674728371e-02,1.2310865223e-02,5.2513946814e-03
3,-7.2511348956e-02,1.7100696498e-02,5.2578742267e-03
4,-7.0298866577e-02,2.1872773567e-02,5.2599759588e-03
5,-6.8039097349e-02,2.6622546129e-02,5.2577071928e-03
6,-6.5733857385e-02,3.1345463883e-02,5.2510780478e-03
7,-6.3384962798e-02,3.6036976530e-02,5.2401015363e-03

Region 1 (8 circles):
Circle_Index,Center_X,Center_Y,Radius
0,-6.0994229705e-02,4.0692533770e-02,5.2247936921e-03
1,-5.8563474217e-02,4.5307585303e-02,5.2051737349e-03
2,-5.6094512450e-02,4.9877580829e-02,5.1812642789e-03
3,-5.3589160517e-02,5.4397970048e-02,5.1530915854e-03
4,-5.1049234533e-02,5.8864202659e-02,5.1206858683e-03
5,-4.8476550612e-02,6.3271728363e-02,5.0840816557e-03
6,-4.5872924867e-02,6.7615996860e-02,5.0433182179e-03
7,-4.3240173413e-02,7.1892457850e-02,4.9984400694e-03

Region 2 (8 circles):
Circle_Index,Center_X,Center_Y,Radius
0,-4.0580112364e-02,7.6096561033e-02,4.9494975580e-03
1,-3.7894557833e-02,8.0223756108e-02,4.8965475520e-03
2,-3.5185325935e-02,8.4269492776e-02,4.8396542461e-03
3,-3.2454232785e-02,8.8229220737e-02,4.7788901006e-03
4,-2.9703094495e-02,9.2098389690e-02,4.7143369423e-03
5,-2.6933727180e-02,9.5872449336e-02,4.6460872519e-03
6,-2.4147946955e-02,9.9546849375e-02,4.5742456731e-03
7,-2.1347569932e-02,1.0311703951e-01,4.4989307837e-03

Region 3 (7 circles):
Circle_Index,Center_X,Center_Y,Radius
0,-1.8534412227e-02,1.0657846943e-01,4.4202771760e-03
1,-1.5710289953e-02,1.0992658885e-01,4.3384379038e-03
2,-1.2877019225e-02,1.1315684746e-01,4.2535873632e-03
3,-1.0036416156e-02,1.1626469496e-01,4.1659246845e-03
4,-7.1902968604e-03,1.1924558105e-01,4.0756777273e-03
5,-4.3404774524e-03,1.2209495544e-01,3.9831077814e-03
6,-1.4887740461e-03,1.2480826782e-01,3.8885150862e-03

Region 4 (7 circles):
Circle_Index,Center_X,Center_Y,Radius
0,1.3629972447e-03,1.2738096789e-01,3.7922452924e-03
1,4.2130203056e-03,1.2980850536e-01,3.6946969845e-03
2,7.0594790228e-03,1.3208632992e-01,3.5963303711e-03
3,9.9005572822e-03,1.3420989127e-01,3.4976772072e-03
4,1.2734438970e-02,1.3617463911e-01,3.3993519346e-03
5,1.5559307971e-02,1.3797602314e-01,3.3020638836e-03
6,1.8373348173e-02,1.3960949307e-01,2.8045898456e-03

Region 5 (7 circles):
Circle_Index,Center_X,Center_Y,Radius
0,2.0505401567e-02,1.4061063420e-01,2.2825889775e-03
1,2.2617498409e-02,1.4126035805e-01,2.1622396308e-03
2,2.4709338129e-02,1.4157050577e-01,2.0930317677e-03
3,2.6780620158e-02,1.4155291853e-01,2.0743610750e-03
4,2.8831043925e-02,1.4121943748e-01,2.1022105142e-03
5,3.0860308862e-02,1.4058190378e-01,2.1698402657e-03
6,3.2868114399e-02,1.3965215858e-01,2.2691491632e-03

Region 6 (7 circles):
Circle_Index,Center_X,Center_Y,Radius
0,3.4854159966e-02,1.3844204304e-01,2.3920261932e-03
1,3.6818144994e-02,1.3696339832e-01,2.5312343614e-03
2,3.8759768913e-02,1.3522806557e-01,2.6807695699e-03
3,4.0678731154e-02,1.3324788596e-01,2.8358627751e-03
4,4.2574731146e-02,1.3103470063e-01,2.9928141202e-03
5,4.4447468321e-02,1.2860035074e-01,3.1487827027e-03
6,4.6296642109e-02,1.2595667746e-01,3.3015912187e-03

Region 7 (7 circles):
Circle_Index,Center_X,Center_Y,Radius
0,4.8121951940e-02,1.2311552194e-01,3.4495653643e-03
1,4.9923097245e-02,1.2008872533e-01,3.5914093601e-03
2,5.1699777454e-02,1.1688812879e-01,3.7261122377e-03
3,5.3451691998e-02,1.1352557348e-01,3.8528782034e-03
4,5.5178540306e-02,1.1001290055e-01,3.9710750962e-03
5,5.6880021810e-02,1.0636195117e-01,4.0801961821e-03
6,5.8555835940e-02,1.0258456648e-01,4.1798317018e-03

Region 8 (7 circles):
Circle_Index,Center_X,Center_Y,Radius
0,6.0205682126e-02,9.8692587651e-02,4.2696475433e-03
1,6.1829259799e-02,9.4697855832e-02,4.3493691342e-03
2,6.3426268389e-02,9.0612212182e-02,4.4187691800e-03
3,6.4996407327e-02,8.6447497857e-02,4.4776582533e-03
4,6.6539376042e-02,8.2215554014e-02,4.5258775144e-03
5,6.8054873966e-02,7.7928221810e-02,4.5632930382e-03
6,6.9542600529e-02,7.3597342402e-02,4.5897913621e-03

Region 9 (7 circles):
Circle_Index,Center_X,Center_Y,Radius
0,7.1002255161e-02,6.9234756946e-02,4.6052759709e-03
1,7.2433537293e-02,6.4852306599e-02,4.6096645068e-03
2,7.3836146355e-02,6.0461832518e-02,4.6028865484e-03
3,7.5209781778e-02,5.6075175859e-02,4.5848818396e-03
4,7.6554142991e-02,5.1704177779e-02,4.5555988807e-03
5,7.7868929426e-02,4.7360679436e-02,4.5149938179e-03
6,7.9153840513e-02,4.3056521985e-02,4.4630295809e-03

Region 10 (7 circles):
Circle_Index,Center_X,Center_Y,Radius
0,8.0408575682e-02,3.8803546583e-02,4.3996752400e-03
1,8.1632834364e-02,3.4613594388e-02,4.3249055609e-03
2,8.2826315989e-02,3.0498506556e-02,4.2387007510e-03
3,8.3988719988e-02,2.6470124243e-02,4.1410464066e-03
4,8.5119745790e-02,2.2540288607e-02,4.0319336810e-03
5,8.6219092827e-02,1.8720840804e-02,3.9113597237e-03
6,8.7286460529e-02,1.5023621991e-02,3.7793284651e-03

Region 11 (7 circles):
Circle_Index,Center_X,Center_Y,Radius
0,8.8321548327e-02,1.1460473325e-02,3.6358518738e-03
1,8.9324055649e-02,8.0432359617e-03,3.4809518907e-03
2,9.0293681929e-02,4.7837510588e-03,3.3146633689e-03
3,9.1230126594e-02,1.6938597727e-03,3.1370385722e-03
4,9.2133089077e-02,-1.2145967397e-03,2.9481541738e-03
5,9.3002268807e-02,-3.9297773218e-03,2.7481224341e-03
6,9.3837365215e-02,-6.4398408167e-03,2.5371096673e-03

Region 12 (7 circles):
Circle_Index,Center_X,Center_Y,Radius
0,9.4638077731e-02,-8.7329460679e-03,1.6919991458e-03
1,9.4856490243e-02,-9.6627532268e-03,1.0044303611e-03
2,9.4900104377e-02,-1.0715595601e-02,1.1089120738e-03
3,9.4780858987e-02,-1.1873550691e-02,1.2190983701e-03
4,9.4510692927e-02,-1.3118695994e-02,1.3253691406e-03
5,9.4101545050e-02,-1.4433109010e-02,1.4219306709e-03
6,9.3565354209e-02,-1.5798867238e-02,1.5052895379e-03

Region 13 (7 circles):
Circle_Index,Center_X,Center_Y,Radius
0,9.2914059259e-02,-1.7198048177e-02,1.5733131227e-03
1,9.2159599052e-02,-1.8612729327e-02,1.6246964719e-03
2,9.1313912443e-02,-2.0024988186e-02,1.6586662274e-03
3,9.0388938285e-02,-2.1416902253e-02,1.6748194525e-03
4,8.9396615432e-02,-2.2770549027e-02,1.6730428889e-03
5,8.8348882737e-02,-2.4068006009e-02,1.6534862417e-03
6,8.7257679054e-02,-2.5291350695e-02,1.6165802333e-03

Region 14 (7 circles):
Circle_Index,Center_X,Center_Y,Radius
0,8.6134943236e-02,-2.6422660587e-02,1.5631030663e-03
1,8.4992614137e-02,-2.7444013182e-02,1.4943125383e-03
2,8.3842630611e-02,-2.8337485981e-02,2.2271790642e-02
3,4.2970955832e-02,-1.4698512223e-02,2.2456166936e-02
4,4.4685363391e-02,-1.5324256638e-02,2.6844907491e-03
5,4.1321905011e-02,-1.4207694450e-02,4.5029954458e-03
6,4.6457404409e-02,-1.6067953761e-02,6.2623178675e-03

Region 15 (7 circles):
Circle_Index,Center_X,Center_Y,Radius
0,3.9745934204e-02,-1.3868777256e-02,8.0613159597e-03
1,4.8279355612e-02,-1.6912629658e-02,2.2783375268e-02
2,8.2696931511e-02,-2.9085156481e-02,3.5473622477e-02
3,5.0143493723e-02,-1.7841310393e-02,2.3517049758e-02
4,3.8250766686e-02,-1.3698734575e-02,1.3655497753e-02
5,5.2042095465e-02,-1.8837022031e-02,2.3083542983e-02
6,8.1567455690e-02,-2.9669102183e-02,3.0366659248e-02

Region 16 (7 circles):
Circle_Index,Center_X,Center_Y,Radius
0,5.3967437561e-02,-1.9882790637e-02,2.3742038977e-02
1,3.6844125736e-02,-1.3714540341e-02,3.2394129532e-02
2,8.0466142003e-02,-3.0071400585e-02,3.6388802221e-02
3,5.5911796735e-02,-2.0961642276e-02,1.4215540623e-02
4,5.7867449711e-02,-2.2056603013e-02,1.2646617515e-02
5,7.9404929303e-02,-3.0274129186e-02,2.1942907040e-02
6,5.9826673213e-02,-2.3150698914e-02,2.0144267785e-02

Region 17 (7 circles):
Circle_Index,Center_X,Center_Y,Radius
0,7.7916166275e-02,-3.0309826199e-02,3.2445512426e-02
1,3.5533734628e-02,-1.3933168491e-02,3.6815357748e-02
2,6.1781743962e-02,-2.4226956042e-02,2.1959966610e-02
3,7.6346017730e-02,-3.0157945090e-02,1.4630359758e-02
4,6.3724938684e-02,-2.5268400464e-02,1.2712269457e-02
5,7.4702206946e-02,-2.9835459795e-02,1.0812124859e-02
6,6.5648534102e-02,-2.6258058245e-02,8.8533616245e-03

Region 18 (7 circles):
Circle_Index,Center_X,Center_Y,Radius
0,7.2992457198e-02,-2.9359344248e-02,6.9198459833e-03
1,6.7544806938e-02,-2.7178955448e-02,4.9337401916e-03
2,7.1224491763e-02,-2.8746572385e-02,2.9800579753e-03
3,6.9406033917e-02,-2.8014118140e-02,1.9799319340e-02
4,3.4327316640e-02,-1.4371592959e-02,2.0085422848e-02
5,3.2081723589e-02,-1.5542725847e-02,2.6528711464e-03
6,2.9696451653e-02,-1.6957152044e-02,2.8902989255e-03

Region 19 (7 circles):
Circle_Index,Center_X,Center_Y,Radius
0,2.7178742746e-02,-1.8602187524e-02,3.1204985509e-03
1,2.4535838777e-02,-2.0465148267e-02,3.3415569547e-03
2,2.1774981658e-02,-2.2533350247e-02,3.5521608919e-03
3,1.8903413301e-02,-2.4794109442e-02,3.7513852188e-03
4,1.5928375617e-02,-2.7234741829e-02,3.9385628903e-03
5,1.2857110518e-02,-2.9842563384e-02,4.1132030351e-03
6,9.6968599141e-03,-3.2604890085e-02,4.2749379882e-03

Region 20 (7 circles):
Circle_Index,Center_X,Center_Y,Radius
0,6.4548657174e-03,-3.5509037907e-02,4.4234882084e-03
1,3.1383698391e-03,-3.8542322828e-02,4.5586385218e-03
2,-2.4538580931e-04,-4.1692060825e-02,4.6802217125e-03
3,-3.6891593166e-03,-4.4945567875e-02,4.7881069895e-03
4,-7.1857087714e-03,-4.8290159953e-02,4.8821917603e-03
5,-1.0727792262e-02,-5.1713153037e-02,4.9623956973e-03
6,-1.4308167878e-02,-5.5201863105e-02,5.0286564246e-03

Region 21 (7 circles):
Circle_Index,Center_X,Center_Y,Radius
0,-1.7919593707e-02,-5.8743606131e-02,5.0809263808e-03
1,-2.1554827838e-02,-6.2325698094e-02,5.1191705532e-03
2,-2.5206628360e-02,-6.5935454970e-02,5.1433648805e-03
3,-2.8867753361e-02,-6.9560192736e-02,5.1534951865e-03
4,-3.2530960930e-02,-7.3187227369e-02,5.1495565587e-03
5,-3.6189009156e-02,-7.6803874845e-02,5.1315531216e-03
6,-3.9834656127e-02,-8.0397451141e-02,5.0994981854e-03

Region 22 (7 circles):
Circle_Index,Center_X,Center_Y,Radius
0,-4.3460659932e-02,-8.3955272234e-02,5.0534147822e-03
1,-4.7059778660e-02,-8.7464654101e-02,4.9933366295e-03
2,-5.0624770399e-02,-9.0912912718e-02,4.9193095969e-03
3,-5.4148393237e-02,-9.4287364063e-02,4.8313937969e-03
4,-5.7623405265e-02,-9.7575324112e-02,4.7296664817e-03
5,-6.1042564569e-02,-1.0076410884e-01,4.6142260128e-03
6,-6.4398629239e-02,-1.0384103423e-01,4.4851973004e-03

Region 23 (7 circles):
Circle_Index,Center_X,Center_Y,Radius
0,-6.7684357363e-02,-1.0679341625e-01,4.3427392977e-03
1,-7.0892507031e-02,-1.0960857089e-01,4.1870554327e-03
2,-7.4015836330e-02,-1.1227381411e-01,4.0184083275e-03
3,-7.7047103350e-02,-1.1477646189e-01,3.8371409034e-03
4,-7.9979066178e-02,-1.1710383022e-01,3.6437072141e-03
5,-8.2804482905e-02,-1.1924323507e-01,3.4387184321e-03
6,-8.5516111617e-02,-1.2118199241e-01,3.2230130156e-03

Region 24 (7 circles):
Circle_Index,Center_X,Center_Y,Radius
0,-8.8106710404e-02,-1.2290741822e-01,2.9977663895e-03
1,-9.0569037355e-02,-1.2440682849e-01,2.7646666951e-03
2,-9.2895850559e-02,-1.2566753917e-01,2.5262030177e-03
3,-9.5079908103e-02,-1.2667686626e-01,2.2861462199e-03
4,-9.7113968076e-02,-1.2742212573e-01,2.0503515582e-03
5,-9.8990788568e-02,-1.2789063356e-01,1.8280451888e-03
6,-1.0070312767e-01,-1.2806970572e-01,1.6335994623e-03

Region 25 (7 circles):
Circle_Index,Center_X,Center_Y,Radius
0,-1.0224374346e-01,-1.2794665818e-01,1.4879192897e-03
1,-1.0360539404e-01,-1.2750880694e-01,1.4164805317e-03
2,-1.0478083749e-01,-1.2674346795e-01,1.4406575042e-03
3,-1.0576283190e-01,-1.2563795721e-01,1.5665699019e-03
4,-1.0654413536e-01,-1.2417959068e-01,1.7831880251e-03
5,-1.0711750596e-01,-1.2235568435e-01,2.0714893862e-03
6,-1.0747570179e-01,-1.2015355419e-01,2.6626222752e-03

Region 26 (7 circles):
Circle_Index,Center_X,Center_Y,Radius
0,-1.0773530683e-01,-1.1707029130e-01,3.1522231660e-03
1,-1.0788950938e-01,-1.1386372331e-01,3.2679907952e-03
2,-1.0794012553e-01,-1.1053840054e-01,3.3828078106e-03
3,-1.0788897142e-01,-1.0709887327e-01,3.4961522029e-03
4,-1.0773786314e-01,-1.0354969180e-01,3.6075861886e-03
5,-1.0748861683e-01,-9.9895406446e-02,3.7167414173e-03
6,-1.0714304858e-01,-9.6140567497e-02,3.8233068583e-03

Region 27 (7 circles):
Circle_Index,Center_X,Center_Y,Radius
0,-1.0670297452e-01,-9.2289725254e-02,3.9270189173e-03
1,-1.0617021075e-01,-8.8347430018e-02,4.0276533854e-03
2,-1.0554657340e-01,-8.4318232089e-02,4.1250188770e-03
3,-1.0483387858e-01,-8.0206681767e-02,4.2189514753e-03
4,-1.0403394240e-01,-7.6017329351e-02,4.3093103530e-03
5,-1.0314858097e-01,-7.1754725143e-02,4.3959741812e-03
6,-1.0217961041e-01,-6.7423419441e-02,4.4788381757e-03

Region 28 (7 circles):
Circle_Index,Center_X,Center_Y,Radius
0,-1.0112884683e-01,-6.3027962546e-02,4.5578116612e-03
1,-9.9998106355e-02,-5.8572904759e-02,4.6328160546e-03
2,-9.8789205087e-02,-5.4062796378e-02,4.7037831922e-03
3,-9.7503959144e-02,-4.9502187704e-02,4.7706539371e-03
4,-9.6144184640e-02,-4.4895629037e-02,4.8333770177e-03
5,-9.4711697690e-02,-4.0247670676e-02,4.8919080575e-03
6,-9.3208314406e-02,-3.5562862923e-02,4.9462087623e-03

Region 29 (7 circles):
Circle_Index,Center_X,Center_Y,Radius
0,-9.1635850905e-02,-3.0845756077e-02,4.9962462409e-03
1,-8.9996123298e-02,-2.6100900438e-02,5.0419924365e-03
2,-8.8290947701e-02,-2.1332846306e-02,5.0834236520e-03
3,-8.6522140228e-02,-1.6546143981e-02,5.1205201555e-03
4,-8.4691516992e-02,-1.1745343762e-02,5.1532658556e-03
5,-8.2800894109e-02,-6.9349959513e-03,5.1816480352e-03
6,-8.0852087690e-02,-2.1196508472e-03,5.2056571392e-03
