Region Metadata for: shape_81.txt
================================================================================

REGION DEFINITION: Circle union (one circle per point)
  Each point gets a circle with radius = average distance to neighbors

Total vertices: 230
Number of regions: 30
Points per region:
  Region 0: 8 points
  Region 1: 8 points
  Region 2: 8 points
  Region 3: 8 points
  Region 4: 8 points
  Region 5: 8 points
  Region 6: 8 points
  Region 7: 8 points
  Region 8: 8 points
  Region 9: 8 points
  Region 10: 8 points
  Region 11: 8 points
  Region 12: 8 points
  Region 13: 8 points
  Region 14: 8 points
  Region 15: 8 points
  Region 16: 8 points
  Region 17: 8 points
  Region 18: 8 points
  Region 19: 8 points
  Region 20: 7 points
  Region 21: 7 points
  Region 22: 7 points
  Region 23: 7 points
  Region 24: 7 points
  Region 25: 7 points
  Region 26: 7 points
  Region 27: 7 points
  Region 28: 7 points
  Region 29: 7 points

REGION SUMMARY:
Region_Index,Num_Points,BBox_Min_X,BBox_Max_X,BBox_Min_Y,BBox_Max_Y,Normal_X,Normal_Y,Tangent_X,Tangent_Y,Fitted_Circle_X,Fitted_Circle_Y,Fitted_Circle_Radius,Local_AoA_Rad,Union_Area,Collection_Area
0,8,-8.3867811200e-02,-7.5673394626e-02,-1.5958020575e-03,3.1127625802e-02,-0.9995228584,-0.0308877881,-0.0308877881,0.9995228584,2.2974055519e-01,2.4712004859e-02,3.1008168206e-01,-3.08927017e-02,2.19350499e-04,1.10335970e-04
1,8,-8.3556947605e-02,-7.5615423065e-02,2.7776565096e-02,5.4596907881e-02,-0.9955468918,0.0942676310,0.0942676310,0.9955468918,6.2743525791e-02,2.8245799821e-02,1.4300626974e-01,9.44078087e-02,1.48929100e-04,7.52330337e-05
2,8,-8.0321876287e-02,-6.9062670031e-02,5.1942943208e-02,7.0467498817e-02,-0.9065176648,0.4221678852,0.4221678852,0.9065176648,-4.7535702976e-02,4.8584963332e-02,3.0822490745e-02,4.35835435e-01,8.25577212e-05,4.24251711e-05
3,8,-7.2397993309e-02,-5.3017401604e-02,6.7528098775e-02,8.6252976112e-02,-0.6898436381,0.7239583932,0.7239583932,0.6898436381,2.0453587517e-03,8.1358487587e-03,9.4925052856e-02,8.09523278e-01,1.25354094e-04,6.35741339e-05
4,8,-5.6687586260e-02,-3.1712737403e-02,8.2053895722e-02,1.0091428741e-01,-0.5575139522,0.8301675693,0.8301675693,0.5575139522,6.8891698858e-02,-7.7410046138e-02,2.0353787854e-01,9.79408182e-01,1.69399414e-04,8.54571322e-05
5,8,-3.5471969087e-02,-8.7543518374e-03,9.5991338156e-02,1.1316573540e-01,-0.4671684544,0.8841683297,0.8841683297,0.4671684544,1.1077723865e-01,-1.4679217422e-01,2.8459330807e-01,1.08471076e+00,1.76238554e-04,8.86221864e-05
6,8,-1.2208603110e-02,1.2312165269e-02,1.0820294187e-01,1.2178170739e-01,-0.3848532504,0.9229777764,0.9229777764,0.3848532504,9.2519359235e-02,-1.0566759396e-01,2.3960407644e-01,1.17574751e+00,1.39566917e-04,7.02043220e-05
7,8,9.5937778385e-03,2.8701898432e-02,1.1749995014e-01,1.2594054943e-01,-0.2528383881,0.9675085268,0.9675085268,0.2528383881,3.7578476312e-02,5.3249027974e-02,7.1433271877e-02,1.31518348e+00,7.93517226e-05,4.01610035e-05
8,8,2.6477133203e-02,5.0114544253e-02,1.2153612572e-01,1.2738064030e-01,-0.0206563045,0.9997866358,0.9997866358,0.0206563045,4.0558248934e-02,-6.4087626506e-03,1.3100411890e-01,1.55013855e+00,1.15079383e-04,5.81309702e-05
9,8,4.7195679473e-02,7.3561333155e-02,1.1878434712e-01,1.2721756555e-01,0.1261188635,0.9920151371,0.9920151371,-0.1261188635,4.1124115846e-02,-2.9229447123e-02,1.5376925054e-01,1.69725195e+00,1.43931644e-04,7.26702182e-05
10,8,7.0644197813e-02,9.2430792233e-02,1.1304792661e-01,1.2389936555e-01,0.3285926664,0.9444717357,0.9444717357,-0.3285926664,5.9922605826e-02,5.4475541667e-02,6.7934865721e-02,1.90560944e+00,1.07219339e-04,5.45723548e-05
11,8,9.0011020794e-02,1.0078428772e-01,1.0330678690e-01,1.1623105030e-01,0.7929588106,0.6092752454,0.6092752454,-0.7929588106,8.5934987450e-02,1.0183507279e-01,1.3703116098e-02,2.48644637e+00,5.11855797e-05,2.70453054e-05
12,8,9.2528203038e-02,1.0207475050e-01,7.7049135459e-02,1.0557295496e-01,0.9905196224,-0.1373713133,-0.1373713133,-0.9905196224,-6.8233914730e-02,1.1515997605e-01,1.6792694436e-01,-3.00378558e+00,1.70710643e-04,8.63922552e-05
13,8,8.4237980264e-02,9.9051207872e-02,4.6221280554e-02,8.0757206510e-02,0.9676251394,-0.2523917383,-0.2523917383,-0.9676251394,-2.5487377933e-01,1.5435662243e-01,3.5867993408e-01,-2.88644143e+00,2.56833814e-04,1.29108575e-04
14,8,7.2761595333e-02,9.1432138889e-02,1.2569544701e-02,5.0610458568e-02,0.9474213311,-0.3199887832,-0.3199887832,-0.9474213311,-5.0677219635e-01,2.3082528433e-01,6.2195093807e-01,-2.81587501e+00,3.21337357e-04,1.61253920e-04
15,8,5.9141887983e-02,8.0324334716e-02,-2.2217161894e-02,1.7418015454e-02,0.9310134148,-0.3649849606,-0.3649849606,-0.9310134148,-7.8241146774e-01,3.3184396203e-01,9.1552948970e-01,-2.76797600e+00,3.58221025e-04,1.79587388e-04
16,8,4.4413299001e-02,6.6742011210e-02,-5.6458327975e-02,-1.7159836507e-02,0.9172880333,-0.3982243890,-0.3982243890,-0.9172880333,-1.0098875249e+00,4.2572929176e-01,1.1616236438e+00,-2.73201234e+00,3.60147803e-04,1.80424895e-04
17,8,2.9606876858e-02,5.1706803597e-02,-8.8476834604e-02,-5.1455391622e-02,0.9049702904,-0.4254747625,-0.4254747625,-0.9049702904,-1.0942689829e+00,4.6339606272e-01,1.2540305286e+00,-2.70210622e+00,3.26613934e-04,1.63477147e-04
18,8,1.5751968882e-02,3.6243417759e-02,-1.1659726398e-01,-8.3797873539e-02,0.8925931050,-0.4508631155,-0.4508631155,-0.8925931050,-9.5464670657e-01,3.9468182740e-01,1.0984145125e+00,-2.67386058e+00,2.62143250e-04,1.31249061e-04
19,8,3.8765785992e-03,2.1378155398e-02,-1.3914554212e-01,-1.1251491009e-01,0.8776431363,-0.4793146413,-0.4793146413,-0.8776431363,-6.0703328619e-01,2.1187753706e-01,7.0565834001e-01,-2.64171902e+00,1.78034359e-04,8.92334395e-05
20,7,-4.4255272594e-03,7.4475713488e-03,-1.4739610655e-01,-1.3662387597e-01,0.6505904041,-0.7594288156,-0.7594288156,-0.6505904041,-1.2203489745e-02,-1.2570669066e-01,2.1903036370e-02,-2.27915794e+00,4.96107805e-05,2.56372503e-05
21,7,-2.0142584303e-02,-2.0021041050e-03,-1.5422700501e-01,-1.4412640151e-01,0.3720379790,-0.9282175080,-0.9282175080,-0.3720379790,-3.9440732090e-02,-7.7716818828e-02,7.7140485677e-02,-1.95199997e+00,8.44293591e-05,4.28523193e-05
22,7,-3.6168578326e-02,-1.7542031277e-02,-1.5682256257e-01,-1.4989684037e-01,0.1613406466,-0.9868987769,-0.9868987769,-0.1613406466,-3.7451554669e-02,-9.0457302458e-02,6.4333913088e-02,-1.73284527e+00,8.13952851e-05,4.14623681e-05
23,7,-4.6851064938e-02,-3.4092486461e-02,-1.5672745362e-01,-1.5066588666e-01,-0.2757042773,-0.9612425040,-0.9612425040,0.2757042773,-3.7026256729e-02,-1.3957158704e-01,1.5114486041e-02,-1.29147403e+00,4.14959288e-05,2.18201642e-05
24,7,-5.5229358574e-02,-4.5055520644e-02,-1.5234933013e-01,-1.3339547715e-01,-0.9304365109,-0.3664531336,-0.3664531336,0.9304365109,8.5810761403e-02,-9.1365192221e-02,1.4510600818e-01,-3.75194100e-01,1.00328919e-04,5.08679157e-05
25,7,-6.2836851374e-02,-4.9918525617e-02,-1.3672647707e-01,-1.0996273799e-01,-0.9569929816,-0.2901110704,-0.2901110704,0.9569929816,3.3230575674e-01,-5.9137737577e-03,4.0601017263e-01,-2.94342898e-01,1.75222400e-04,8.80233255e-05
26,7,-6.9816481748e-02,-5.6383282733e-02,-1.1380998396e-01,-8.3228901511e-02,-0.9707423137,-0.2401236355,-0.2401236355,0.9707423137,5.1146203409e-01,4.3370061525e-02,5.9182965661e-01,-2.42493211e-01,2.23581326e-04,1.12139023e-04
27,7,-7.5783826942e-02,-6.2572754210e-02,-8.7391972644e-02,-5.4643481718e-02,-0.9803539311,-0.1972464694,-0.1972464694,0.9803539311,5.9648540833e-01,6.2832956083e-02,6.7905406694e-01,-1.98548412e-01,2.52434899e-04,1.26580869e-04
28,7,-8.0357534027e-02,-6.8106777854e-02,-5.8917696554e-02,-2.5652922782e-02,-0.9880766953,-0.1539624768,-0.1539624768,0.9880766953,5.5472217589e-01,5.5781011967e-02,6.3670026744e-01,-1.54577324e-01,2.57408329e-04,1.29127984e-04
29,7,-8.3159042649e-02,-7.2602315932e-02,-2.9835284671e-02,2.2991236968e-03,-0.9946179253,-0.1036107262,-0.1036107262,0.9946179253,4.1609537798e-01,3.7879891931e-02,4.9691664423e-01,-1.03797007e-01,2.38006692e-04,1.19594970e-04

DETAILED CIRCLE DATA:

Region 0 (8 circles):
Circle_Index,Center_X,Center_Y,Radius
0,-7.9533050718e-02,2.2638540343e-03,3.8596560918e-03
1,-7.9777301884e-02,6.0889588752e-03,3.8041828570e-03
2,-7.9979475523e-02,9.8590123711e-03,3.7448288992e-03
3,-8.0138457890e-02,1.3569795557e-02,3.6816417931e-03
4,-8.0253135243e-02,1.7217089467e-02,3.6146759578e-03
5,-8.0322393839e-02,2.0796675136e-02,3.5439938527e-03
6,-8.0345119935e-02,2.4304333599e-02,3.4696674307e-03
7,-8.0320199787e-02,2.7735845891e-02,3.3917799105e-03

Region 1 (8 circles):
Circle_Index,Center_X,Center_Y,Radius
0,-8.0246519655e-02,3.1086993047e-02,3.3104279505e-03
1,-8.0122965793e-02,3.4353556101e-02,3.2257243275e-03
2,-7.9948424459e-02,3.7531316088e-02,3.1378012558e-03
3,-7.9721781911e-02,4.0616054042e-02,3.0468145207e-03
4,-7.9441924405e-02,4.3603551000e-02,2.9529486499e-03
5,-7.9107738198e-02,4.6489587995e-02,2.8564234174e-03
6,-7.8718109548e-02,4.9269946061e-02,2.7575020535e-03
7,-7.8271924711e-02,5.1940406235e-02,2.6565016462e-03

Region 2 (8 circles):
Circle_Index,Center_X,Center_Y,Radius
0,-7.7768069944e-02,5.4496749550e-02,2.5538063420e-03
1,-7.7205431506e-02,5.6934757042e-02,2.2016265149e-03
2,-7.6663106783e-02,5.8756929851e-02,1.9385757981e-03
3,-7.5943867055e-02,6.0597368845e-02,2.0171723851e-03
4,-7.5054597525e-02,6.2453720022e-02,2.1020418691e-03
5,-7.4002183401e-02,6.4323629384e-02,2.1908384171e-03
6,-7.2793509886e-02,6.6204742930e-02,2.2816184374e-03
7,-7.1435462187e-02,6.8094706661e-02,2.3727921558e-03

Region 3 (8 circles):
Circle_Index,Center_X,Center_Y,Radius
0,-6.9934925508e-02,6.9991166576e-02,2.4630678013e-03
1,-6.8298785054e-02,7.1891768676e-02,2.5513981323e-03
2,-6.6533926031e-02,7.3794158961e-02,2.6369335450e-03
3,-6.4647233644e-02,7.5695983430e-02,2.7189829098e-03
4,-6.2645593099e-02,7.7594888084e-02,2.7969817675e-03
5,-6.0535889600e-02,7.9488518922e-02,2.8704669140e-03
6,-5.8325008352e-02,8.1374521946e-02,2.9390562639e-03
7,-5.6019834562e-02,8.3250543155e-02,3.0024329577e-03

Region 4 (8 circles):
Circle_Index,Center_X,Center_Y,Radius
0,-5.3627253434e-02,8.5114228548e-02,3.0603328261e-03
1,-5.1154150173e-02,8.6963224127e-02,3.1125344894e-03
2,-4.8607409985e-02,8.8795175891e-02,3.1588515161e-03
3,-4.5993918075e-02,9.0607729840e-02,3.1991261919e-03
4,-4.3320559648e-02,9.2398531975e-02,3.2332245484e-03
5,-4.0594219909e-02,9.4165228295e-02,3.2610323822e-03
6,-3.7821784064e-02,9.5905464800e-02,3.2824520550e-03
7,-3.5010137318e-02,9.7616887491e-02,3.2973999148e-03

Region 5 (8 circles):
Circle_Index,Center_X,Center_Y,Radius
0,-3.2166164876e-02,9.9297142368e-02,3.3058042118e-03
1,-2.9296751943e-02,1.0094387543e-01,3.3076034157e-03
2,-2.6408783724e-02,1.0255473268e-01,3.3027448582e-03
3,-2.3509145425e-02,1.0412736011e-01,3.2911836463e-03
4,-2.0604722252e-02,1.0565940373e-01,3.2728818023e-03
5,-1.7702399408e-02,1.0714850954e-01,3.2478075995e-03
6,-1.4809062100e-02,1.0859232353e-01,3.2159350737e-03
7,-1.1931595532e-02,1.0998849171e-01,3.1772436951e-03

Region 6 (8 circles):
Circle_Index,Center_X,Center_Y,Radius
0,-9.0768849109e-03,1.1133466007e-01,3.1317181990e-03
1,-6.2518154405e-03,1.1262847462e-01,3.0793485793e-03
2,-3.4632723265e-03,1.1386758135e-01,3.0201302589e-03
3,-7.1814077401e-04,1.1504962628e-01,2.9540644672e-03
4,1.9766940116e-03,1.1617225539e-01,2.8811588699e-03
5,4.6143468251e-03,1.1723311468e-01,2.8014285192e-03
6,7.1879324614e-03,1.1822985016e-01,2.7148972322e-03
7,9.6905657151e-03,1.1916010783e-01,2.6215995538e-03

Region 7 (8 circles):
Circle_Index,Center_X,Center_Y,Radius
0,1.2115361381e-02,1.2002153369e-01,2.5215835425e-03
1,1.4455434254e-02,1.2081177373e-01,2.4149147490e-03
2,1.6703899129e-02,1.2152847396e-01,2.3016819596e-03
3,1.8853870800e-02,1.2216928037e-01,2.1820056293e-03
4,2.0898464063e-02,1.2273183898e-01,1.9415746608e-03
5,2.2614393372e-02,1.2313465235e-01,1.8430325202e-03
6,2.4504889943e-02,1.2348938485e-01,1.9990924476e-03
7,2.6556874002e-02,1.2379552500e-01,2.1450244301e-03

Region 8 (8 circles):
Circle_Index,Center_X,Center_Y,Radius
0,2.8757265773e-02,1.2405256135e-01,2.2801325703e-03
1,3.1092985483e-02,1.2425998244e-01,2.4039535903e-03
2,3.3550953356e-02,1.2441727681e-01,2.5161732857e-03
3,3.6118089620e-02,1.2452393301e-01,2.6165770820e-03
4,3.8781314498e-02,1.2457943958e-01,2.7050198291e-03
5,4.1527548218e-02,1.2458328505e-01,2.7814069145e-03
6,4.4343711005e-02,1.2453495797e-01,2.8456823257e-03
7,4.7216723083e-02,1.2443394689e-01,2.8978211695e-03

Region 9 (8 circles):
Circle_Index,Center_X,Center_Y,Radius
0,5.0133504680e-02,1.2427974034e-01,2.9378252063e-03
1,5.3080976020e-02,1.2407182687e-01,2.9657205592e-03
2,5.6046057329e-02,1.2380969501e-01,2.9815571315e-03
3,5.9015668833e-02,1.2349283332e-01,2.9854095142e-03
4,6.1976730757e-02,1.2312073032e-01,2.9773793463e-03
5,6.4916163328e-02,1.2269287457e-01,2.9575992514e-03
6,6.7820886770e-02,1.2220875460e-01,2.9262386384e-03
7,7.0677821309e-02,1.2166785896e-01,2.8835118453e-03

Region 10 (8 circles):
Circle_Index,Center_X,Center_Y,Radius
0,7.3473887172e-02,1.2106967619e-01,2.8296893590e-03
1,7.6196004583e-02,1.2041369483e-01,2.7651131931e-03
2,7.8831093768e-02,1.1969940342e-01,2.6902180002e-03
3,8.1366074953e-02,1.1892629051e-01,2.6055602103e-03
4,8.3787868363e-02,1.1809384463e-01,2.5118585140e-03
5,8.6083394225e-02,1.1720155433e-01,2.4100504561e-03
6,8.8239572763e-02,1.1624890815e-01,2.3013718479e-03
7,9.0243324204e-02,1.1523539464e-01,2.1874680292e-03

Region 11 (8 circles):
Circle_Index,Center_X,Center_Y,Radius
0,9.2081568773e-02,1.1416050232e-01,2.0705479783e-03
1,9.3741226695e-02,1.1302371975e-01,1.9535914674e-03
2,9.5209218197e-02,1.1182453547e-01,1.8406096437e-03
3,9.6472463503e-02,1.1056243802e-01,1.7369274665e-03
4,9.7517882840e-02,1.0923691593e-01,1.6493829538e-03
5,9.8332396434e-02,1.0784745777e-01,1.5862190628e-03
6,9.8902924509e-02,1.0639355205e-01,1.5563567924e-03
7,9.9216387291e-02,1.0487468733e-01,1.5679004292e-03

Region 12 (8 circles):
Circle_Index,Center_X,Center_Y,Radius
0,9.9259705007e-02,1.0329035215e-01,2.2826028092e-03
1,9.9044595196e-02,1.0031784699e-01,3.0301553008e-03
2,9.8748252942e-02,9.7252104044e-02,3.1290068647e-03
3,9.8372685554e-02,9.4096392472e-02,3.2259271966e-03
4,9.7919900339e-02,9.0853981441e-02,3.3206822733e-03
5,9.7391904607e-02,8.7528140116e-02,3.4130732141e-03
6,9.6790705666e-02,8.4122137663e-02,3.5029302436e-03
7,9.6118310825e-02,8.0639243246e-02,3.5901077873e-03

Region 13 (8 circles):
Circle_Index,Center_X,Center_Y,Radius
0,9.5376727394e-02,7.7082726031e-02,3.6744804786e-03
1,9.4567962680e-02,7.3455855183e-02,3.7559398964e-03
2,9.3694023992e-02,6.9761899867e-02,3.8343918907e-03
3,9.2756918639e-02,6.6004129248e-02,3.9097543809e-03
4,9.1758653930e-02,6.2185812491e-02,3.9819555371e-03
5,9.0701237174e-02,5.8310218761e-02,4.0509322710e-03
6,8.9586675679e-02,5.4380617223e-02,4.1166289787e-03
7,8.8416976754e-02,5.0400277044e-02,4.1789964892e-03

Region 14 (8 circles):
Circle_Index,Center_X,Center_Y,Radius
0,8.7194147707e-02,4.6372467386e-02,4.2379911816e-03
1,8.5920195848e-02,4.2300457417e-02,4.2935742406e-03
2,8.4597128486e-02,3.8187516300e-02,4.3457110270e-03
3,8.3226952928e-02,3.4036913202e-02,4.3943705424e-03
4,8.1811676484e-02,2.9851917286e-02,4.4395249733e-03
5,8.0353306462e-02,2.5635797719e-02,4.4811493012e-03
6,7.8853850172e-02,2.1391823665e-02,4.5192209681e-03
7,7.7315314921e-02,1.7123264289e-02,4.5537195878e-03

Region 15 (8 circles):
Circle_Index,Center_X,Center_Y,Radius
0,7.5739708019e-02,1.2833388757e-02,4.5846266974e-03
1,7.4129036774e-02,8.5254662338e-03,4.6119255417e-03
2,7.2485308495e-02,4.2027658842e-03,4.6356008859e-03
3,7.0810530492e-02,-1.3144312646e-04,4.6556388529e-03
4,6.9106710071e-02,-4.4738916331e-03,4.6720267802e-03
5,6.7375854543e-02,-8.8213104706e-03,4.6847530961e-03
6,6.5619971216e-02,-1.3170430474e-02,4.6938072099e-03
7,6.3841067399e-02,-1.7517982478e-02,4.6991794161e-03

Region 16 (8 circles):
Circle_Index,Center_X,Center_Y,Radius
0,6.2041150400e-02,-2.1860697317e-02,4.7008608101e-03
1,6.0222227528e-02,-2.6195305827e-02,4.6988432131e-03
2,5.8386306092e-02,-3.0518538842e-02,4.6931191069e-03
3,5.6535393401e-02,-3.4827127197e-02,4.6836815758e-03
4,5.4671496764e-02,-3.9117801728e-02,4.6705242549e-03
5,5.2796623488e-02,-4.3387293268e-02,4.6536412852e-03
6,5.0912780883e-02,-4.7632332653e-02,4.6330272736e-03
7,4.9021976258e-02,-5.1849650718e-02,4.6086772576e-03

Region 17 (8 circles):
Circle_Index,Center_X,Center_Y,Radius
0,4.7126216922e-02,-5.6035978297e-02,4.5805866750e-03
1,4.5227510182e-02,-6.0188046226e-02,4.5487513362e-03
2,4.3327863348e-02,-6.4302585339e-02,4.5131674021e-03
3,4.1429283729e-02,-6.8376326471e-02,4.4738313635e-03
4,3.9533778633e-02,-7.2406000458e-02,4.4307400255e-03
5,3.7643355369e-02,-7.6388338133e-02,4.3838904933e-03
6,3.5760021245e-02,-8.0320070333e-02,4.3332801627e-03
7,3.3885783571e-02,-8.4197927891e-02,4.2789067130e-03

Region 18 (8 circles):
Circle_Index,Center_X,Center_Y,Radius
0,3.2022649656e-02,-8.8018641643e-02,4.2207681031e-03
1,3.0172626807e-02,-9.1778942423e-02,4.1588625716e-03
2,2.8337722334e-02,-9.5475561067e-02,4.0931886402e-03
3,2.6519943545e-02,-9.9105228409e-02,4.0237451219e-03
4,2.4721297749e-02,-1.0266467528e-01,3.9505311338e-03
5,2.2943792256e-02,-1.0615063253e-01,3.8735461158e-03
6,2.1189434373e-02,-1.0955983097e-01,3.7927898564e-03
7,1.9460231409e-02,-1.1288900146e-01,3.7082625267e-03

Region 19 (8 circles):
Circle_Index,Center_X,Center_Y,Radius
0,1.7758190673e-02,-1.1613487481e-01,3.6199647249e-03
1,1.6085319474e-02,-1.1929418188e-01,3.5278975343e-03
2,1.4443625121e-02,-1.2236365349e-01,3.4320625975e-03
3,1.2835114922e-02,-1.2534002047e-01,3.3324622129e-03
4,1.1261796186e-02,-1.2822001367e-01,3.2290994588e-03
5,9.7256762212e-03,-1.3100036391e-01,3.1219783559e-03
6,8.2287623373e-03,-1.3367780204e-01,3.0111040799e-03
7,6.7730618426e-03,-1.3624905888e-01,2.8964832434e-03

Region 20 (7 circles):
Circle_Index,Center_X,Center_Y,Radius
0,5.3605820458e-03,-1.3871086527e-01,2.0869893030e-03
1,4.6048726134e-03,-1.3981227737e-01,1.4104916165e-03
2,3.6159215425e-03,-1.4092039234e-01,1.5611014166e-03
3,2.4113031063e-03,-1.4202878580e-01,1.7104655862e-03
4,1.0085915777e-03,-1.4313103332e-01,1.8529760255e-03
5,-5.7463877006e-04,-1.4422071051e-01,1.9851354655e-03
6,-2.3208136639e-03,-1.4529139295e-01,2.1047135955e-03

Region 21 (7 circles):
Circle_Index,Center_X,Center_Y,Radius
0,-4.2123588307e-03,-1.4633665624e-01,2.2102547257e-03
1,-6.2316999973e-03,-1.4735007597e-01,2.3007918253e-03
2,-8.3612628906e-03,-1.4832522774e-01,2.3756780805e-03
3,-1.0583473238e-02,-1.4925568713e-01,2.4344859901e-03
4,-1.2880756765e-02,-1.5013502974e-01,2.4769463919e-03
5,-1.5235539200e-02,-1.5095683116e-01,2.5029121449e-03
6,-1.7630246269e-02,-1.5171466698e-01,2.5123380334e-03

Region 22 (7 circles):
Circle_Index,Center_X,Center_Y,Radius
0,-2.0047303699e-02,-1.5240211280e-01,2.5052724227e-03
1,-2.2469137218e-02,-1.5301274420e-01,2.4818586896e-03
2,-2.4878172551e-02,-1.5354013679e-01,2.4423462931e-03
3,-2.7256835426e-02,-1.5397786616e-01,2.3871130636e-03
4,-2.9587551570e-02,-1.5431950788e-01,2.3167023222e-03
5,-3.1852746710e-02,-1.5455863757e-01,2.2318813050e-03
6,-3.4034846572e-02,-1.5468883081e-01,2.1337317541e-03

Region 23 (7 circles):
Circle_Index,Center_X,Center_Y,Radius
0,-3.6116276883e-02,-1.5470366319e-01,2.0237904216e-03
1,-3.8079463371e-02,-1.5459671031e-01,1.9042676898e-03
2,-3.9906831762e-02,-1.5436154776e-01,1.7783864604e-03
3,-4.1580807782e-02,-1.5399175113e-01,1.6508946027e-03
4,-4.3083817160e-02,-1.5348089602e-01,1.5287841765e-03
5,-4.4398285622e-02,-1.5282255801e-01,1.4221142107e-03
6,-4.5506638894e-02,-1.5201031270e-01,1.3444260436e-03

Region 24 (7 circles):
Circle_Index,Center_X,Center_Y,Radius
0,-4.6391302704e-02,-1.5103773568e-01,1.3115944473e-03
1,-4.7034702779e-02,-1.4989840255e-01,1.9791821341e-03
2,-4.8045199926e-02,-1.4744872163e-01,2.7052620136e-03
3,-4.9059283006e-02,-1.4488111448e-01,2.8140793134e-03
4,-5.0075838276e-02,-1.4219980007e-01,2.9190962031e-03
5,-5.1093751992e-02,-1.3940899736e-01,3.0202391222e-03
6,-5.2111910412e-02,-1.3651292531e-01,3.1174481616e-03

Region 25 (7 circles):
Circle_Index,Center_X,Center_Y,Radius
0,-5.3129199793e-02,-1.3351580289e-01,3.2106741758e-03
1,-5.4144506392e-02,-1.3042184908e-01,3.2998766011e-03
2,-5.5156716465e-02,-1.2723528282e-01,3.3850217901e-03
3,-5.6164716271e-02,-1.2396032309e-01,3.4660817254e-03
4,-5.7167392065e-02,-1.2060118885e-01,3.5430330190e-03
5,-5.8163630106e-02,-1.1716209907e-01,3.6158561263e-03
6,-5.9152316649e-02,-1.1364727271e-01,3.6845347247e-03

Region 26 (7 circles):
Circle_Index,Center_X,Center_Y,Radius
0,-6.0132337953e-02,-1.1006092874e-01,3.7490552197e-03
1,-6.1102580274e-02,-1.0640728613e-01,3.8094063498e-03
2,-6.2061929869e-02,-1.0269056383e-01,3.8655788699e-03
3,-6.3009272996e-02,-9.8914980814e-02,3.9175652971e-03
4,-6.3943495911e-02,-9.5084756049e-02,3.9653597063e-03
5,-6.4863484871e-02,-9.1204108497e-02,4.0089575670e-03
6,-6.5768126134e-02,-8.7277257125e-02,4.0483556141e-03

Region 27 (7 circles):
Circle_Index,Center_X,Center_Y,Radius
0,-6.6656305956e-02,-8.3308420898e-02,4.0835517462e-03
1,-6.7526910595e-02,-7.9301818781e-02,4.1145449486e-03
2,-6.8378826308e-02,-7.5261669738e-02,4.1413352363e-03
3,-6.9210939351e-02,-7.1192192736e-02,4.1639236165e-03
4,-7.0022135982e-02,-6.7097606740e-02,4.1823120659e-03
5,-7.0811302457e-02,-6.2982130714e-02,4.1965035252e-03
6,-7.1577325035e-02,-5.8849983625e-02,4.2065019068e-03

Region 28 (7 circles):
Circle_Index,Center_X,Center_Y,Radius
0,-7.2319089972e-02,-5.4705384436e-02,4.2123121180e-03
1,-7.3035483524e-02,-5.0552552115e-02,4.2139400972e-03
2,-7.3725391950e-02,-4.6395705624e-02,4.2113928668e-03
3,-7.4387701505e-02,-4.2239063931e-02,4.2046786002e-03
4,-7.5021298448e-02,-3.8086846000e-02,4.1938067070e-03
5,-7.5625069035e-02,-3.3943270797e-02,4.1787879368e-03
6,-7.6197899523e-02,-2.9812557286e-02,4.1596345040e-03

Region 29 (7 circles):
Circle_Index,Center_X,Center_Y,Radius
0,-7.6738676169e-02,-2.5698924434e-02,4.1363602370e-03
1,-7.7246285231e-02,-2.1606591204e-02,4.1089807550e-03
2,-7.7719612965e-02,-1.7539776563e-02,4.0775136766e-03
3,-7.8157545628e-02,-1.3502699475e-02,4.0419788668e-03
4,-7.8558969478e-02,-9.4995789063e-03,4.0023987277e-03
5,-7.8922770772e-02,-5.5346338217e-03,3.9587985426e-03
6,-7.9247835766e-02,-1.6120831864e-03,3.9112068831e-03
