Region Metadata for: shape_19.txt
================================================================================

REGION DEFINITION: Circle union (one circle per point)
  Each point gets a circle with radius = average distance to neighbors

Total vertices: 251
Number of regions: 30
Points per region:
  Region 0: 9 points
  Region 1: 9 points
  Region 2: 9 points
  Region 3: 9 points
  Region 4: 9 points
  Region 5: 9 points
  Region 6: 9 points
  Region 7: 9 points
  Region 8: 9 points
  Region 9: 9 points
  Region 10: 9 points
  Region 11: 8 points
  Region 12: 8 points
  Region 13: 8 points
  Region 14: 8 points
  Region 15: 8 points
  Region 16: 8 points
  Region 17: 8 points
  Region 18: 8 points
  Region 19: 8 points
  Region 20: 8 points
  Region 21: 8 points
  Region 22: 8 points
  Region 23: 8 points
  Region 24: 8 points
  Region 25: 8 points
  Region 26: 8 points
  Region 27: 8 points
  Region 28: 8 points
  Region 29: 8 points

REGION SUMMARY:
Region_Index,Num_Points,BBox_Min_X,BBox_Max_X,BBox_Min_Y,BBox_Max_Y,Normal_X,Normal_Y,Tangent_X,Tangent_Y,Fitted_Circle_X,Fitted_Circle_Y,Fitted_Circle_Radius,Local_AoA_Rad,Union_Area,Collection_Area
0,9,-4.9214766815e-02,-2.3687420060e-02,-2.0299603778e-03,2.5640441183e-02,-0.7444801921,0.6676445488,0.6676445488,0.7444801921,-4.0440414976e-01,3.4027298350e-01,-4.9339510421e-01,7.31040394e-01,2.25501443e-04,1.12473831e-04
1,9,-2.9061017036e-02,1.6432956516e-03,2.0710165839e-02,5.5708050105e-02,-0.7665955933,0.6421302020,0.6421302020,0.7665955933,-2.7039653153e+00,2.2897607790e+00,-3.5081395389e+00,6.97273825e-01,3.42526431e-04,1.71177249e-04
2,9,-4.5364669306e-03,2.8481706954e-02,5.0110085278e-02,8.7486931940e-02,-0.7636327349,0.6456508702,0.6456508702,0.7636327349,1.6304566509e+00,-1.2989455341e+00,2.1190955355e+00,7.01875310e-01,3.92389403e-04,1.96510635e-04
3,9,2.2308933266e-02,5.4780050140e-02,8.1773755183e-02,1.1658323046e-01,-0.7394996337,0.6731569593,0.6731569593,0.7394996337,5.5858676445e-01,-3.7336683048e-01,7.0287594887e-01,7.38469585e-01,3.57537299e-04,1.79582468e-04
4,9,4.9408545934e-02,7.8519278983e-02,1.1128844542e-01,1.3863180692e-01,-0.6765882186,0.7363615841,0.7363615841,0.6765882186,2.3326421426e-01,-5.7921985938e-02,2.4967885180e-01,8.27676910e-01,2.53085117e-04,1.27472269e-04
5,9,7.4662555772e-02,9.7830868728e-02,1.3420824816e-01,1.4941804405e-01,-0.4870324333,0.8733838840,0.8733838840,0.4870324333,1.1581302471e-01,9.1024258110e-02,5.9866917586e-02,1.06210759e+00,1.26137027e-04,6.43934822e-05
6,9,9.5782079752e-02,1.1191949295e-01,1.4215176936e-01,1.4992103016e-01,0.2971732477,0.9548235758,0.9548235758,-0.2971732477,1.0095310776e-01,1.3616207198e-01,1.2055765829e-02,1.87252711e+00,5.61262195e-05,2.98013194e-05
7,9,1.0925257387e-01,1.1960039092e-01,1.1910749965e-01,1.4442036801e-01,0.9665284789,0.2565593487,0.2565593487,-0.9665284789,6.5558171943e-02,1.1988990777e-01,5.1045690560e-02,2.88213195e+00,1.29876824e-04,6.67447017e-05
8,9,1.1118625753e-01,1.1994787503e-01,9.0539952132e-02,1.2210942044e-01,0.9959437656,-0.0899778630,-0.0899778630,-0.9959437656,1.4503143526e-02,1.1577140985e-01,1.0238027123e-01,-3.05149294e+00,1.86100640e-04,9.44333183e-05
9,9,1.0118962666e-01,1.1720300459e-01,5.9681753735e-02,9.3990116508e-02,0.9506117607,-0.3103824743,-0.3103824743,-0.9506117607,-6.1359596917e-02,1.3292163442e-01,1.8022205642e-01,-2.82599730e+00,2.36168573e-04,1.19196257e-04
10,9,8.5426672686e-02,1.0727161902e-01,2.7727831290e-02,6.3744681476e-02,0.8955423974,-0.4449761954,-0.4449761954,-0.8955423974,-1.7282242153e-01,1.7984428830e-01,3.0120108030e-01,-2.68044497e+00,2.85307544e-04,1.43534973e-04
11,8,6.7954673982e-02,9.1562635479e-02,-6.8272330104e-04,3.2327981644e-02,0.8500510931,-0.5267002365,-0.5267002365,-0.8500510931,-3.0362111232e-01,2.5357295527e-01,4.5136976700e-01,-2.58687862e+00,2.85216986e-04,1.43219476e-04
12,8,4.8453276079e-02,7.4037231142e-02,-2.8295553033e-02,4.2396272971e-03,0.8147699660,-0.5797843586,-0.5797843586,-0.8147699660,-4.3833932899e-01,3.4356089807e-01,6.1338973589e-01,-2.52312865e+00,2.95088199e-04,1.48030209e-04
13,8,2.8091451643e-02,5.4345310360e-02,-5.4347909150e-02,-2.3238897425e-02,0.7857065002,-0.6185994629,-0.6185994629,-0.7857065002,-5.7011757405e-01,4.4246965567e-01,7.7816420615e-01,-2.47463372e+00,2.84732237e-04,1.42738548e-04
14,8,8.0335541433e-03,3.3633937662e-02,-7.8081662094e-02,-4.9366751904e-02,0.7615805301,-0.6480702864,-0.6480702864,-0.7615805301,-6.8056376336e-01,5.3292398811e-01,9.2092743255e-01,-2.43654478e+00,2.53960859e-04,1.27262713e-04
15,8,-1.0558586649e-02,1.3054447031e-02,-9.8741206005e-02,-7.3398826069e-02,0.7412493503,-0.6712297675,-0.6712297675,-0.7412493503,-7.4622316826e-01,5.9041284877e-01,1.0081990515e+00,-2.40572606e+00,2.05939373e-04,1.03108518e-04
16,8,-2.4454887052e-02,-6.2394781921e-03,-1.1334019733e-01,-9.4587660488e-02,0.7207223767,-0.6932238136,-0.6932238136,-0.7207223767,-3.9981128157e-01,2.6208107787e-01,5.3092546655e-01,-2.37564014e+00,1.28638226e-04,6.46497672e-05
17,8,-3.6299637827e-02,-2.2784569242e-02,-1.1578564640e-01,-1.1129171153e-01,0.1025493667,-0.9947279163,-0.9947279163,-0.1025493667,-3.0672910664e-02,-9.9473521344e-02,1.4771595423e-02,-1.67352629e+00,3.91313716e-05,2.05005318e-05
18,8,-5.1895512783e-02,-3.4470656828e-02,-1.1518593620e-01,-1.0533002835e-01,-0.3960324508,-0.9182365152,-0.9182365152,0.3960324508,-1.9287888575e-02,-5.6068803314e-02,5.9787953221e-02,-1.16360436e+00,7.14346708e-05,3.63067394e-05
19,8,-6.8313506178e-02,-4.9272897451e-02,-1.0881175381e-01,-9.4572232544e-02,-0.5522824095,-0.8336570879,-0.8336570879,0.5522824095,4.2263939012e-02,5.0404348405e-02,1.8282675522e-01,-9.85696736e-01,9.78581029e-05,4.92457303e-05
20,8,-8.3123967483e-02,-6.5371119716e-02,-9.8056604762e-02,-8.3432963877e-02,-0.6057526721,-0.7956530024,-0.7956530024,0.6057526721,3.0588221316e-01,4.0837082211e-01,6.2741415910e-01,-9.20084819e-01,9.12793227e-05,4.57289676e-05
21,8,-9.3713669210e-02,-8.0536284303e-02,-8.6402077021e-02,-7.5777998494e-02,-0.5968346432,-0.8023642619,-0.8023642619,0.5968346432,-2.1770838000e-01,-2.5490619915e-01,-2.1759359299e-01,-9.31246071e-01,5.14317480e-05,2.56677148e-05
22,8,-9.9220712328e-02,-9.2413948805e-02,-7.7237171918e-02,-6.9697971708e-02,-0.7553941417,-0.6552707003,-0.6552707003,0.7553941417,-7.5748322459e-02,-5.6541972052e-02,2.6487211592e-02,-7.14540921e-01,1.81959727e-05,9.28396114e-06
23,8,-1.0313689150e-01,-9.7458928133e-02,-7.1103733924e-02,-6.1322050635e-02,-0.9110403936,-0.4123171125,-0.4123171125,0.9110403936,-7.5821458692e-02,-5.4940896290e-02,2.7298474294e-02,-4.24995973e-01,2.27669730e-05,1.16269740e-05
24,8,-1.0336775701e-01,-9.8815160141e-02,-6.2382621751e-02,-5.2987302185e-02,-0.9620476028,0.2728816776,0.2728816776,0.9620476028,-9.4437385717e-02,-5.9985670439e-02,7.9925593792e-03,2.76387123e-01,2.12072464e-05,1.09772890e-05
25,8,-1.0107423666e-01,-9.0252718545e-02,-5.4787921191e-02,-4.1750059283e-02,-0.7926664945,0.6096554999,0.6096554999,0.7926664945,-1.4587540854e-02,-1.1100521750e-01,1.0271875177e-01,6.55625909e-01,4.96002815e-05,2.50123393e-05
26,8,-9.2775625471e-02,-7.9501444981e-02,-4.4082882132e-02,-3.0185362384e-02,-0.7294637071,0.6840195173,0.6840195173,0.7294637071,7.8277645601e-02,-1.9152857311e-01,2.2565135767e-01,7.53258736e-01,6.33808012e-05,3.18837338e-05
27,8,-8.2092219343e-02,-6.8160203144e-02,-3.2772823381e-02,-1.9239253342e-02,-0.6925902196,0.7213312607,0.7213312607,0.6925902196,2.0988580190e-01,-3.2286804955e-01,4.1159188086e-01,8.05722548e-01,6.46861971e-05,3.24336025e-05
28,8,-7.0585795643e-02,-5.7814794331e-02,-2.1766700455e-02,-9.8447116070e-03,-0.6722615556,0.7403137179,0.7403137179,0.6722615556,4.7337087618e-01,-6.0766871520e-01,7.9958626026e-01,8.33536899e-01,5.24855970e-05,2.62854301e-05
29,8,-5.9829247165e-02,-4.5445263673e-02,-1.1984584305e-02,1.6953742025e-03,-0.6807964080,0.7324726963,0.7324726963,0.6807964080,-1.8700141234e-01,1.3862806984e-01,-1.9693199535e-01,8.21946954e-01,7.19871773e-05,3.57464426e-05

DETAILED CIRCLE DATA:

Region 0 (9 circles):
Circle_Index,Center_X,Center_Y,Radius
0,-4.6241981521e-02,9.4282491554e-04,2.9727852933e-03
1,-4.4140155131e-02,3.1460431438e-03,3.1142115825e-03
2,-4.1968153879e-02,5.4734412770e-03,3.2496900958e-03
3,-3.9728798410e-02,7.9189804362e-03,3.3791140378e-03
4,-3.7424909370e-02,1.0476621742e-02,3.5023995157e-03
5,-3.5059307402e-02,1.3140326315e-02,3.6194800072e-03
6,-3.2634813154e-02,1.5904055277e-02,3.7303023731e-03
7,-3.0154247269e-02,1.8761769748e-02,3.8348239395e-03
8,-2.7620430394e-02,2.1707430849e-02,3.9330103340e-03

Region 1 (9 circles):
Circle_Index,Center_X,Center_Y,Radius
0,-2.5036183173e-02,2.4734999702e-02,4.0248338630e-03
1,-2.2404326252e-02,2.7838437426e-02,4.1102722817e-03
2,-1.9727680276e-02,3.1011705142e-02,4.1893078558e-03
3,-1.7009065890e-02,3.4248763973e-02,4.2619266412e-03
4,-1.4251303740e-02,3.7543575037e-02,4.3281179299e-03
5,-1.1457214470e-02,4.0890099457e-02,4.3878738240e-03
6,-8.6296187261e-03,4.4282298353e-02,4.4411889113e-03
7,-5.7713371533e-03,4.7714132846e-02,4.4880600215e-03
8,-2.8851903969e-03,5.1179564057e-02,4.5284860485e-03

Region 2 (9 circles):
Circle_Index,Center_X,Center_Y,Radius
0,2.6000897977e-05,5.4672553106e-02,4.5624678285e-03
1,2.9594160860e-03,5.8187061115e-02,4.5900080662e-03
2,5.9122345219e-03,6.1717049205e-02,4.6111113032e-03
3,8.8816355605e-03,6.5256478495e-02,4.6257839266e-03
4,1.1864798557e-02,6.8799310108e-02,4.6340342159e-03
5,1.4858902865e-02,7.2339505163e-02,4.6358724277e-03
6,1.7861127840e-02,7.5871024783e-02,4.6313109205e-03
7,2.0868652837e-02,7.9387830087e-02,4.6203643218e-03
8,2.3878657210e-02,8.2883882196e-02,4.6030497434e-03

Region 3 (9 circles):
Circle_Index,Center_X,Center_Y,Radius
0,2.6888320315e-02,8.6353142232e-02,4.5793870491e-03
1,2.9894821506e-02,8.9789571315e-02,4.5493991858e-03
2,3.2895340137e-02,9.3187130566e-02,4.5131125869e-03
3,3.5887055564e-02,9.6539781107e-02,4.4705576634e-03
4,3.8867147142e-02,9.9841484056e-02,4.4217694003e-03
5,4.1832794224e-02,1.0308620054e-01,4.3667880817e-03
6,4.4781176166e-02,1.0626789167e-01,4.3056601739e-03
7,4.7709472323e-02,1.0938051857e-01,4.2384394051e-03
8,5.0614862049e-02,1.1241804237e-01,4.1651880904e-03

Region 4 (9 circles):
Circle_Index,Center_X,Center_Y,Radius
0,5.3494524700e-02,1.1537442418e-01,4.0859787658e-03
1,5.6345639629e-02,1.1824362513e-01,4.0008962152e-03
2,5.9165386192e-02,1.2101960633e-01,3.9100399992e-03
3,6.1950943743e-02,1.2369632891e-01,3.8135276311e-03
4,6.4699491637e-02,1.2626775399e-01,3.7114985925e-03
5,6.7408209230e-02,1.2872784268e-01,3.6041194486e-03
6,7.0074275875e-02,1.3107055611e-01,3.4915904117e-03
7,7.2694870927e-02,1.3328985541e-01,3.3741538289e-03
8,7.5267173742e-02,1.3537970168e-01,3.2521052412e-03

Region 5 (9 circles):
Circle_Index,Center_X,Center_Y,Radius
0,7.7788363674e-02,1.3733405606e-01,3.1258079011e-03
1,8.0255620077e-02,1.3914687966e-01,2.9957119642e-03
2,8.2666122307e-02,1.4081213360e-01,2.8623800048e-03
3,8.5017049718e-02,1.4232377901e-01,2.7265210826e-03
4,8.7305581665e-02,1.4367577700e-01,2.5890362646e-03
5,8.9528897503e-02,1.4486208870e-01,2.4510792105e-03
6,9.1684176587e-02,1.4587667522e-01,2.3141357897e-03
7,9.3768598271e-02,1.4671349769e-01,2.1801258990e-03
8,9.5779341910e-02,1.4736651723e-01,2.0515268181e-03

Region 6 (9 circles):
Circle_Index,Center_X,Center_Y,Radius
0,9.7713586859e-02,1.4782969496e-01,1.9315071067e-03
1,9.9568512472e-02,1.4809699201e-01,1.8240381526e-03
2,1.0134129811e-01,1.4816236948e-01,1.7339136893e-03
3,1.0302912311e-01,1.4801978850e-01,1.6665658156e-03
4,1.0462916685e-01,1.4766321020e-01,1.6275613021e-03
5,1.0613860867e-01,1.4708659569e-01,1.6217659352e-03
6,1.0755462793e-01,1.4628390609e-01,1.6523965830e-03
7,1.0887440398e-01,1.4524910253e-01,1.7203829181e-03
8,1.1009511618e-01,1.4397614613e-01,1.8243767701e-03

Region 7 (9 circles):
Circle_Index,Center_X,Center_Y,Radius
0,1.1121394388e-01,1.4245899800e-01,1.9613700105e-03
1,1.1222806644e-01,1.4069161927e-01,2.1275550408e-03
2,1.1313466321e-01,1.3866797106e-01,2.3190551174e-03
3,1.1393091355e-01,1.3638201449e-01,2.6480331043e-03
4,1.1470872644e-01,1.3361381155e-01,2.8829637555e-03
5,1.1536446233e-01,1.3079864826e-01,2.9004740200e-03
6,1.1590038224e-01,1.2793799222e-01,2.9225392540e-03
7,1.1631874718e-01,1.2503331106e-01,2.9487178716e-03
8,1.1662181818e-01,1.2208607239e-01,2.9785727359e-03

Region 8 (9 circles):
Circle_Index,Center_X,Center_Y,Radius
0,1.1681185627e-01,1.1909774383e-01,3.0116766185e-03
1,1.1689112245e-01,1.1606979299e-01,3.0476165755e-03
2,1.1686187776e-01,1.1300368748e-01,3.0859972665e-03
3,1.1672638322e-01,1.0990089494e-01,3.1264432959e-03
4,1.1648689984e-01,1.0676288296e-01,3.1686006937e-03
5,1.1614568866e-01,1.0359111917e-01,3.2121376665e-03
6,1.1570501068e-01,1.0038707117e-01,3.2567447554e-03
7,1.1516712694e-01,9.7152206599e-02,3.3021345286e-03
8,1.1453429846e-01,9.3887993057e-02,3.3480409245e-03

Region 9 (9 circles):
Circle_Index,Center_X,Center_Y,Radius
0,1.1380878625e-01,9.0595898162e-02,3.3942183459e-03
1,1.1299285134e-01,8.7277389531e-02,3.4404405866e-03
2,1.1208875474e-01,8.3933934779e-02,3.4864996600e-03
3,1.1109875749e-01,8.0567001522e-02,3.5322045799e-03
4,1.1002512061e-01,7.7178057376e-02,3.5773801345e-03
5,1.0887010511e-01,7.3768569956e-02,3.6218656829e-03
6,1.0763597201e-01,7.0340006877e-02,3.6655139945e-03
7,1.0632498235e-01,6.6893835757e-02,3.7081901444e-03
8,1.0493939713e-01,6.3431524209e-02,3.7497704748e-03

Region 10 (9 circles):
Circle_Index,Center_X,Center_Y,Radius
0,1.0348147739e-01,5.9954539851e-02,3.7901416257e-03
1,1.0195348414e-01,5.6464350297e-02,3.8291996357e-03
2,1.0035767841e-01,5.2962423163e-02,3.8668491143e-03
3,9.8696321214e-02,4.9450226065e-02,3.9030024811e-03
4,9.6971673577e-02,4.5929226618e-02,3.9375792705e-03
5,9.5185996521e-02,4.2400892439e-02,3.9705054967e-03
6,9.3341551068e-02,3.8866691142e-02,4.0017130763e-03
7,9.1440598239e-02,3.5328090344e-02,4.0311393027e-03
8,8.9485399056e-02,3.1786557659e-02,4.0587263697e-03

Region 11 (8 circles):
Circle_Index,Center_X,Center_Y,Radius
0,8.7478214541e-02,2.8243560705e-02,4.0844209385e-03
1,8.5421305715e-02,2.4700567096e-02,4.1081737460e-03
2,8.3316933600e-02,2.1159044448e-02,4.1299392494e-03
3,8.1167359219e-02,1.7620460377e-02,4.1496753036e-03
4,7.8974843592e-02,1.4086282498e-02,4.1673428705e-03
5,7.6741647741e-02,1.0557978427e-02,4.1829057533e-03
6,7.4470032688e-02,7.0370157800e-03,4.1963303575e-03
7,7.2162259456e-02,3.5248621722e-03,4.2075854733e-03

Region 12 (8 circles):
Circle_Index,Center_X,Center_Y,Radius
0,6.9820589065e-02,2.2985219409e-05,4.2166420777e-03
1,6.7447282537e-02,-3.4671474628e-03,4.2234731560e-03
2,6.5044600894e-02,-6.9440682586e-03,4.2280535383e-03
3,6.2614805158e-02,-1.0406309553e-02,4.2303597518e-03
4,6.0160156351e-02,-1.3852403729e-02,4.2303698858e-03
5,5.7682915493e-02,-1.7280883172e-02,4.2280634695e-03
6,5.5185343608e-02,-2.0690280266e-02,4.2234213593e-03
7,5.2669701717e-02,-2.4079127395e-02,4.2164256376e-03

Region 13 (8 circles):
Circle_Index,Center_X,Center_Y,Radius
0,5.0138250841e-02,-2.7445956945e-02,4.2070595194e-03
1,4.7593252002e-02,-3.0789301298e-02,4.1953072671e-03
2,4.5036966222e-02,-3.4107692840e-02,4.1811541127e-03
3,4.2471654522e-02,-3.7399663955e-02,4.1645861868e-03
4,3.9899577925e-02,-4.0663747026e-02,4.1455904534e-03
5,3.7322997452e-02,-4.3898474440e-02,4.1241546495e-03
6,3.4744174125e-02,-4.7102378579e-02,4.1002672311e-03
7,3.2165368965e-02,-5.0273991828e-02,4.0739173219e-03

Region 14 (8 circles):
Circle_Index,Center_X,Center_Y,Radius
0,2.9588842995e-02,-5.3411846572e-02,4.0450946675e-03
1,2.7016857235e-02,-5.6514475194e-02,4.0137895928e-03
2,2.4451672709e-02,-5.9580410080e-02,3.9799929621e-03
3,2.1895550437e-02,-6.2608183614e-02,3.9436961438e-03
4,1.9350751441e-02,-6.5596328179e-02,3.9048909762e-03
5,1.6819536743e-02,-6.8543376161e-02,3.8635697371e-03
6,1.4304167364e-02,-7.1447859943e-02,3.8197251153e-03
7,1.1806904327e-02,-7.4308311910e-02,3.7733501841e-03

Region 15 (8 circles):
Circle_Index,Center_X,Center_Y,Radius
0,9.3300086536e-03,-7.7123264446e-02,3.7244383772e-03
1,6.8757413646e-03,-7.9891249937e-02,3.6729834658e-03
2,4.4463634822e-03,-8.2610800765e-02,3.6189795380e-03
3,2.0441360281e-03,-8.5280449315e-02,3.5624209791e-03
4,-3.2867997593e-04,-8.7898727972e-02,3.5033024540e-03
5,-2.6698235082e-03,-9.0464169120e-02,3.4416188902e-03
6,-4.9770335469e-03,-9.2975305143e-02,3.3773654625e-03
7,-7.2480490704e-03,-9.5430668426e-02,3.3105375784e-03

Region 16 (8 circles):
Circle_Index,Center_X,Center_Y,Radius
0,-9.4806090570e-03,-9.7828791353e-02,3.2411308648e-03
1,-1.1672452485e-02,-1.0016820631e-01,3.1691411559e-03
2,-1.3821318332e-02,-1.0244744568e-01,3.0945644809e-03
3,-1.5924945577e-02,-1.0466504184e-01,3.0173970542e-03
4,-1.7981073199e-02,-1.0681952719e-01,2.9376352648e-03
5,-1.9987440175e-02,-1.0890943410e-01,2.8552756676e-03
6,-2.1941785483e-02,-1.1093329496e-01,2.1334877640e-03
7,-2.3021313107e-02,-1.1190662338e-01,1.4335739455e-03

Region 17 (8 circles):
Circle_Index,Center_X,Center_Y,Radius
0,-2.4191929411e-02,-1.1269907170e-01,1.4073601693e-03
1,-2.5449104703e-02,-1.1331761599e-01,1.4072026449e-03
2,-2.6788309289e-02,-1.1376923234e-01,1.4298595996e-03
3,-2.8205013477e-02,-1.1406089681e-01,1.4712660079e-03
4,-2.9694687574e-02,-1.1419958549e-01,1.5271237963e-03
5,-3.1252801887e-02,-1.1419227446e-01,1.5933719414e-03
6,-3.2874826724e-02,-1.1404593979e-01,1.6664537435e-03
7,-3.4556232390e-02,-1.1376755755e-01,1.7434054372e-03

Region 18 (8 circles):
Circle_Index,Center_X,Center_Y,Radius
0,-3.6292489194e-02,-1.1336410383e-01,1.8218323664e-03
1,-3.8079067443e-02,-1.1284255470e-01,1.8998330981e-03
2,-3.9911437443e-02,-1.1220988624e-01,1.9759100878e-03
3,-4.1785069503e-02,-1.1147307453e-01,2.0488861958e-03
4,-4.3695433928e-02,-1.1063909563e-01,2.1178342387e-03
5,-4.5638001027e-02,-1.0971492564e-01,2.1820205896e-03
6,-4.7608241106e-02,-1.0870754063e-01,2.2408612787e-03
7,-4.9601624472e-02,-1.0762391666e-01,2.2938883110e-03

Region 19 (8 circles):
Circle_Index,Center_X,Center_Y,Radius
0,-5.1613621433e-02,-1.0647102983e-01,2.3407239826e-03
1,-5.3639702296e-02,-1.0525585620e-01,2.3810613182e-03
2,-5.5675337368e-02,-1.0398537186e-01,2.4146491423e-03
3,-5.7715996956e-02,-1.0266655288e-01,2.4412806454e-03
4,-5.9757151368e-02,-1.0130637534e-01,2.4607845852e-03
5,-6.1794270910e-02,-9.9911815312e-02,2.4730184849e-03
6,-6.3822825889e-02,-9.8489848876e-02,2.4778633517e-03
7,-6.5838286613e-02,-9.7047452109e-02,2.4752195651e-03

Region 20 (8 circles):
Circle_Index,Center_X,Center_Y,Radius
0,-6.7836123389e-02,-9.5591601089e-02,2.4650036731e-03
1,-6.9811806524e-02,-9.4129271890e-02,2.4471459065e-03
2,-7.1760806324e-02,-9.2667440592e-02,2.4215882713e-03
3,-7.3678593099e-02,-9.1213083270e-02,2.3882831242e-03
4,-7.5560637153e-02,-8.9773176002e-02,2.3471921662e-03
5,-7.7402408796e-02,-8.8354694864e-02,2.2982858258e-03
6,-7.9199378333e-02,-8.6964615934e-02,2.2415430310e-03
7,-8.0947016072e-02,-8.5609915289e-02,2.1769514114e-03

Region 21 (8 circles):
Circle_Index,Center_X,Center_Y,Radius
0,-8.2640792320e-02,-8.4297569004e-02,2.1045080171e-03
1,-8.4276177384e-02,-8.3034553158e-02,2.0242207211e-03
2,-8.5848641571e-02,-8.1827843827e-02,1.9361105852e-03
3,-8.7353655189e-02,-8.0684417089e-02,1.8402156718e-03
4,-8.8786688545e-02,-7.9611249020e-02,1.7365971343e-03
5,-9.0143211945e-02,-7.8615315696e-02,1.6253490671e-03
6,-9.1418695697e-02,-7.7703593196e-02,1.5066148572e-03
7,-9.2608610109e-02,-7.6883057596e-02,1.1050591016e-03

Region 22 (8 circles):
Circle_Index,Center_X,Center_Y,Radius
0,-9.3223165829e-02,-7.6427954895e-02,8.0921702320e-04
1,-9.3870760919e-02,-7.5871674671e-02,8.9417496652e-04
2,-9.4543654906e-02,-7.5223015622e-02,9.7053246732e-04
3,-9.5234107313e-02,-7.4490776443e-02,1.0374570017e-03
4,-9.5934377666e-02,-7.3683755834e-02,1.0944719101e-03
5,-9.6636725489e-02,-7.2810752491e-02,1.1413097846e-03
6,-9.7333410306e-02,-7.1880565111e-02,1.1778380019e-03
7,-9.8016691644e-02,-7.0901992392e-02,1.2040206836e-03

Region 23 (8 circles):
Circle_Index,Center_X,Center_Y,Radius
0,-9.8678829027e-02,-6.9883833030e-02,1.2199008942e-03
1,-9.9312081980e-02,-6.8834885723e-02,1.2255957080e-03
2,-9.9908710027e-02,-6.7763949169e-02,1.2213011849e-03
3,-1.0046097269e-01,-6.6679822064e-02,1.2073069293e-03
4,-1.0096112950e-01,-6.5591303106e-02,1.1840219640e-03
5,-1.0140143998e-01,-6.4507190992e-02,1.1520158327e-03
6,-1.0177416366e-01,-6.3436284420e-02,1.1120816362e-03
7,-1.0207156005e-01,-6.2387382086e-02,1.0653314509e-03

Region 24 (8 circles):
Circle_Index,Center_X,Center_Y,Radius
0,-1.0228588869e-01,-6.1369282687e-02,1.0133390635e-03
1,-1.0240940909e-01,-6.0390784922e-02,9.5834791735e-04
2,-1.0243438079e-01,-5.9460687487e-02,9.0355525660e-04
3,-1.0235306331e-01,-5.8587789080e-02,8.5344412868e-04
4,-1.0215771617e-01,-5.7780888397e-02,8.1402246081e-04
5,-1.0184059890e-01,-5.7048784137e-02,1.1218622952e-03
6,-1.0112341447e-01,-5.5793298404e-02,1.4729471847e-03
7,-1.0034123266e-01,-5.4513374702e-02,1.5260725174e-03

Region 25 (8 circles):
Circle_Index,Center_X,Center_Y,Radius
0,-9.9497137365e-02,-5.3210821892e-02,1.5770992996e-03
1,-9.8594212494e-02,-5.1887448832e-02,1.6258085115e-03
2,-9.7635541945e-02,-5.0545064381e-02,1.6720206370e-03
3,-9.6624209621e-02,-4.9185477400e-02,1.7155875375e-03
4,-9.5563299424e-02,-4.7810496747e-02,1.7563861530e-03
5,-9.4455895256e-02,-4.6421931282e-02,1.7943135969e-03
6,-9.3305081018e-02,-4.5021589864e-02,1.8292833164e-03
7,-9.2113940614e-02,-4.3611281352e-02,1.8612220689e-03

Region 26 (8 circles):
Circle_Index,Center_X,Center_Y,Radius
0,-9.0885557944e-02,-4.2192814605e-02,1.8900675269e-03
1,-8.9623016911e-02,-4.0767998484e-02,1.9157663687e-03
2,-8.8329401417e-02,-3.9338641847e-02,1.9382727477e-03
3,-8.7007795364e-02,-3.7906553553e-02,1.9575470572e-03
4,-8.5661282653e-02,-3.6473542462e-02,1.9735549284e-03
5,-8.4292947187e-02,-3.5041417434e-02,1.9862664125e-03
6,-8.2905872868e-02,-3.3611987327e-02,1.9956553097e-03
7,-8.1503143597e-02,-3.2187061000e-02,2.0016986164e-03

Region 27 (8 circles):
Circle_Index,Center_X,Center_Y,Radius
0,-8.0087843277e-02,-3.0768447314e-02,2.0043760666e-03
1,-7.8663055809e-02,-2.9357955128e-02,2.0036697509e-03
2,-7.7231865096e-02,-2.7957393300e-02,1.9995637973e-03
3,-7.5797355040e-02,-2.6568570690e-02,1.9920441048e-03
4,-7.4362609542e-02,-2.5193296157e-02,1.9810981186e-03
5,-7.2930712505e-02,-2.3833378562e-02,1.9667146411e-03
6,-7.1504747830e-02,-2.2490626762e-02,1.9488836722e-03
7,-7.0087799420e-02,-2.1166849617e-02,1.9275962758e-03

Region 28 (8 circles):
Circle_Index,Center_X,Center_Y,Radius
0,-6.8682951176e-02,-1.9863855988e-02,1.9028444671e-03
1,-6.7293287001e-02,-1.8583454732e-02,1.8746211189e-03
2,-6.5921890796e-02,-1.7327454709e-02,1.8429198852e-03
3,-6.4571846463e-02,-1.6097664780e-02,1.8077351400e-03
4,-6.3246237905e-02,-1.4895893802e-02,1.7690619312e-03
5,-6.1948149023e-02,-1.3723950635e-02,1.7268959493e-03
6,-6.0680663720e-02,-1.2583644139e-02,1.6812335117e-03
7,-5.9446865896e-02,-1.1476783172e-02,1.6320715653e-03

Region 29 (8 circles):
Circle_Index,Center_X,Center_Y,Radius
0,-5.8249839455e-02,-1.0405176595e-02,1.5794077098e-03
1,-5.7092668299e-02,-9.3706332665e-03,1.5232402484e-03
2,-5.5978436328e-02,-8.3749620456e-03,1.4635682747e-03
3,-5.4910227446e-02,-7.4199717919e-03,1.4003918088e-03
4,-5.3891125554e-02,-6.5074713646e-03,1.9009519893e-03
5,-5.2098205065e-02,-4.8613615478e-03,2.5144209205e-03
6,-5.0223827134e-02,-3.0669163094e-03,2.6726813280e-03
7,-4.8270812404e-02,-1.1301745286e-03,2.8255487310e-03
