Region Metadata for: shape_22.txt
================================================================================

REGION DEFINITION: Circle union (one circle per point)
  Each point gets a circle with radius = average distance to neighbors

Total vertices: 185
Number of regions: 30
Points per region:
  Region 0: 7 points
  Region 1: 7 points
  Region 2: 7 points
  Region 3: 7 points
  Region 4: 7 points
  Region 5: 6 points
  Region 6: 6 points
  Region 7: 6 points
  Region 8: 6 points
  Region 9: 6 points
  Region 10: 6 points
  Region 11: 6 points
  Region 12: 6 points
  Region 13: 6 points
  Region 14: 6 points
  Region 15: 6 points
  Region 16: 6 points
  Region 17: 6 points
  Region 18: 6 points
  Region 19: 6 points
  Region 20: 6 points
  Region 21: 6 points
  Region 22: 6 points
  Region 23: 6 points
  Region 24: 6 points
  Region 25: 6 points
  Region 26: 6 points
  Region 27: 6 points
  Region 28: 6 points
  Region 29: 6 points

REGION SUMMARY:
Region_Index,Num_Points,BBox_Min_X,BBox_Max_X,BBox_Min_Y,BBox_Max_Y,Normal_X,Normal_Y,Tangent_X,Tangent_Y,Fitted_Circle_X,Fitted_Circle_Y,Fitted_Circle_Radius,Local_AoA_Rad,Union_Area,Collection_Area
0,7,-6.0944875388e-02,-4.5207460421e-02,-2.0942818186e-03,2.6853490394e-02,-0.9342566950,-0.3566012168,-0.3566012168,0.9342566950,3.3212000329e-01,1.5916887678e-01,4.1230158656e-01,-3.64627402e-01,2.12000846e-04,1.06455986e-04
1,7,-6.9336941238e-02,-5.4372675011e-02,2.2708340724e-02,5.3181457363e-02,-0.9540250184,-0.2997269828,-0.2997269828,0.9540250184,3.8978948850e-01,1.7985718338e-01,4.7356979427e-01,-3.04406467e-01,2.27785031e-04,1.14322987e-04
2,7,-7.5504973889e-02,-6.2584242394e-02,4.9129745045e-02,7.8548063610e-02,-0.9706744933,-0.2403976458,-0.2403976458,0.9706744933,3.0850855640e-01,1.5759719849e-01,3.8929293306e-01,-2.42775490e-01,2.07008875e-04,1.04021382e-04
3,7,-7.8732562097e-02,-6.9113968442e-02,7.4913687756e-02,1.0070884863e-01,-0.9870838756,-0.1602043147,-0.1602043147,0.9870838756,1.4636795953e-01,1.2401246391e-01,2.2369312823e-01,-1.60897638e-01,1.55680098e-04,7.83839129e-05
4,7,-7.9017151910e-02,-7.2357926006e-02,9.7792472168e-02,1.1191925450e-01,-0.9755437264,0.2198054548,0.2198054548,0.9755437264,-6.8144459802e-02,1.0430919148e-01,8.5558498223e-03,2.21615044e-01,5.87439682e-05,3.07431985e-05
5,6,-7.4137062451e-02,-6.0125803780e-02,1.0948904551e-01,1.1554644445e-01,-0.2000083507,0.9797941925,0.9797941925,0.2000083507,-6.1495959545e-02,8.2301809240e-02,3.0896188917e-02,1.36942988e+00,5.36050184e-05,2.76559798e-05
6,6,-6.2502296536e-02,-4.5583352105e-02,1.1041434006e-01,1.1579699012e-01,0.0463631904,0.9989246491,0.9989246491,-0.0463631904,-5.8027917156e-02,2.6841823123e-02,8.6497266955e-02,1.61717614e+00,7.44563589e-05,3.77432643e-05
7,6,-4.7876467787e-02,-3.5507044418e-02,1.0913601265e-01,1.1468337475e-01,0.2231319022,0.9747882612,0.9747882612,-0.2231319022,-5.1095614579e-02,6.7766681974e-02,4.5008332074e-02,1.79582253e+00,4.28492649e-05,2.18819006e-05
8,6,-3.6965971091e-02,-2.9137278137e-02,1.0289752128e-01,1.1112396584e-01,0.7340189178,0.6791290219,0.6791290219,-0.7340189178,-4.5828613176e-02,9.5769649818e-02,1.7384395969e-02,2.39501726e+00,2.74467183e-05,1.42633081e-05
9,6,-3.1669762167e-02,-2.3813800244e-02,9.3020868595e-02,1.0488073653e-01,0.8895191592,0.4568978720,0.4568978720,-0.8895191592,-1.0829202939e-01,5.7773890540e-02,9.0559562114e-02,2.66708801e+00,4.31134236e-05,2.17706316e-05
10,6,-2.6745108710e-02,-1.9981130446e-02,8.4235347339e-02,9.5038741822e-02,0.9067129623,0.4217482709,0.4217482709,-0.9067129623,1.7818724458e-01,1.8277216221e-01,-2.2196476109e-01,2.70622005e+00,3.51070522e-05,1.74956515e-05
11,6,-2.3216946620e-02,-6.9666181355e-03,6.4148216893e-02,8.6907690650e-02,0.8577621269,0.5140468205,0.5140468205,-0.8577621269,2.4017788870e-01,2.2993439518e-01,-2.9876012096e-01,2.60169661e+00,1.70379044e-04,8.46451043e-05
12,6,-1.2965429678e-02,8.0495425605e-03,4.1967784159e-02,6.8916546105e-02,0.8292790914,0.5588346702,0.5588346702,-0.8292790914,6.3731788187e-01,4.8711287417e-01,-7.7192092056e-01,2.54861275e+00,2.44725963e-04,1.22027716e-04
13,6,1.4391766892e-03,2.4863049421e-02,1.8183229894e-02,4.7417538627e-02,0.8175965277,0.5757915577,0.5757915577,-0.8175965277,2.7646264345e+00,1.9712600729e+00,-3.3657994288e+00,2.52802068e+00,2.93206673e-04,1.46554032e-04
14,6,1.7826708278e-02,4.2327942887e-02,-6.6018885743e-03,2.4038430190e-02,0.8184799861,0.5745350401,0.5745350401,-0.8184799861,-2.1663514187e+00,-1.5333196125e+00,2.6837038773e+00,2.52955670e+00,3.21526782e-04,1.60883507e-04
15,6,3.5057327463e-02,5.9304782719e-02,-3.1790533235e-02,-6.2334381411e-04,0.8302860692,0.5573374591,0.5573374591,-0.8302860692,-7.7281695916e-01,-5.6681771624e-01,9.8779666934e-01,2.55041709e+00,3.26243473e-04,1.63526805e-04
16,6,5.1984935408e-02,7.4660743231e-02,-5.6792280637e-02,-2.5964086778e-02,0.8530178510,0.5218817355,0.5218817355,-0.8530178510,-3.9857141318e-01,-3.2423154982e-01,5.4179221677e-01,2.59253721e+00,3.07852285e-04,1.54608419e-04
17,6,6.7456440071e-02,8.7273757786e-02,-8.1027466371e-02,-5.1373108889e-02,0.8875687789,0.4606752247,0.4606752247,-0.8875687789,-2.0019240051e-01,-2.1060451609e-01,3.1315636829e-01,2.66283685e+00,2.69933205e-04,1.35888069e-04
18,6,8.0306754438e-02,9.6043907155e-02,-1.0393857344e-01,-7.6227725367e-02,0.9338698041,0.3576131834,0.3576131834,-0.9338698041,-7.5348172812e-02,-1.5308135057e-01,1.7566686354e-01,2.77588185e+00,2.19789283e-04,1.11164535e-04
19,6,8.9345501197e-02,9.9921380246e-02,-1.2501819298e-01,-9.9879961130e-02,0.9834081886,0.1814065453,0.1814065453,-0.9834081886,2.5549346854e-03,-1.2976685022e-01,9.4302972169e-02,2.95917611e+00,1.68580065e-04,8.58362678e-05
20,6,9.2874930271e-02,1.0002346248e-01,-1.3916378298e-01,-1.2162446263e-01,0.9864916382,-0.1638116225,-0.1638116225,-0.9864916382,7.4860799479e-02,-1.2809235154e-01,2.1960469612e-02,-2.97703941e+00,8.92768605e-05,4.67959761e-05
21,6,8.1662801084e-02,9.5076620465e-02,-1.4192103809e-01,-1.3667045694e-01,0.0583747523,-0.9982947402,-0.9982947402,-0.0583747523,8.8370316818e-02,-1.2934496231e-01,1.0625320529e-02,-1.62920428e+00,5.05982883e-05,2.72830261e-05
22,6,6.2967186342e-02,8.4417522953e-02,-1.4104194144e-01,-1.2607806517e-01,-0.4884077807,-0.8726155165,-0.8726155165,0.4884077807,1.1278690161e-01,-6.5803123214e-02,7.8911858248e-02,-1.06053216e+00,1.47584120e-04,7.53045187e-05
23,6,4.0596866380e-02,6.7781033538e-02,-1.3188993749e-01,-1.0835830372e-01,-0.6234775526,-0.7818412507,-0.7818412507,0.6234775526,2.2312535466e-01,9.0602348167e-02,2.7039169564e-01,-8.97613568e-01,2.70429325e-04,1.36340513e-04
24,6,1.7249657928e-02,4.6854413674e-02,-1.1509904285e-01,-8.6832414710e-02,-0.6811293879,-0.7321630672,-0.7321630672,0.6811293879,4.0446223516e-01,2.9895335259e-01,5.4662937470e-01,-8.21492261e-01,3.48173432e-04,1.74796345e-04
25,6,-4.4844423291e-03,2.4100930031e-02,-9.3755949614e-02,-6.4713820242e-02,-0.7158019519,-0.6983033478,-0.6983033478,0.7158019519,5.3749649195e-01,4.3582560580e-01,7.3750686424e-01,-7.73024466e-01,3.45102539e-04,1.73036095e-04
26,6,-2.2035116505e-02,2.0607614715e-03,-7.1024262038e-02,-4.5196263606e-02,-0.7443191774,-0.6678240503,-0.6678240503,0.7443191774,4.4846760193e-01,3.5414185722e-01,6.1668538236e-01,-7.31281530e-01,2.60649425e-04,1.30623440e-04
27,6,-3.2914676631e-02,-1.6709946953e-02,-5.0083550583e-02,-3.1390858179e-02,-0.7813051477,-0.6241492339,-0.6241492339,0.7813051477,1.5614778182e-01,1.0525098419e-01,2.3274447043e-01,-6.74042155e-01,1.30784433e-04,6.58114442e-05
28,6,-4.1944715216e-02,-2.9336366175e-02,-3.4386031674e-02,-1.6893956727e-02,-0.8606859157,-0.5091362829,-0.5091362829,0.8606859157,7.3730150105e-02,3.8478373199e-02,1.2686377577e-01,-5.34180970e-01,9.85894384e-05,4.98081507e-05
29,6,-5.1055399038e-02,-3.7138008096e-02,-2.0361495125e-02,1.8188346623e-03,-0.9071573254,-0.4207916195,-0.4207916195,0.9071573254,1.9625156070e-01,1.0183437431e-01,2.6481920401e-01,-4.34317781e-01,1.46739982e-04,7.38836548e-05

DETAILED CIRCLE DATA:

Region 0 (7 circles):
Circle_Index,Center_X,Center_Y,Radius
0,-4.8869780714e-02,1.5680384739e-03,3.6623202925e-03
1,-5.0269426406e-02,4.9861895321e-03,3.7216505623e-03
2,-5.1655711559e-02,8.4702083271e-03,3.7744613990e-03
3,-5.3026517116e-02,1.2013520846e-02,3.8207240456e-03
4,-5.4379724016e-02,1.5609553076e-02,3.8604149847e-03
5,-5.5713213201e-02,1.9251731004e-02,3.8935152300e-03
6,-5.7024865612e-02,2.2933480618e-02,3.9200097762e-03

Region 1 (7 circles):
Circle_Index,Center_X,Center_Y,Radius
0,-5.8312562191e-02,2.6648227904e-02,3.9398871799e-03
1,-5.9574183879e-02,3.0389398849e-02,3.9531392477e-03
2,-6.0807611617e-02,3.4150419441e-02,3.9597608176e-03
3,-6.2010726346e-02,3.7924715667e-02,3.9597496210e-03
4,-6.3181409007e-02,4.1705713513e-02,3.9531062208e-03
5,-6.4317540542e-02,4.5486838968e-02,3.9398340204e-03
6,-6.5417001892e-02,4.9261518017e-02,3.9199393460e-03

Region 2 (7 circles):
Circle_Index,Center_X,Center_Y,Radius
0,-6.6477673998e-02,5.3023176649e-02,3.8934316042e-03
1,-6.7497437801e-02,5.6765240850e-02,3.8603235231e-03
2,-6.8474174243e-02,6.0481136607e-02,3.8206314888e-03
3,-6.9405764265e-02,6.4164289908e-02,3.7743759927e-03
4,-7.0290088808e-02,6.7808126739e-02,3.7215822144e-03
5,-7.1125028813e-02,7.1406073089e-02,3.6622807695e-03
6,-7.1908465221e-02,7.4951554942e-02,3.5965086672e-03

Region 3 (7 circles):
Circle_Index,Center_X,Center_Y,Radius
0,-7.2638278975e-02,7.8437998288e-02,3.5243105328e-03
1,-7.3312351014e-02,8.1858829113e-02,3.4457401746e-03
2,-7.3928562280e-02,8.5207473404e-02,3.3608626009e-03
3,-7.4484793715e-02,8.8477357149e-02,3.2697566353e-03
4,-7.4978926259e-02,9.1661906333e-02,3.1725183334e-03
5,-7.5408840854e-02,9.4754546945e-02,3.0692654912e-03
6,-7.5772418441e-02,9.7748704972e-02,2.9601436560e-03

Region 4 (7 circles):
Circle_Index,Center_X,Center_Y,Radius
0,-7.6067539961e-02,1.0063780640e-01,2.8453342326e-03
1,-7.6292086356e-02,1.0341527722e-01,2.7250655544e-03
2,-7.6443938567e-02,1.0607454341e-01,1.9845149490e-03
3,-7.6313047855e-02,1.0737339650e-01,1.2792159336e-03
4,-7.5819268158e-02,1.0852500026e-01,1.2791865475e-03
5,-7.4993159582e-02,1.0953571431e-01,1.3667952452e-03
6,-7.3865282236e-02,1.1041189827e-01,1.5073562305e-03

Region 5 (6 circles):
Circle_Index,Center_X,Center_Y,Radius
0,-7.2466196226e-02,1.1115991174e-01,1.6708662248e-03
1,-7.0826461661e-02,1.1178611433e-01,1.8371385008e-03
2,-6.8976638646e-02,1.1229686567e-01,1.9938790803e-03
3,-6.6947287291e-02,1.1269852536e-01,2.1337267091e-03
4,-6.4768967703e-02,1.1299745301e-01,2.2521885080e-03
5,-6.2472239989e-02,1.1320000824e-01,2.3464362089e-03

Region 6 (6 circles):
Circle_Index,Center_X,Center_Y,Radius
0,-6.0087664256e-02,1.1331255066e-01,2.4146322802e-03
1,-5.7645800612e-02,1.1334143988e-01,2.4555502447e-03
2,-5.5177209165e-02,1.1329303551e-01,2.4683562326e-03
3,-5.2712450022e-02,1.1317369718e-01,2.4524809496e-03
4,-5.0282083290e-02,1.1298978448e-01,2.4075447921e-03
5,-4.7916669077e-02,1.1274765703e-01,2.3333169716e-03

Region 7 (6 circles):
Circle_Index,Center_X,Center_Y,Radius
0,-4.5646767491e-02,1.1245367445e-01,2.2297002959e-03
1,-4.3502938638e-02,1.1211419635e-01,2.0967416940e-03
2,-4.1515742627e-02,1.1173558233e-01,1.9346794058e-03
3,-3.9715739565e-02,1.1132419202e-01,1.7440598302e-03
4,-3.8133489560e-02,1.1088638502e-01,1.5260160427e-03
5,-3.6799552718e-02,1.1042852095e-01,1.2925082999e-03

Region 8 (6 circles):
Circle_Index,Center_X,Center_Y,Radius
0,-3.5747652272e-02,1.0990564702e-01,1.2183188194e-03
1,-3.4718133624e-02,1.0917584673e-01,1.3118782628e-03
2,-3.3711125076e-02,1.0825908529e-01,1.4129407360e-03
3,-3.2726754929e-02,1.0717532790e-01,1.5129855655e-03
4,-3.1765151485e-02,1.0594453980e-01,1.6063178409e-03
5,-3.0826443043e-02,1.0458668618e-01,1.6891649065e-03

Region 9 (6 circles):
Circle_Index,Center_X,Center_Y,Radius
0,-2.9910757906e-02,1.0312173227e-01,1.7590042605e-03
1,-2.9018224375e-02,1.0156964327e-01,1.8141215238e-03
2,-2.8148970751e-02,9.9950384394e-02,1.8533315173e-03
3,-2.7303125335e-02,9.8283920863e-02,1.8758038043e-03
4,-2.6480816428e-02,9.6590217889e-02,1.8809533432e-03
5,-2.5682172331e-02,9.4889240682e-02,1.8683720868e-03

Region 10 (6 circles):
Circle_Index,Center_X,Center_Y,Radius
0,-2.4907321346e-02,9.3200954457e-02,1.8377873644e-03
1,-2.4156391773e-02,9.1545324428e-02,1.7890393092e-03
2,-2.3429511914e-02,8.9942315806e-02,1.7220741464e-03
3,-2.2726810071e-02,8.8411893807e-02,1.6369543179e-03
4,-2.2048414543e-02,8.6974023643e-02,1.5338920221e-03
5,-2.1394453633e-02,8.5648670527e-02,1.4133231879e-03

Region 11 (6 circles):
Circle_Index,Center_X,Center_Y,Radius
0,-2.0765055642e-02,8.4455799673e-02,2.4518909779e-03
1,-1.9023544428e-02,8.1356524516e-02,3.6155170635e-03
2,-1.7174018877e-02,7.8179713588e-02,3.7343045513e-03
3,-1.5221767285e-02,7.4928144063e-02,3.8486958615e-03
4,-1.3172077946e-02,7.1604593113e-02,3.9585161945e-03
5,-1.1030239156e-02,6.8211837914e-02,4.0636210209e-03

Region 12 (6 circles):
Circle_Index,Center_X,Center_Y,Radius
0,-8.8015392102e-03,6.4752655637e-02,4.1638904679e-03
1,-6.4912664028e-03,6.1229823458e-02,4.2592249260e-03
2,-4.1047090295e-03,5.7646118549e-02,4.3495415880e-03
3,-1.6471553854e-03,5.4004318085e-02,4.4347717095e-03
4,8.7610623450e-04,5.0307199239e-02,4.5148584285e-03
5,3.4597875350e-03,4.6557539184e-02,4.5897550255e-03

Region 13 (6 circles):
Circle_Index,Center_X,Center_Y,Radius
0,6.0986002209e-03,4.2758115095e-02,4.6594235317e-03
1,8.7872559972e-03,3.8911704146e-02,4.7238336139e-03
2,1.1520466569e-02,3.5021083509e-02,4.7829616847e-03
3,1.4292943640e-02,3.1089030358e-02,4.8367901951e-03
4,1.7099398917e-02,2.7118321868e-02,4.8853070778e-03
5,1.9934544104e-02,2.3111735211e-02,4.9285053173e-03

Region 14 (6 circles):
Circle_Index,Center_X,Center_Y,Radius
0,2.2793090905e-02,1.9072047562e-02,4.9663826273e-03
1,2.5669751026e-02,1.5002036095e-02,4.9989412217e-03
2,2.8559236171e-02,1.0904477982e-02,5.0261876681e-03
3,3.1456258046e-02,6.7821503977e-03,5.0481328163e-03
4,3.4355528355e-02,2.6378305158e-03,5.0647917963e-03
5,3.7251758803e-02,-1.5257044901e-03,5.0761840841e-03

Region 15 (6 circles):
Circle_Index,Center_X,Center_Y,Radius
0,4.0139661095e-02,-5.7056774464e-03,5.0823336323e-03
1,4.3013946937e-02,-9.8993111794e-03,5.0832690674e-03
2,4.5869328031e-02,-1.4103828515e-02,5.0790239568e-03
3,4.8700516085e-02,-1.8316452281e-02,5.0696371482e-03
4,5.1502222802e-02,-2.2534405301e-02,5.0551531886e-03
5,5.4269159888e-02,-2.6754910404e-02,5.0356228311e-03

Region 16 (6 circles):
Circle_Index,Center_X,Center_Y,Radius
0,5.6996039046e-02,-3.0975190415e-02,5.0111036379e-03
1,5.9677571983e-02,-3.5192468161e-02,4.9816606945e-03
2,6.2308470403e-02,-3.9403966468e-02,4.9473674484e-03
3,6.4883446011e-02,-4.3606908161e-02,4.9083066918e-03
4,6.7397210512e-02,-4.7798516069e-02,4.8645717097e-03
5,6.9844475610e-02,-5.1976013016e-02,4.8162676207e-03

Region 17 (6 circles):
Circle_Index,Center_X,Center_Y,Radius
0,7.2219953011e-02,-5.6136621829e-02,4.7635129400e-03
1,7.4518354419e-02,-6.0277565335e-02,4.7064414034e-03
2,7.6734391540e-02,-6.4396066360e-02,4.6452040932e-03
3,7.8862776078e-02,-6.8489347729e-02,4.5799719183e-03
4,8.0898219738e-02,-7.2554632270e-02,4.5109385043e-03
5,8.2835434225e-02,-7.6589142809e-02,4.4383235617e-03

Region 18 (6 circles):
Circle_Index,Center_X,Center_Y,Radius
0,8.4669131243e-02,-8.0590102172e-02,4.3623768055e-03
1,8.6394022499e-02,-8.4554733186e-02,4.2833825074e-03
2,8.8004819696e-02,-8.8480258676e-02,4.2016647673e-03
3,8.9496234539e-02,-9.2363901469e-02,4.1175935906e-03
4,9.0862978734e-02,-9.6202884391e-02,4.0315918472e-03
5,9.2099763985e-02,-9.9994430269e-02,3.9441431699e-03

Region 19 (6 circles):
Circle_Index,Center_X,Center_Y,Radius
0,9.3201301997e-02,-1.0373576193e-01,3.8558007995e-03
1,9.4162304475e-02,-1.0742410220e-01,3.7671973132e-03
2,9.4977483124e-02,-1.1105667390e-01,3.6790550429e-03
3,9.5641549648e-02,-1.1463069986e-01,3.5921968050e-03
4,9.6149215753e-02,-1.1814340292e-01,3.5075562911e-03
5,9.6495193144e-02,-1.2159200588e-01,3.4261871023e-03

Region 20 (6 circles):
Circle_Index,Center_X,Center_Y,Radius
0,9.6674193525e-02,-1.2497373158e-01,3.3492689519e-03
1,9.6680928601e-02,-1.2828580286e-01,3.2781090420e-03
2,9.6510110078e-02,-1.3152544252e-01,2.8267543502e-03
3,9.6153208871e-02,-1.3390823064e-01,2.2375537533e-03
4,9.5514279563e-02,-1.3587267611e-01,1.9360182838e-03
5,9.4605185123e-02,-1.3743352813e-01,1.7302548512e-03

Region 21 (6 circles):
Circle_Index,Center_X,Center_Y,Radius
0,9.3437788518e-02,-1.3860553589e-01,1.6388319473e-03
1,9.2023952716e-02,-1.3940344860e-01,1.6646039305e-03
2,9.0375540685e-02,-1.3984201544e-01,1.7896196633e-03
3,8.8504415393e-02,-1.3993598562e-01,1.9843891430e-03
4,8.6422439808e-02,-1.3970010832e-01,2.2209297641e-03
5,8.4141476898e-02,-1.3914913276e-01,2.4786758143e-03

Region 22 (6 circles):
Circle_Index,Center_X,Center_Y,Radius
0,8.1673389631e-02,-1.3829780811e-01,2.7441333222e-03
1,7.9030040973e-02,-1.3716088359e-01,3.0087446482e-03
2,7.6223293895e-02,-1.3575310839e-01,3.2670552620e-03
3,7.3265011362e-02,-1.3408923169e-01,3.5155129222e-03
4,7.0167056344e-02,-1.3218400271e-01,3.7517410690e-03
5,6.6941291808e-02,-1.3005217064e-01,3.9741054657e-03

Region 23 (6 circles):
Circle_Index,Center_X,Center_Y,Radius
0,6.3599580721e-02,-1.2770848467e-01,4.1814528166e-03
1,6.0153786053e-02,-1.2516769400e-01,4.3729497132e-03
2,5.6615770770e-02,-1.2244454783e-01,4.5479809181e-03
3,5.2997397840e-02,-1.1955379535e-01,4.7060834991e-03
4,4.9310530232e-02,-1.1651018576e-01,4.8469031444e-03
5,4.5567030914e-02,-1.1332846825e-01,4.9701645332e-03

Region 24 (6 circles):
Circle_Index,Center_X,Center_Y,Radius
0,4.1778762852e-02,-1.1002339203e-01,5.0756508214e-03
1,3.7957589016e-02,-1.0660970629e-01,5.1631891689e-03
2,3.4115372372e-02,-1.0310216023e-01,5.2326403534e-03
3,3.0263975890e-02,-9.9515503036e-02,5.2838912036e-03
4,2.6415262536e-02,-9.5864483915e-02,5.3168490101e-03
5,2.2581095279e-02,-9.2163852061e-02,5.3314373508e-03

Region 25 (6 circles):
Circle_Index,Center_X,Center_Y,Radius
0,1.8773337086e-02,-8.8428356669e-02,5.3275929447e-03
1,1.5003850926e-02,-8.4672746937e-02,5.3052632669e-03
2,1.1284499766e-02,-8.0911772061e-02,5.2644047382e-03
3,7.6271465736e-03,-7.7160181238e-02,5.2049813634e-03
4,4.0436543177e-03,-7.3432723664e-02,5.1269637272e-03
5,5.4588596563e-04,-6.9744148536e-02,5.0303282947e-03

Region 26 (6 circles):
Circle_Index,Center_X,Center_Y,Radius
0,-2.8542955146e-03,-6.6109205051e-02,4.9150569861e-03
1,-6.1450271552e-03,-6.2542642406e-02,4.7811370246e-03
2,-9.3144459882e-03,-5.9059209796e-02,4.6285610851e-03
3,-1.2350689046e-02,-5.5673656419e-02,4.4573278123e-03
4,-1.5241893360e-02,-5.2400731470e-02,4.2674428397e-03
5,-1.7976195963e-02,-4.9255184148e-02,4.0589205419e-03

Region 27 (6 circles):
Circle_Index,Center_X,Center_Y,Radius
0,-2.0541733887e-02,-4.6251763648e-02,3.8317869346e-03
1,-2.2926644164e-02,-4.3405219167e-02,3.5860844758e-03
2,-2.5119063826e-02,-4.0730299901e-02,3.3218801904e-03
3,-2.7107129906e-02,-3.8241755048e-02,3.0392799560e-03
4,-2.8878979435e-02,-3.5954333804e-02,2.7384549814e-03
5,-3.0422749445e-02,-3.3882785365e-02,2.4919271860e-03

Region 28 (6 circles):
Circle_Index,Center_X,Center_Y,Radius
0,-3.1803247791e-02,-3.1919150059e-02,2.4668816152e-03
1,-3.3197933362e-02,-2.9804184848e-02,2.5976217900e-03
2,-3.4604687099e-02,-2.7544463746e-02,2.7234792028e-03
3,-3.6021389945e-02,-2.5146560765e-02,2.8440949841e-03
4,-3.7445922840e-02,-2.2617049918e-02,2.9591908852e-03
5,-3.8876166725e-02,-1.9962505219e-02,3.0685484917e-03

Region 29 (6 circles):
Circle_Index,Center_X,Center_Y,Radius
0,-4.0310002541e-02,-1.7189500680e-02,3.1719944450e-03
1,-4.1745311231e-02,-1.4304610313e-02,3.2693897836e-03
2,-4.3179973734e-02,-1.1314408133e-02,3.3606221509e-03
3,-4.4611870993e-02,-8.2254681507e-03,3.4456000251e-03
4,-4.6038883948e-02,-5.0443643804e-03,3.5242483970e-03
5,-4.7458893542e-02,-1.7776708345e-03,3.5965054968e-03
