Region Metadata for: shape_41.txt
================================================================================

REGION DEFINITION: Circle union (one circle per point)
  Each point gets a circle with radius = average distance to neighbors

Total vertices: 246
Number of regions: 30
Points per region:
  Region 0: 9 points
  Region 1: 9 points
  Region 2: 9 points
  Region 3: 9 points
  Region 4: 9 points
  Region 5: 9 points
  Region 6: 8 points
  Region 7: 8 points
  Region 8: 8 points
  Region 9: 8 points
  Region 10: 8 points
  Region 11: 8 points
  Region 12: 8 points
  Region 13: 8 points
  Region 14: 8 points
  Region 15: 8 points
  Region 16: 8 points
  Region 17: 8 points
  Region 18: 8 points
  Region 19: 8 points
  Region 20: 8 points
  Region 21: 8 points
  Region 22: 8 points
  Region 23: 8 points
  Region 24: 8 points
  Region 25: 8 points
  Region 26: 8 points
  Region 27: 8 points
  Region 28: 8 points
  Region 29: 8 points

REGION SUMMARY:
Region_Index,Num_Points,BBox_Min_X,BBox_Max_X,BBox_Min_Y,BBox_Max_Y,Normal_X,Normal_Y,Tangent_X,Tangent_Y,Fitted_Circle_X,Fitted_Circle_Y,Fitted_Circle_Radius,Local_AoA_Rad,Union_Area,Collection_Area
0,9,-1.4093423494e-01,-1.3448274837e-01,-9.7780332464e-04,1.6187660573e-02,-0.9826182359,-0.1856378259,-0.1856378259,0.9826182359,-1.2281345099e-01,9.9568378690e-03,1.6316595739e-02,-1.86720931e-01,5.91827027e-05,3.11266890e-05
1,9,-1.4041929494e-01,-1.2790507344e-01,1.4034137434e-02,3.7360033066e-02,-0.9244787743,0.3812335188,0.3812335188,0.9244787743,-6.6015036051e-02,-3.1133448750e-03,7.4817305970e-02,3.91130216e-01,1.15113488e-04,5.85352110e-05
2,9,-1.3211064801e-01,-1.1359798807e-01,3.4212144123e-02,5.9058171862e-02,-0.8309024190,0.5564181611,0.5564181611,0.8309024190,3.9120477980e-02,-6.2043688287e-02,1.9540460079e-01,5.90068765e-01,1.52716092e-04,7.70240769e-05
3,9,-1.1756412163e-01,-9.9310829138e-02,5.5634023456e-02,7.6447782511e-02,-0.7665857916,0.6421419034,0.6421419034,0.7665857916,7.9711093219e-02,-9.0929984720e-02,2.4520776404e-01,6.97289089e-01,1.22011950e-04,6.12977531e-05
4,9,-1.0215144517e-01,-8.7539481986e-02,7.3721626788e-02,8.6921960892e-02,-0.6551482094,0.7555003797,0.7555003797,0.6551482094,-6.2922472927e-02,4.3963238400e-02,4.8891490659e-02,8.56417549e-01,6.07688822e-05,3.07810081e-05
5,9,-8.9757837326e-02,-6.9964377711e-02,8.4092297935e-02,9.5906925615e-02,-0.4375360065,0.8992008913,0.8992008913,0.4375360065,-3.4960894375e-02,-2.9955409221e-03,1.0355273366e-01,1.11793969e+00,8.60202506e-05,4.34666051e-05
6,8,-7.2411022890e-02,-5.2641511584e-02,9.2133175364e-02,1.0112161759e-01,-0.2821493093,0.9593705057,0.9593705057,0.2821493093,-3.1347952191e-02,-8.9706068517e-03,1.1042883794e-01,1.28476262e+00,8.52235341e-05,4.30339754e-05
7,8,-5.4855671207e-02,-3.7355209684e-02,9.7199293825e-02,1.0232693159e-01,-0.0744226292,0.9972267908,0.9972267908,0.0744226292,-4.1724419726e-02,4.5809412438e-02,5.4642013141e-02,1.49630482e+00,6.34512682e-05,3.22776901e-05
8,8,-3.9048835616e-02,-2.1413715783e-02,9.2903335741e-02,1.0184423372e-01,0.3314504429,0.9434726302,0.9434726302,-0.3314504429,-5.0480758705e-02,4.3349892704e-02,5.8420576662e-02,1.90863683e+00,7.31253276e-05,3.70672200e-05
9,8,-2.4266203137e-02,-2.1583273727e-04,8.2223755967e-02,9.7083130716e-02,0.4447511315,0.8956541916,0.8956541916,-0.4447511315,-1.5460544356e-01,-1.9609733249e-01,3.1951779756e-01,2.03169271e+00,1.40382016e-04,7.04969195e-05
10,8,-3.7463523522e-03,2.3018913218e-02,6.8805870146e-02,8.7035247545e-02,0.4993862940,0.8663794373,0.8663794373,-0.4993862940,-2.3365283832e-01,-3.4370535780e-01,4.8696900626e-01,2.09368660e+00,1.82308138e-04,9.14155909e-05
11,8,1.9067758565e-02,4.6546004642e-02,5.3638177717e-02,7.3897158855e-02,0.5439370109,0.8391260502,0.8391260502,-0.5439370109,-2.6057355362e-01,-3.8878663950e-01,5.3947580217e-01,2.14591814e+00,2.01563154e-04,1.01075505e-04
12,8,4.2437326459e-02,6.8625951553e-02,3.7704150656e-02,5.8651649797e-02,0.5893009401,0.8079136105,0.8079136105,-0.5893009401,-2.1186412177e-01,-3.1871853398e-01,4.5413757632e-01,2.20098963e+00,1.93734314e-04,9.72182523e-05
13,8,6.4618737885e-02,8.7525165110e-02,2.1981359801e-02,4.2286315812e-02,0.6450530338,0.7641378041,0.7641378041,-0.6450530338,-1.1289232942e-01,-1.9228964268e-01,2.9356420413e-01,2.27188901e+00,1.61063396e-04,8.08851846e-05
14,8,8.3861922270e-02,1.0152590207e-01,7.4315303914e-03,2.5795209469e-02,0.7260994595,0.6875896849,0.6875896849,-0.7260994595,-9.0242618243e-03,-8.0445898367e-02,1.4089895014e-01,2.38342838e+00,1.11948526e-04,5.65295944e-05
15,8,9.8398232616e-02,1.1198059196e-01,-8.8844673230e-03,1.0190959762e-02,0.8544559551,0.5195238404,0.5195238404,-0.8544559551,3.0073718095e-02,-4.4240554772e-02,8.7789994286e-02,2.59529906e+00,9.55272632e-05,4.83522825e-05
16,8,1.0747362549e-01,1.2323903398e-01,-3.3569855480e-02,-5.6790801560e-03,0.9180925047,0.3963661853,0.3963661853,-0.9180925047,-1.3185418585e-01,-1.2578562628e-01,2.6913081811e-01,2.73403721e+00,1.82117108e-04,9.15510285e-05
17,8,1.1729659716e-01,1.3258980805e-01,-6.1619749717e-02,-2.9729566830e-02,0.9510301146,0.3090982385,0.3090982385,-0.9510301146,-1.6455174623e-01,-1.3979929321e-01,3.0467538226e-01,2.82734796e+00,2.24554202e-04,1.12952082e-04
18,8,1.2623712079e-01,1.3760018450e-01,-8.8013130217e-02,-5.7846243232e-02,0.9811221386,0.1933891134,0.1933891134,-0.9811221386,-3.9909262647e-02,-1.0729794056e-01,1.7584158928e-01,2.94697735e+00,1.92268563e-04,9.70721502e-05
19,8,1.3178752926e-01,1.3789821492e-01,-1.0787366685e-01,-8.4939778958e-02,0.9986889826,-0.0511890221,-0.0511890221,-0.9986889826,8.2241918971e-02,-9.4447470365e-02,5.2919550583e-02,-3.09038125e+00,1.10135743e-04,5.63639027e-05
20,8,1.2282514867e-01,1.3522436598e-01,-1.1736029157e-01,-1.0573661787e-01,0.6729656833,-0.7396737045,-0.7396737045,-0.6729656833,1.2244806750e-01,-1.0458859318e-01,1.1197838343e-02,-2.30900729e+00,5.24451601e-05,2.79947344e-05
21,8,9.6729371015e-02,1.2522495243e-01,-1.1884413443e-01,-1.1083329657e-01,-0.0621063873,-0.9980695350,-0.9980695350,0.0621063873,1.2021956724e-01,2.3040244515e-02,1.3879279667e-01,-1.50864994e+00,1.67468731e-04,8.48848640e-05
22,8,6.6983774676e-02,1.0027996016e-01,-1.1735080732e-01,-1.0431530665e-01,-0.2092644702,-0.9778590806,-0.9778590806,0.2092644702,1.3727655187e-01,1.3803409283e-01,2.5508700838e-01,-1.35997361e+00,2.34919195e-04,1.18313773e-04
23,8,3.4856314322e-02,7.1120854554e-02,-1.1126404934e-01,-9.3983305756e-02,-0.3046260677,-0.9524720252,-0.9524720252,0.3046260677,1.7634352201e-01,2.8210319892e-01,4.0438334970e-01,-1.26125051e+00,2.89776009e-04,1.45650045e-04
24,8,1.6061766878e-03,3.9463914857e-02,-1.0119300270e-01,-8.0662019704e-02,-0.3727658189,-0.9279254519,-0.9279254519,0.3727658189,2.2848682848e-01,4.2624213258e-01,5.5767746422e-01,-1.18880844e+00,3.28537029e-04,1.64952500e-04
25,8,-3.1519227594e-02,6.5263467891e-03,-8.7920412196e-02,-6.5164398197e-02,-0.4264585530,-0.9045071048,-0.9045071048,0.4264585530,2.7390382943e-01,5.3078992892e-01,6.7167026067e-01,-1.13022251e+00,3.44948729e-04,1.73111568e-04
26,8,-6.3277996302e-02,-2.6464042271e-02,-7.2239624276e-02,-4.8297882531e-02,-0.4732494499,-0.8809284637,-0.8809284637,0.4732494499,2.8740282828e-01,5.5843949999e-01,7.0243790620e-01,-1.07782052e+00,3.36169266e-04,1.68676927e-04
27,8,-9.2431587370e-02,-5.8274358615e-02,-5.4949071722e-02,-3.0866553842e-02,-0.5187214623,-0.8549432990,-0.8549432990,0.5187214623,2.5025556824e-01,4.9421974328e-01,6.2824601684e-01,-1.02544152e+00,3.02898143e-04,1.51922885e-04
28,8,-1.1774478873e-01,-8.7668457026e-02,-3.6850438825e-02,-1.3671163278e-02,-0.5686211391,-0.8225995381,-0.8225995381,0.5686211391,1.6331972795e-01,3.6027710718e-01,4.6855448600e-01,-9.65967668e-01,2.48965344e-04,1.25018081e-04
29,8,-1.3733314169e-01,-1.1340671598e-01,-1.8748886186e-02,1.8382914074e-03,-0.6314077649,-0.7754509877,-0.7754509877,0.6314077649,5.0366984973e-02,2.0894649888e-01,2.7969879894e-01,-8.87429040e-01,1.74790167e-04,8.83093077e-05

DETAILED CIRCLE DATA:

Region 0 (9 circles):
Circle_Index,Center_X,Center_Y,Radius
0,-1.3612851839e-01,6.6796668823e-04,1.6457700129e-03
1,-1.3708351305e-01,1.9853365123e-03,1.6246787529e-03
2,-1.3784137224e-01,3.4196814077e-03,1.6341632850e-03
3,-1.3840962327e-01,4.9645626546e-03,1.6698348862e-03
4,-1.3879579343e-01,6.6135415328e-03,1.7265019488e-03
5,-1.3900741005e-01,8.3601793222e-03,1.7989046441e-03
6,-1.3905200043e-01,1.0198037303e-02,1.8822345181e-03
7,-1.3893709187e-01,1.2120676755e-02,1.9723857369e-03
8,-1.3867021168e-01,1.4121658958e-02,2.0660016151e-03

Region 1 (9 circles):
Circle_Index,Center_X,Center_Y,Radius
0,-1.3825888718e-01,1.6194545191e-02,2.1604077572e-03
1,-1.3771064567e-01,1.8332896736e-02,2.2535018271e-03
2,-1.3703301446e-01,2.0530274872e-02,2.3436396291e-03
3,-1.3623352086e-01,2.2780240879e-02,2.4295348663e-03
4,-1.3531969217e-01,2.5076356037e-02,2.5101774564e-03
5,-1.3429905571e-01,2.7412181625e-02,2.5847695853e-03
6,-1.3317913877e-01,2.9781278924e-02,2.6526766773e-03
7,-1.3196746868e-01,3.2177209214e-02,2.7133901635e-03
8,-1.3067157274e-01,3.4593533774e-02,2.7664992923e-03

Region 2 (9 circles):
Circle_Index,Center_X,Center_Y,Radius
0,-1.2929897825e-01,3.7023813885e-02,2.8116697621e-03
1,-1.2785721252e-01,3.9461610826e-02,2.8486274636e-03
2,-1.2635380287e-01,4.1900485878e-02,2.8771460463e-03
3,-1.2479627660e-01,4.4334000320e-02,2.8970373522e-03
4,-1.2319216102e-01,4.6755715433e-02,2.9081440084e-03
5,-1.2154898344e-01,4.9159192496e-02,2.9103336554e-03
6,-1.1987427116e-01,5.1537992789e-02,2.9034944242e-03
7,-1.1817555149e-01,5.3885677592e-02,2.8875313739e-03
8,-1.1646035175e-01,5.6195808185e-02,2.8623636770e-03

Region 3 (9 circles):
Circle_Index,Center_X,Center_Y,Radius
0,-1.1473619924e-01,5.8461945849e-02,2.8279223929e-03
1,-1.1301062126e-01,6.0677651862e-02,2.7841487136e-03
2,-1.1129114513e-01,6.2836487506e-02,2.7309925955e-03
3,-1.0958529816e-01,6.4932014059e-02,2.6684117222e-03
4,-1.0790060764e-01,6.6957792802e-02,2.5963707614e-03
5,-1.0624460090e-01,6.8907385015e-02,2.5148409074e-03
6,-1.0462480524e-01,7.0774351977e-02,2.4237997280e-03
7,-1.0304874796e-01,7.2552254970e-02,2.3232313698e-03
8,-1.0152395638e-01,7.4234655271e-02,2.2131272396e-03

Region 4 (9 circles):
Circle_Index,Center_X,Center_Y,Radius
0,-1.0005795780e-01,7.5815114163e-02,2.0934873748e-03
1,-9.8658279532e-02,7.7287192924e-02,1.9643228976e-03
2,-9.7332448884e-02,7.8644452834e-02,1.8256602932e-03
3,-9.6087993165e-02,7.9880455174e-02,1.6310329136e-03
4,-9.4981251179e-02,8.0904910483e-02,1.5548292220e-03
5,-9.3755215565e-02,8.1935349193e-02,1.6461998505e-03
6,-9.2416803768e-02,8.2968606878e-02,1.7330712373e-03
7,-9.0972933231e-02,8.4001519115e-02,1.8148342200e-03
8,-8.9430521399e-02,8.5030921480e-02,1.8910394127e-03

Region 5 (9 circles):
Circle_Index,Center_X,Center_Y,Radius
0,-8.7796485715e-02,8.6053649547e-02,1.9613516115e-03
1,-8.6077743623e-02,8.7066538893e-02,2.0255187587e-03
2,-8.4281212568e-02,8.8066425093e-02,2.0833505611e-03
3,-8.2413809993e-02,8.9050143723e-02,2.1347035901e-03
4,-8.0482453342e-02,9.0014530358e-02,2.1794708083e-03
5,-7.8494060059e-02,9.0956420575e-02,2.2175741730e-03
6,-7.6455547588e-02,9.1872649948e-02,2.2489594315e-03
7,-7.4373833373e-02,9.2760054054e-02,2.2735925152e-03
8,-7.2255834858e-02,9.3615468469e-02,2.2914571467e-03

Region 6 (8 circles):
Circle_Index,Center_X,Center_Y,Radius
0,-7.0108469487e-02,9.4435728767e-02,2.3025534028e-03
1,-6.7938654704e-02,9.5217670525e-02,2.3068970804e-03
2,-6.5753307953e-02,9.5958129318e-02,2.3045197798e-03
3,-6.3559346678e-02,9.6653940722e-02,2.2954696834e-03
4,-6.1363688322e-02,9.7301940313e-02,2.2798130608e-03
5,-5.9173250330e-02,9.7898963666e-02,2.2576365854e-03
6,-5.6994950146e-02,9.8441846357e-02,2.2290506108e-03
7,-5.4835705213e-02,9.8927423962e-02,2.1941936290e-03

Region 7 (8 circles):
Circle_Index,Center_X,Center_Y,Radius
0,-5.2702432976e-02,9.9352532055e-02,2.1532382303e-03
1,-5.0602050879e-02,9.9714006214e-02,2.1063990072e-03
2,-4.8541476365e-02,1.0000868201e-01,2.0539430206e-03
3,-4.6527626878e-02,1.0023339503e-01,1.9962036653e-03
4,-4.4567419863e-02,1.0038498084e-01,1.9335990746e-03
5,-4.2667772764e-02,1.0046027501e-01,1.8666565784e-03
6,-4.0835603023e-02,1.0045611313e-01,1.7960451742e-03
7,-3.9077828086e-02,1.0036933077e-01,1.7226184018e-03

Region 8 (8 circles):
Circle_Index,Center_X,Center_Y,Radius
0,-3.7401365396e-02,1.0019676350e-01,1.6474702198e-03
1,-3.5813132397e-02,9.9935246903e-02,1.5720059233e-03
2,-3.4320046534e-02,9.9581616551e-02,1.4980277258e-03
3,-3.2929025249e-02,9.9132708021e-02,1.8689182947e-03
4,-3.0802441626e-02,9.8321161505e-02,2.3224547396e-03
5,-2.8602916953e-02,9.7441956463e-02,2.4133477990e-03
6,-2.6333852139e-02,9.6497017208e-02,2.5008635145e-03
7,-2.3998648092e-02,9.5488268050e-02,2.5849323090e-03

Region 9 (8 circles):
Circle_Index,Center_X,Center_Y,Radius
0,-2.1600705722e-02,9.4417633302e-02,2.6654974145e-03
1,-1.9143425938e-02,9.3287037273e-02,2.7425121813e-03
2,-1.6630209649e-02,9.2098404277e-02,2.8159380405e-03
3,-1.4064457763e-02,9.0853658623e-02,2.8857429441e-03
4,-1.1449571190e-02,8.9554724624e-02,2.9519001595e-03
5,-8.7889508386e-03,8.8203526591e-02,3.0143873293e-03
6,-6.0859976180e-03,8.6801988834e-02,3.0731857326e-03
7,-3.3441124370e-03,8.5352035666e-02,3.1282796997e-03

Region 10 (8 circles):
Circle_Index,Center_X,Center_Y,Radius
0,-5.6669620469e-04,8.3855591398e-02,3.1796561475e-03
1,2.2428501699e-03,8.2314580341e-02,3.2273042069e-03
2,5.0811257779e-03,8.0730926805e-02,3.2712149249e-03
3,7.9447297103e-03,7.9106555104e-02,3.3113810252e-03
4,1.0830261058e-02,7.7443389547e-02,3.3477967165e-03
5,1.3734318912e-02,7.5743354447e-02,3.3804575400e-03
6,1.6653502363e-02,7.4008374115e-02,3.4093602489e-03
7,1.9584410503e-02,7.2240372861e-02,3.4345027147e-03

Region 11 (8 circles):
Circle_Index,Center_X,Center_Y,Radius
0,2.2523642422e-02,7.0441274998e-02,3.4558838576e-03
1,2.5467797212e-02,6.8613004836e-02,3.4735035966e-03
2,2.8413473963e-02,6.6757486687e-02,3.4873628178e-03
3,3.1357271767e-02,6.4876644863e-02,3.4974633599e-03
4,3.4295789713e-02,6.2972403674e-02,3.5038080144e-03
5,3.7225626895e-02,6.1046687432e-02,3.5064005427e-03
6,4.0143382401e-02,5.9101420448e-02,3.5052457067e-03
7,4.3045655325e-02,5.7138527034e-02,3.5003493170e-03

Region 12 (8 circles):
Circle_Index,Center_X,Center_Y,Radius
0,4.5929044755e-02,5.5159931501e-02,3.4917182964e-03
1,4.8790149784e-02,5.3167558160e-02,3.4793607624e-03
2,5.1625569503e-02,5.1163331323e-02,3.4632861298e-03
3,5.4431903002e-02,4.9149175300e-02,3.4435052357e-03
4,5.7205749373e-02,4.7127014404e-02,3.4200304909e-03
5,5.9943707706e-02,4.5098772945e-02,3.3928760612e-03
6,6.2642377092e-02,4.3066375235e-02,3.3620580845e-03
7,6.5298356623e-02,4.1031745585e-02,3.3275949296e-03

Region 13 (8 circles):
Circle_Index,Center_X,Center_Y,Radius
0,6.7908245390e-02,3.8996808307e-02,3.2895075051e-03
1,7.0468642483e-02,3.6963487712e-02,3.2478196291e-03
2,7.2976146994e-02,3.4933708111e-02,3.2025584711e-03
3,7.5427358013e-02,3.2909393815e-02,3.1537550836e-03
4,7.7818874632e-02,3.0892469136e-02,3.1014450429e-03
5,8.0147295941e-02,2.8884858386e-02,3.0456692239e-03
6,8.2409221032e-02,2.6888485875e-02,2.9864747439e-03
7,8.4601248996e-02,2.4905275914e-02,2.9239161136e-03

Region 14 (8 circles):
Circle_Index,Center_X,Center_Y,Radius
0,8.6719978923e-02,2.2937152816e-02,2.8580566531e-03
1,8.8762009905e-02,2.0986040892e-02,2.7889702388e-03
2,9.0723941032e-02,1.9053864452e-02,2.7167434752e-03
3,9.2602371396e-02,1.7142547808e-02,2.6414784071e-03
4,9.4393900088e-02,1.5254015272e-02,2.5632959317e-03
5,9.6095126198e-02,1.3390191155e-02,2.4823401128e-03
6,9.7702648818e-02,1.1552999767e-02,2.3987836741e-03
7,9.9213067038e-02,9.7443654213e-03,2.3128350300e-03

Region 15 (8 circles):
Circle_Index,Center_X,Center_Y,Radius
0,1.0062297995e-01,7.9662124283e-03,2.2247473341e-03
1,1.0192898665e-01,6.2204650993e-03,2.0636841858e-03
2,1.0303955641e-01,4.6210633645e-03,2.0386517397e-03
3,1.0419327646e-01,2.8304153129e-03,2.2172307661e-03
4,1.0538533642e-01,8.5838659064e-04,2.3867514166e-03
5,1.0661092589e-01,-1.2851571560e-03,2.5467642254e-03
6,1.0786523447e-01,-3.5903502808e-03,2.6969644049e-03
7,1.0914345178e-01,-6.0473271375e-03,2.8371401855e-03

Region 16 (8 circles):
Circle_Index,Center_X,Center_Y,Radius
0,1.1044076742e-01,-8.6462220798e-03,2.9671419238e-03
1,1.1175237100e-01,-1.1377169461e-02,3.0868629473e-03
2,1.1307345213e-01,-1.4230303636e-02,3.1962273100e-03
3,1.1439920042e-01,-1.7195758958e-02,3.2951817768e-03
4,1.1572480547e-01,-2.0263669780e-02,3.3836904854e-03
5,1.1704545689e-01,-2.3424170457e-02,3.4617313599e-03
6,1.1835634430e-01,-2.6667395342e-02,3.5292937143e-03
7,1.1965265729e-01,-2.9983478788e-02,3.5863766919e-03

Region 17 (8 circles):
Circle_Index,Center_X,Center_Y,Radius
0,1.2092958548e-01,-3.3362555151e-02,3.6329883205e-03
1,1.2218231847e-01,-3.6794758782e-02,3.6691450472e-03
2,1.2340604588e-01,-4.0270224037e-02,3.6948716713e-03
3,1.2459595731e-01,-4.3779085269e-02,3.7102016353e-03
4,1.2574724236e-01,-4.7311476831e-02,3.7151776637e-03
5,1.2685509065e-01,-5.0857533078e-02,3.7098527687e-03
6,1.2791469179e-01,-5.4407388362e-02,3.6942916664e-03
7,1.2892123537e-01,-5.7951177039e-02,3.6685726785e-03

Region 18 (8 circles):
Circle_Index,Center_X,Center_Y,Radius
0,1.2986991102e-01,-6.1479033461e-02,3.6327902292e-03
1,1.3075590833e-01,-6.4981091982e-02,3.5870580938e-03
2,1.3157441692e-01,-6.8447486957e-02,3.5315136156e-03
3,1.3232062640e-01,-7.1868352738e-02,3.4663231927e-03
4,1.3298972636e-01,-7.5233823680e-02,3.3916894527e-03
5,1.3357690643e-01,-7.8534034137e-02,3.3078606990e-03
6,1.3407735620e-01,-8.1759118461e-02,3.2151434472e-03
7,1.3448626529e-01,-8.4899211007e-02,3.1139192100e-03

Region 19 (8 circles):
Circle_Index,Center_X,Center_Y,Radius
0,1.3479882330e-01,-8.7944446129e-02,3.0046671712e-03
1,1.3501021984e-01,-9.0884958180e-02,2.8879950856e-03
2,1.3511564452e-01,-9.3710881514e-02,2.7646817176e-03
3,1.3511028695e-01,-9.6412350485e-02,2.6357354634e-03
4,1.3498933673e-01,-9.8979499447e-02,2.5024754851e-03
5,1.3474798348e-01,-1.0140246275e-01,2.3666434715e-03
6,1.3438141680e-01,-1.0367137476e-01,2.2305550347e-03
7,1.3388482629e-01,-1.0577636981e-01,2.0972970325e-03

Region 20 (8 circles):
Circle_Index,Center_X,Center_Y,Radius
0,1.3325340158e-01,-1.0770758227e-01,1.9709644041e-03
1,1.3248233226e-01,-1.0945514649e-01,1.8568954989e-03
2,1.3156680794e-01,-1.1100919683e-01,1.7617941572e-03
3,1.3050201823e-01,-1.1235986763e-01,1.6935269078e-03
4,1.2928315274e-01,-1.1349729325e-01,1.6603386220e-03
5,1.2790540108e-01,-1.1441160805e-01,1.6694236597e-03
6,1.2636395285e-01,-1.1509294637e-01,1.7252989139e-03
7,1.2465399766e-01,-1.1553144257e-01,1.8288489947e-03

Region 21 (8 circles):
Circle_Index,Center_X,Center_Y,Radius
0,1.2277072513e-01,-1.1571723101e-01,2.4542273058e-03
1,1.1975498427e-01,-1.1575971398e-01,3.0525921797e-03
2,1.1666611399e-01,-1.1571857002e-01,3.1255644084e-03
3,1.1350653061e-01,-1.1559536689e-01,3.1981426796e-03
4,1.1027865044e-01,-1.1539167236e-01,3.2700820666e-03
5,1.0698488980e-01,-1.1510905418e-01,3.3411659086e-03
6,1.0362766501e-01,-1.1474908012e-01,3.4112023659e-03
7,1.0020939238e-01,-1.1431331794e-01,3.4800213673e-03

Region 22 (8 circles):
Circle_Index,Center_X,Center_Y,Radius
0,9.6732488240e-02,-1.1380333540e-01,3.5474719236e-03
1,9.3199368899e-02,-1.1322070025e-01,3.6134197730e-03
2,8.9612450676e-02,-1.1256698027e-01,3.6777453259e-03
3,8.5974149888e-02,-1.1184374321e-01,3.7403418730e-03
4,8.2286882855e-02,-1.1105255684e-01,3.8011140256e-03
5,7.8553065892e-02,-1.1019498891e-01,3.8599763599e-03
6,7.4775115317e-02,-1.0927260718e-01,3.9168522361e-03
7,7.0955447448e-02,-1.0828697942e-01,3.9716727725e-03

Region 23 (8 circles):
Circle_Index,Center_X,Center_Y,Radius
0,6.7096478603e-02,-1.0723967339e-01,4.0243759507e-03
1,6.3200625099e-02,-1.0613225684e-01,4.0749058367e-03
2,5.9270303253e-02,-1.0496629755e-01,4.1232119007e-03
3,5.5307929384e-02,-1.0374336326e-01,4.1692484233e-03
4,5.1315919808e-02,-1.0246502175e-01,4.2129739752e-03
5,4.7296690843e-02,-1.0113284077e-01,4.2543509624e-03
6,4.3252658806e-02,-9.9748388083e-02,4.2933452265e-03
7,3.9186240016e-02,-9.8313231450e-02,4.3299256940e-03

Region 24 (8 circles):
Circle_Index,Center_X,Center_Y,Radius
0,3.5099850790e-02,-9.6828938633e-02,4.3640640672e-03
1,3.0995907445e-02,-9.5297077393e-02,4.3957345526e-03
2,2.6876826298e-02,-9.3719215490e-02,4.4249136209e-03
3,2.2745023668e-02,-9.2096920686e-02,4.4515797954e-03
4,1.8602915871e-02,-9.0431760741e-02,4.4757134649e-03
5,1.4452919226e-02,-8.8725303417e-02,4.4972967183e-03
6,1.0297450049e-02,-8.6979116475e-02,4.5163131982e-03
7,6.1389246594e-03,-8.5194767675e-02,4.5327479717e-03

Region 25 (8 circles):
Circle_Index,Center_X,Center_Y,Radius
0,1.9797593733e-03,-8.3373824780e-02,4.5465874158e-03
1,-2.1776294915e-03,-8.1517855549e-02,4.5578191165e-03
2,-6.3308256173e-03,-7.9628427744e-02,4.5664317798e-03
3,-1.0477412687e-02,-7.7707109126e-02,4.5724151530e-03
4,-1.4614974382e-02,-7.5755467455e-02,4.5757599564e-03
5,-1.8741094386e-02,-7.3775070494e-02,4.5764578234e-03
6,-2.2853356381e-02,-7.1767486002e-02,4.5745012488e-03
7,-2.6949344049e-02,-6.9734281742e-02,4.5698835446e-03

Region 26 (8 circles):
Circle_Index,Center_X,Center_Y,Radius
0,-3.1026641073e-02,-6.7677025473e-02,4.5625988025e-03
1,-3.5082831136e-02,-6.5597284958e-02,4.5526418638e-03
2,-3.9115497919e-02,-6.3496627956e-02,4.5400082948e-03
3,-4.3122225106e-02,-6.1376622230e-02,4.5246943682e-03
4,-4.7100596379e-02,-5.9238835540e-02,4.5066970517e-03
5,-5.1048195420e-02,-5.7084835647e-02,4.4860140009e-03
6,-5.4962605912e-02,-5.4916190312e-02,4.4626435595e-03
7,-5.8841411536e-02,-5.2734467296e-02,4.4365847652e-03

Region 27 (8 circles):
Circle_Index,Center_X,Center_Y,Radius
0,-6.2682195977e-02,-5.0541234360e-02,4.4078373624e-03
1,-6.6482542916e-02,-4.8338059266e-02,4.3764018215e-03
2,-7.0240036035e-02,-4.6126509774e-02,4.3422793660e-03
3,-7.3952259018e-02,-4.3908153645e-02,4.3054720076e-03
4,-7.7616795546e-02,-4.1684558640e-02,4.2659825905e-03
5,-8.1231229302e-02,-3.9457292521e-02,4.2238148458e-03
6,-8.4793143969e-02,-3.7227923049e-02,4.1789734574e-03
7,-8.8300123229e-02,-3.4998017983e-02,4.1314641410e-03

Region 28 (8 circles):
Circle_Index,Center_X,Center_Y,Radius
0,-9.1749750765e-02,-3.2769145086e-02,4.0812937383e-03
1,-9.5139610258e-02,-3.0542872119e-02,4.0284703288e-03
2,-9.8467285392e-02,-2.8320766842e-02,3.9730033624e-03
3,-1.0173035985e-01,-2.6104397017e-02,3.9149038155e-03
4,-1.0492641731e-01,-2.3895330404e-02,3.8541843766e-03
5,-1.0805304146e-01,-2.1695134764e-02,3.7908596654e-03
6,-1.1110781598e-01,-1.9505377860e-02,3.7249464933e-03
7,-1.1408832455e-01,-1.7327627451e-02,3.6564641731e-03

Region 29 (8 circles):
Circle_Index,Center_X,Center_Y,Radius
0,-1.1699215086e-01,-1.5163451298e-02,3.5854348880e-03
1,-1.1981687859e-01,-1.3014417164e-02,3.5118841340e-03
2,-1.2256009142e-01,-1.0882092808e-02,3.4358412511e-03
3,-1.2521937303e-01,-8.7680459914e-03,3.3573400645e-03
4,-1.2779230710e-01,-6.6738444759e-03,3.2764196616e-03
5,-1.3027647732e-01,-4.6010560222e-03,3.1931253393e-03
6,-1.3266946737e-01,-2.5512483913e-03,3.1075097637e-03
7,-1.3496886094e-01,-5.2598934433e-04,2.3642807517e-03
