Region Metadata for: shape_88.txt
================================================================================

REGION DEFINITION: Circle union (one circle per point)
  Each point gets a circle with radius = average distance to neighbors

Total vertices: 235
Number of regions: 30
Points per region:
  Region 0: 8 points
  Region 1: 8 points
  Region 2: 8 points
  Region 3: 8 points
  Region 4: 8 points
  Region 5: 8 points
  Region 6: 8 points
  Region 7: 8 points
  Region 8: 8 points
  Region 9: 8 points
  Region 10: 8 points
  Region 11: 8 points
  Region 12: 8 points
  Region 13: 8 points
  Region 14: 8 points
  Region 15: 8 points
  Region 16: 8 points
  Region 17: 8 points
  Region 18: 8 points
  Region 19: 8 points
  Region 20: 8 points
  Region 21: 8 points
  Region 22: 8 points
  Region 23: 8 points
  Region 24: 8 points
  Region 25: 7 points
  Region 26: 7 points
  Region 27: 7 points
  Region 28: 7 points
  Region 29: 7 points

REGION SUMMARY:
Region_Index,Num_Points,BBox_Min_X,BBox_Max_X,BBox_Min_Y,BBox_Max_Y,Normal_X,Normal_Y,Tangent_X,Tangent_Y,Fitted_Circle_X,Fitted_Circle_Y,Fitted_Circle_Radius,Local_AoA_Rad,Union_Area,Collection_Area
0,8,-4.0224067261e-02,-1.9824465672e-02,-1.5646421427e-03,2.6205593409e-02,-0.8404077709,0.5419545909,0.5419545909,0.8404077709,-3.1988679061e-01,1.9846033947e-01,-3.4462617787e-01,5.72761135e-01,2.05916585e-04,1.02396323e-04
1,8,-2.5462182167e-02,-3.5802147422e-03,2.1869784557e-02,5.3650435667e-02,-0.8627778040,0.5055832878,0.5055832878,0.8627778040,-2.9916577173e+00,1.7803136722e+00,-3.4496013522e+00,5.30057889e-01,2.58652913e-04,1.29192935e-04
2,8,-9.6342891462e-03,1.3167907220e-02,4.9040587015e-02,8.1205870859e-02,-0.8529683819,0.5219625844,0.5219625844,0.8529683819,5.8013081788e-01,-2.8835448806e-01,6.7796296793e-01,5.49150223e-01,2.69400989e-04,1.35117088e-04
3,8,7.4109209123e-03,3.0600309569e-02,7.6597764707e-02,1.0555099871e-01,-0.8073875787,0.5900214385,0.5900214385,0.8073875787,2.2021418135e-01,-5.5400473137e-02,2.4919204321e-01,6.31085393e-01,2.37237916e-04,1.19575043e-04
4,8,2.5776313868e-02,4.8986459814e-02,1.0114287386e-01,1.2345397709e-01,-0.6872260313,0.7264436536,0.7264436536,0.6872260313,1.0756721493e-01,3.8901263522e-02,1.0220842596e-01,8.13132766e-01,1.78610597e-04,9.08505447e-05
5,8,4.5463472029e-02,6.8851406273e-02,1.1917618715e-01,1.3193854469e-01,-0.3735194506,0.9276223477,0.9276223477,0.3735194506,7.3307599497e-02,8.6309885342e-02,4.3593006247e-02,1.18799614e+00,1.27178565e-04,6.54422785e-05
6,8,6.6188285016e-02,8.6661792968e-02,1.2232223508e-01,1.3220588574e-01,0.2984117993,0.9544372153,0.9544372153,-0.2984117993,7.0824880750e-02,1.0888799104e-01,2.0758971312e-02,1.87382453e+00,9.54750021e-05,5.00702264e-05
7,8,8.3580999894e-02,9.9972614386e-02,1.0321468742e-01,1.2561300176e-01,0.8422570669,0.5390760922,0.5390760922,-0.8422570669,4.9052931052e-02,8.7903388957e-02,5.1140229915e-02,2.57225287e+00,1.35367658e-04,6.94754945e-05
8,8,9.4673768294e-02,1.0835922949e-01,7.5257304189e-02,1.0671167752e-01,0.9656704653,0.2597701916,0.2597701916,-0.9656704653,-3.1931943708e-02,5.5604322277e-02,1.3844631837e-01,2.87880844e+00,2.14386643e-04,1.08553599e-04
9,8,1.0129393527e-01,1.1191638436e-01,4.3659556145e-02,7.9171939931e-02,0.9950806159,0.0990685006,0.0990685006,-0.9950806159,-1.2974575575e-01,3.8015914347e-02,2.3786676359e-01,3.04236138e+00,2.59726341e-04,1.30937517e-04
10,8,1.0379847590e-01,1.1208862673e-01,1.3389179267e-02,4.7636665234e-02,0.9996750704,-0.0254902652,-0.0254902652,-0.9996750704,-1.3635339163e-01,3.6485091142e-02,2.4452591892e-01,-3.11609963e+00,2.40039182e-04,1.20912226e-04
11,8,1.0064548008e-01,1.1056744540e-01,-1.0664176906e-02,1.6948955035e-02,0.9849921658,-0.1725990536,-0.1725990536,-0.9849921658,-2.4290594018e-02,2.5204525888e-02,1.3186546954e-01,-2.96812494e+00,1.61172726e-04,8.15178830e-05
12,8,9.2827324728e-02,1.0507793958e-01,-2.4882289851e-02,-7.9718125993e-03,0.8498226481,-0.5270687495,-0.5270687495,-0.8498226481,7.9979074925e-02,-5.0684387203e-03,2.3185769783e-02,-2.58644504e+00,7.65975513e-05,3.96196517e-05
13,8,7.5026275789e-02,9.5470066776e-02,-3.4614866028e-02,-2.1901641133e-02,0.4478228645,-0.8941222970,-0.8941222970,-0.4478228645,5.9460328246e-02,2.4475393127e-02,5.9215662962e-02,-2.03512524e+00,1.02523763e-04,5.22931903e-05
14,8,5.1634266878e-02,7.7958025360e-02,-4.0989094239e-02,-2.9936566859e-02,0.2428925791,-0.9700531918,-0.9700531918,-0.2428925791,2.1228962353e-02,1.4013227120e-01,1.8111050817e-01,-1.81614295e+00,1.48632847e-04,7.48913289e-05
15,8,2.6859823891e-02,5.4830534693e-02,-4.5098929685e-02,-3.5300444036e-02,0.1618756179,-0.9868111695,-0.9868111695,-0.1618756179,-5.8626264694e-02,5.6811863839e-01,6.1652424771e-01,-1.73338737e+00,1.63047894e-04,8.17168926e-05
16,8,4.7628987664e-03,2.9954214286e-02,-4.8186901523e-02,-3.9429134249e-02,0.1588728066,-0.9872990587,-0.9872990587,-0.1588728066,1.1104398767e-01,-6.3084553159e-01,-5.9435062763e-01,-1.73034518e+00,1.32671850e-04,6.61964933e-05
17,8,-1.3170768269e-02,7.3214874291e-03,-5.2908652350e-02,-4.3632695304e-02,0.2658859044,-0.9640045051,-0.9640045051,-0.2658859044,2.2553883360e-02,-1.4059281757e-01,-9.6130544093e-02,-1.83991912e+00,9.09428824e-05,4.50547743e-05
18,8,-3.5460053124e-02,-1.0420259119e-02,-6.2449878857e-02,-4.8621128331e-02,0.3833608772,-0.9235986346,-0.9235986346,-0.3833608772,1.3765433653e-01,-4.4051748127e-01,-4.1742099348e-01,-1.96422878e+00,1.45505031e-04,7.24893510e-05
19,8,-6.0572378852e-02,-3.1932773707e-02,-7.3578017672e-02,-5.7248841872e-02,0.4006409242,-0.9162351499,-0.9162351499,-0.4006409242,-8.5027620960e-01,1.7714250896e+00,2.0050853374e+00,-1.98301259e+00,1.91785966e-04,9.60014803e-05
20,8,-8.5932996112e-02,-5.6817642490e-02,-8.3393320685e-02,-6.7972156194e-02,0.3606725846,-0.9326924931,-0.9326924931,-0.3606725846,-2.0230463652e-01,2.6196402322e-01,3.6239188359e-01,-1.93978524e+00,1.92944717e-04,9.69105752e-05
21,8,-1.0902284164e-01,-8.2484813794e-02,-8.9051725861e-02,-7.7876020857e-02,0.2439020129,-0.9697998804,-0.9697998804,-0.2439020129,-1.2838814609e-01,4.4238539467e-02,1.3240984744e-01,-1.81718368e+00,1.51564841e-04,7.66128480e-05
22,8,-1.2751400642e-01,-1.0628259256e-01,-8.9546088150e-02,-8.3708444841e-02,-0.0517183034,-0.9986617130,-0.9986617130,0.0517183034,-1.1524920901e-01,-4.5295951816e-02,4.1803803116e-02,-1.51905494e+00,9.38682746e-05,4.82399841e-05
23,8,-1.3683211401e-01,-1.2532896506e-01,-8.7168082055e-02,-7.5724117822e-02,-0.7045048036,-0.7096992192,-0.7096992192,0.7045048036,-1.2463168081e-01,-7.3912539542e-02,1.1433022180e-02,-7.89071178e-01,4.97078776e-05,2.65558018e-05
24,8,-1.3684144728e-01,-1.2536036787e-01,-7.7143635259e-02,-6.2316888566e-02,-0.8219682185,0.5695333597,0.5695333597,0.8219682185,-1.1487659867e-01,-8.2257330427e-02,2.1663502624e-02,6.05938033e-01,6.44220889e-05,3.35360919e-05
25,7,-1.2857129005e-01,-1.0761800349e-01,-6.5781280053e-02,-4.9090654539e-02,-0.5811610450,0.8137885719,0.8137885719,0.5811610450,-3.1570033584e-02,-1.7984594994e-01,1.5009742706e-01,9.50641646e-01,1.36744670e-04,6.89990396e-05
26,7,-1.1157021899e-01,-8.5832522486e-02,-5.4105704965e-02,-3.5839684355e-02,-0.5133631540,0.8581714701,0.8581714701,0.5133631540,2.7115138588e-01,-6.6423626043e-01,7.2134787047e-01,1.03169713e+00,1.89825311e-04,9.51307937e-05
27,7,-9.0003128814e-02,-6.4726865620e-02,-4.1333431613e-02,-2.3443501572e-02,-0.5117739590,0.8591201400,0.8591201400,0.5117739590,-4.7686110533e-01,6.3950240011e-01,-7.8170211635e-01,1.03354795e+00,1.82786285e-04,9.11977962e-05
28,7,-6.8517992443e-02,-4.8949374341e-02,-2.8269015736e-02,-1.2707030451e-02,-0.5802311397,0.8144518552,0.8144518552,0.5802311397,-1.3462686030e-01,8.7457415282e-02,-1.3213238345e-01,9.51783867e-01,1.19661879e-04,5.92389401e-05
29,7,-5.1839022070e-02,-3.5697694194e-02,-1.5793252331e-02,2.2398050934e-03,-0.7617346339,0.6478891476,0.6478891476,0.7617346339,-1.1998135297e-01,5.6897475314e-02,-9.9606286890e-02,7.04810047e-01,1.13138328e-04,5.56912745e-05

DETAILED CIRCLE DATA:

Region 0 (8 circles):
Circle_Index,Center_X,Center_Y,Radius
0,-3.6977446956e-02,1.6819781616e-03,3.2466203043e-03
1,-3.5094883542e-02,4.3828998673e-03,3.3357017947e-03
2,-3.3202972381e-02,7.1827632838e-03,3.4202454908e-03
3,-3.1301429870e-02,1.0075013521e-02,3.5000446108e-03
4,-2.9389972403e-02,1.3053095688e-02,3.5749286869e-03
5,-2.7468316375e-02,1.6110454894e-02,3.6447573254e-03
6,-2.5536178182e-02,1.9240536250e-02,3.7094152783e-03
7,-2.3593274218e-02,2.2436784864e-02,3.7688085453e-03

Region 1 (8 circles):
Circle_Index,Center_X,Center_Y,Radius
0,-2.1639320878e-02,2.5692645846e-02,3.8228612894e-03
1,-1.9674034558e-02,2.9001564307e-02,3.8715134010e-03
2,-1.7697131652e-02,3.2356985355e-02,3.9147185847e-03
3,-1.5708328556e-02,3.5752354100e-02,3.9524428711e-03
4,-1.3707341665e-02,3.9181115651e-02,3.9846634807e-03
5,-1.1693887373e-02,4.2636715119e-02,4.0113679843e-03
6,-9.6676820754e-03,4.6112597613e-02,4.0325537184e-03
7,-7.6284421679e-03,4.9602208242e-02,4.0482274257e-03

Region 2 (8 circles):
Circle_Index,Center_X,Center_Y,Radius
0,-5.5758840452e-03,5.3098992116e-02,4.0584051010e-03
1,-3.5097241022e-03,5.6596394344e-02,4.0631120287e-03
2,-1.4296787341e-03,6.0087860037e-02,4.0623830076e-03
3,6.6453566410e-04,6.3566834303e-02,4.0562627636e-03
4,2.7732026974e-03,6.7026762253e-02,4.0448065576e-03
5,4.8966059707e-03,7.0461088995e-02,4.0280810013e-03
6,7.0350290891e-03,7.3863259640e-02,4.0061651022e-03
7,9.1887556573e-03,7.7226719297e-02,3.9791515624e-03

Region 3 (8 circles):
Circle_Index,Center_X,Center_Y,Radius
0,1.1358069281e-02,8.0544913075e-02,3.9471483682e-03
1,1.3543253564e-02,8.3811286085e-02,3.9102807106e-03
2,1.5744592111e-02,8.7019283436e-02,3.8686932921e-03
3,1.7962368529e-02,9.0162350236e-02,3.8225530814e-03
4,2.0196866421e-02,9.3233931597e-02,3.7720525918e-03
5,2.2448369394e-02,9.6227472628e-02,3.7174137722e-03
6,2.4717161050e-02,9.9136418437e-02,3.6588926120e-03
7,2.7003524997e-02,1.0195421414e-01,3.5967845723e-03

Region 4 (8 circles):
Circle_Index,Center_X,Center_Y,Radius
0,2.9307744838e-02,1.0467430483e-01,3.5314309692e-03
1,3.1630104178e-02,1.0729013564e-01,3.4632264307e-03
2,3.3970886623e-02,1.0979515166e-01,3.3926275457e-03
3,3.6330375777e-02,1.1218279801e-01,3.3201627855e-03
4,3.8708855246e-02,1.1444651979e-01,3.2464437127e-03
5,4.1106608634e-02,1.1657976212e-01,3.1721773701e-03
6,4.3523919547e-02,1.1857597011e-01,3.0981795369e-03
7,4.5961071589e-02,1.2042858886e-01,3.0253882256e-03

Region 5 (8 circles):
Circle_Index,Center_X,Center_Y,Radius
0,4.8418348365e-02,1.2213106349e-01,2.9548763360e-03
1,5.0896033480e-02,1.2367683910e-01,2.8878617685e-03
2,5.3394410539e-02,1.2505936081e-01,2.8257125490e-03
3,5.5913763148e-02,1.2627207372e-01,2.7699437293e-03
4,5.8454374910e-02,1.2730842294e-01,2.7222022345e-03
5,6.1016529432e-02,1.2816185359e-01,2.6842357936e-03
6,6.3600510317e-02,1.2882581076e-01,2.6578431287e-03
7,6.6206601172e-02,1.2929373958e-01,2.6448051012e-03

Region 6 (8 circles):
Circle_Index,Center_X,Center_Y,Radius
0,6.8835085600e-02,1.2955908516e-01,2.6468005843e-03
1,7.1486247207e-02,1.2961529259e-01,2.4968357731e-03
2,7.3821159879e-02,1.2943433726e-01,2.3180039737e-03
3,7.6071438832e-02,1.2898811886e-01,2.2857004956e-03
4,7.8237875212e-02,1.2828620606e-01,2.2831261942e-03
5,8.0321260163e-02,1.2733816749e-01,2.3072028655e-03
6,8.2322384828e-02,1.2615357181e-01,2.3541209680e-03
7,8.4242040353e-02,1.2474198769e-01,2.4197526151e-03

Region 7 (8 circles):
Circle_Index,Center_X,Center_Y,Radius
0,8.6081017880e-02,1.2311298377e-01,2.5000179867e-03
1,8.7840108556e-02,1.2127612871e-01,2.5911415566e-03
2,8.9520103523e-02,1.1924099117e-01,2.6897890338e-03
3,9.1121793926e-02,1.1701713979e-01,2.7931095602e-03
4,9.2645970910e-02,1.1461414323e-01,2.8987173882e-03
5,9.4093425618e-02,1.1204157014e-01,3.0046425030e-03
6,9.5464949195e-02,1.0930898919e-01,3.1092702660e-03
7,9.6761332785e-02,1.0642596902e-01,3.2112816012e-03

Region 8 (8 circles):
Circle_Index,Center_X,Center_Y,Radius
0,9.7983367532e-02,1.0340207828e-01,3.3095992384e-03
1,9.9131844581e-02,1.0024688565e-01,3.4033419307e-03
2,1.0020755508e-01,9.6969959753e-02,3.4917866756e-03
3,1.0121129016e-01,9.3580869261e-02,3.5743381151e-03
4,1.0214384098e-01,9.0089182825e-02,3.6505040191e-03
5,1.0300599868e-01,8.6504469099e-02,3.7198757531e-03
6,1.0379855440e-01,8.2836296736e-02,3.7821127549e-03
7,1.0452229928e-01,7.9094234391e-02,3.8369302029e-03

Region 9 (8 circles):
Circle_Index,Center_X,Center_Y,Radius
0,1.0517802448e-01,7.5287850720e-02,3.8840892116e-03
1,1.0576652113e-01,7.1426714374e-02,3.9233890282e-03
2,1.0628858039e-01,6.7520394010e-02,3.9546608150e-03
3,1.0674499338e-01,6.3578458281e-02,3.9777626956e-03
4,1.0713655127e-01,5.9610475842e-02,3.9925758164e-03
5,1.0746404519e-01,5.5626015346e-02,3.9990012322e-03
6,1.0772826628e-01,5.1634645449e-02,3.9969574692e-03
7,1.0793000570e-01,4.7645934804e-02,3.9863786595e-03

Region 10 (8 circles):
Circle_Index,Center_X,Center_Y,Radius
0,1.0807005458e-01,4.3669452066e-02,3.9672131679e-03
1,1.0814920407e-01,3.9714765889e-02,3.9394226599e-03
2,1.0816824531e-01,3.5791444926e-02,3.9029815833e-03
3,1.0812796945e-01,3.1909057834e-02,3.8578770573e-03
4,1.0802916764e-01,2.8077173265e-02,3.8041091887e-03
5,1.0787263101e-01,2.4305359874e-02,3.7416918611e-03
6,1.0765915071e-01,2.0603186316e-02,3.6706540768e-03
7,1.0738951788e-01,1.6980221244e-02,3.5910419766e-03

Region 11 (8 circles):
Circle_Index,Center_X,Center_Y,Radius
0,1.0706452367e-01,1.3446033313e-02,3.5029217223e-03
1,1.0668495923e-01,1.0010191177e-02,3.4063835119e-03
2,1.0625161570e-01,6.6822634902e-03,3.3015471244e-03
3,1.0576528421e-01,3.4718189074e-03,3.1885695719e-03
4,1.0522675593e-01,3.8842608259e-04,3.0676557191e-03
5,1.0463682198e-01,-2.5583463300e-03,2.9390731568e-03
6,1.0399627352e-01,-5.3589296761e-03,2.8031732830e-03
7,1.0330590168e-01,-8.0037553014e-03,2.6604216044e-03

Region 12 (8 circles):
Circle_Index,Center_X,Center_Y,Radius
0,1.0256649762e-01,-1.0483254552e-02,2.5114419524e-03
1,1.0177885248e-01,-1.2787858773e-02,2.3570820131e-03
2,1.0094375740e-01,-1.4907999310e-02,2.0975327876e-03
3,1.0010147240e-01,-1.6629362738e-02,1.9270200995e-03
4,9.9073776967e-02,-1.8272026767e-02,1.9570637562e-03
5,9.7868525727e-02,-1.9838493173e-02,2.0029852570e-03
6,9.6493573315e-02,-2.1331263730e-02,2.0614851818e-03
7,9.4956774363e-02,-2.2752840216e-02,2.1294496353e-03

Region 13 (8 circles):
Circle_Index,Center_X,Center_Y,Radius
0,9.3265983503e-02,-2.4105724405e-02,2.2040832722e-03
1,9.1429055369e-02,-2.5392418073e-02,2.2829639063e-03
2,8.9453844593e-02,-2.6615422996e-02,2.3640427190e-03
3,8.7348205808e-02,-2.7777240951e-02,2.4456135739e-03
4,8.5119993646e-02,-2.8880373711e-02,2.5262688964e-03
5,8.2777062740e-02,-2.9927323054e-02,2.6048529502e-03
6,8.0327267723e-02,-3.0920590755e-02,2.6804182363e-03
7,7.7778463227e-02,-3.1862678590e-02,2.7521874377e-03

Region 14 (8 circles):
Circle_Index,Center_X,Center_Y,Radius
0,7.5138503885e-02,-3.2756088334e-02,2.8195214751e-03
1,7.2415244330e-02,-3.3603321764e-02,2.8818933101e-03
2,6.9616539194e-02,-3.4406880654e-02,2.9388667621e-03
3,6.6750243110e-02,-3.5169266781e-02,2.9900795155e-03
4,6.3824210710e-02,-3.5892981921e-02,3.0352295458e-03
5,6.0846296628e-02,-3.6580527848e-02,3.0740642964e-03
6,5.7824355495e-02,-3.7234406340e-02,3.1063720528e-03
7,5.4766241946e-02,-3.7857119171e-02,3.1319750673e-03

Region 15 (8 circles):
Circle_Index,Center_X,Center_Y,Radius
0,5.1679810611e-02,-3.8451168118e-02,3.1507240824e-03
1,4.8572916124e-02,-3.9019054956e-02,3.1624939732e-03
2,4.5453413118e-02,-3.9563281461e-02,3.1671802979e-03
3,4.2329156225e-02,-4.0086349408e-02,3.1646965888e-03
4,3.9208000077e-02,-4.0590760574e-02,3.1549722637e-03
5,3.6097799309e-02,-4.1079016734e-02,3.1379510660e-03
6,3.3006408551e-02,-4.1553619664e-02,3.1135899742e-03
7,2.9941682437e-02,-4.2017071139e-02,3.0818585459e-03

Region 16 (8 circles):
Circle_Index,Center_X,Center_Y,Radius
0,2.6911475599e-02,-4.2471872935e-02,3.0427386864e-03
1,2.3923642671e-02,-4.2920526829e-02,2.9962248596e-03
2,2.0986038284e-02,-4.3365534596e-02,2.9423247876e-03
3,1.8106517072e-02,-4.3809398011e-02,2.8810607256e-03
4,1.5292933666e-02,-4.4254618850e-02,2.8124714474e-03
5,1.2553142701e-02,-4.4703698889e-02,2.7366151488e-03
6,9.8949988072e-03,-4.5159139904e-02,2.6535735777e-03
7,7.3263566188e-03,-4.5623443671e-02,2.5634578524e-03

Region 17 (8 circles):
Circle_Index,Center_X,Center_Y,Radius
0,4.8550707681e-03,-4.6099111965e-02,2.4664166610e-03
1,2.4889958876e-03,-4.6588646561e-02,2.3626478938e-03
2,2.3598661008e-04,-4.7094549237e-02,2.2524153342e-03
3,-1.8961024319e-03,-4.7619321767e-02,2.1360729479e-03
4,-3.8994166056e-03,-4.8165465927e-02,2.1586633551e-03
5,-6.0443605115e-03,-4.8814199884e-02,2.3024839361e-03
6,-8.2905926253e-03,-4.9551255172e-02,2.4229134732e-03
7,-1.0633074685e-02,-5.0370958766e-02,2.5376935841e-03

Region 18 (8 circles):
Circle_Index,Center_X,Center_Y,Radius
0,-1.3066768429e-02,-5.1267637641e-02,2.6465093104e-03
1,-1.5586635595e-02,-5.2235618772e-02,2.7491212704e-03
2,-1.8187637922e-02,-5.3269229134e-02,2.8453460153e-03
3,-2.0864737147e-02,-5.4362795702e-02,2.9350422643e-03
4,-2.3612895008e-02,-5.5510645450e-02,3.0181011218e-03
5,-2.6427073244e-02,-5.6707105353e-02,3.0944390404e-03
6,-2.9302233593e-02,-5.7946502387e-02,3.1639927112e-03
7,-3.2233337793e-02,-5.9223163526e-02,3.2267153311e-03

Region 19 (8 circles):
Circle_Index,Center_X,Center_Y,Radius
0,-3.5215347581e-02,-6.0531415745e-02,3.2825738737e-03
1,-3.8243224696e-02,-6.1865586019e-02,3.3315471064e-03
2,-4.1311930877e-02,-6.3220001323e-02,3.3736241763e-03
3,-4.4416427860e-02,-6.4588988631e-02,3.4088036416e-03
4,-4.7551677385e-02,-6.5966874919e-02,3.4370928642e-03
5,-5.0712641189e-02,-6.7347987161e-02,3.4585077069e-03
6,-5.3894281011e-02,-6.8726652333e-02,3.4730725007e-03
7,-5.7091558588e-02,-7.0097197408e-02,3.4808202640e-03

Region 20 (8 circles):
Circle_Index,Center_X,Center_Y,Radius
0,-6.0299435658e-02,-7.1453949363e-02,3.4817931685e-03
1,-6.3512873961e-02,-7.2791235171e-02,3.4760432632e-03
2,-6.6726835233e-02,-7.4103381808e-02,3.4636334754e-03
3,-6.9936281213e-02,-7.5384716249e-02,3.4446389263e-03
4,-7.3136173639e-02,-7.6629565468e-02,3.4191486089e-03
5,-7.6321474249e-02,-7.7832256441e-02,3.3872674986e-03
6,-7.9487144781e-02,-7.8987116142e-02,3.3491191847e-03
7,-8.2628146974e-02,-8.0088471546e-02,3.3048491388e-03

Region 21 (8 circles):
Circle_Index,Center_X,Center_Y,Radius
0,-8.5739442564e-02,-8.1130649628e-02,3.2546287707e-03
1,-8.8815993292e-02,-8.2107977363e-02,3.1986604630e-03
2,-9.1852760893e-02,-8.3014781725e-02,3.1371838275e-03
3,-9.4844707108e-02,-8.3845389690e-02,3.0704834938e-03
4,-9.7786793673e-02,-8.4594128233e-02,2.9988988151e-03
5,-1.0067398233e-01,-8.5255324328e-02,2.9228359727e-03
6,-1.0350123481e-01,-8.5823304950e-02,2.8427830551e-03
7,-1.0626351285e-01,-8.6292397074e-02,2.7593287872e-03

Region 22 (8 circles):
Circle_Index,Center_X,Center_Y,Radius
0,-1.0895577820e-01,-8.6656927675e-02,2.6731856401e-03
1,-1.1157299259e-01,-8.6911223728e-02,2.5852180146e-03
2,-1.1411011776e-01,-8.7049612207e-02,2.4964759431e-03
3,-1.1656211545e-01,-8.7066420088e-02,2.4082340991e-03
4,-1.1892394739e-01,-8.6955974346e-02,2.3220345448e-03
5,-1.2119057533e-01,-8.6712601955e-02,2.2397291695e-03
6,-1.2335696099e-01,-8.6330629890e-02,2.1635137814e-03
7,-1.2541806613e-01,-8.5804385126e-02,2.0959402854e-03

Region 23 (8 circles):
Circle_Index,Center_X,Center_Y,Radius
0,-1.2736885248e-01,-8.5128194638e-02,2.0398874168e-03
1,-1.2920428177e-01,-8.4296385401e-02,1.9984673936e-03
2,-1.3091931574e-01,-8.3303284389e-02,1.9748514218e-03
3,-1.3250891614e-01,-8.2143218578e-02,1.8367276821e-03
4,-1.3374193156e-01,-8.0964815452e-02,1.6146910753e-03
5,-1.3463487378e-01,-7.9730042246e-02,1.4657717106e-03
6,-1.3520138389e-01,-7.8441334766e-02,1.3858698364e-03
7,-1.3545510301e-01,-7.7101128820e-02,1.3770109978e-03

Region 24 (8 circles):
Circle_Index,Center_X,Center_Y,Radius
0,-1.3540967223e-01,-7.5711860212e-02,1.4317750462e-03
1,-1.3507873266e-01,-7.4275964750e-02,1.5358364920e-03
2,-1.3447592540e-01,-7.2795878238e-02,1.6733355549e-03
3,-1.3361489157e-01,-7.1274036483e-02,1.8307749425e-03
4,-1.3250927225e-01,-6.9712875291e-02,1.9981577529e-03
5,-1.3117270856e-01,-6.8114830468e-02,2.1685424689e-03
6,-1.2961884159e-01,-6.6482337820e-02,2.3372097619e-03
7,-1.2786131246e-01,-6.4817833153e-02,2.5009445872e-03

Region 25 (7 circles):
Circle_Index,Center_X,Center_Y,Radius
0,-1.2591376227e-01,-6.3123752274e-02,2.6575277792e-03
1,-1.2378983212e-01,-6.1402530987e-02,2.8054003428e-03
2,-1.2150316311e-01,-5.9656605100e-02,2.9434464040e-03
3,-1.1906739635e-01,-5.7888410418e-02,3.0708527608e-03
4,-1.1649617295e-01,-5.6100382747e-02,3.1870170035e-03
5,-1.1380313400e-01,-5.4294957893e-02,3.2914864876e-03
6,-1.1100192061e-01,-5.2474571663e-02,3.3839171241e-03

Region 26 (7 circles):
Circle_Index,Center_X,Center_Y,Radius
0,-1.0810617389e-01,-5.0641659862e-02,3.4640451027e-03
1,-1.0512953494e-01,-4.8798658296e-02,3.5316672087e-03
2,-1.0208564486e-01,-4.6948002772e-02,3.5866269648e-03
3,-9.8988144752e-02,-4.5092129096e-02,3.6288048066e-03
4,-9.5850675729e-02,-4.3233473072e-02,3.6581111212e-03
5,-9.2686878891e-02,-4.1374470509e-02,3.6744813786e-03
6,-8.9510395342e-02,-3.9517557211e-02,3.6778728552e-03

Region 27 (7 circles):
Circle_Index,Center_X,Center_Y,Radius
0,-8.6334866185e-02,-3.7665168984e-02,3.6682626290e-03
1,-8.3173932525e-02,-3.5819741635e-02,3.6456466681e-03
2,-8.0041235466e-02,-3.3983710970e-02,3.6100399375e-03
3,-7.6950416111e-02,-3.2159512795e-02,3.5614775555e-03
4,-7.3915115565e-02,-3.0349582915e-02,3.5000171327e-03
5,-7.0948974931e-02,-2.8556357137e-02,3.4257425609e-03
6,-6.8065635314e-02,-2.6782271267e-02,3.3387696942e-03

Region 28 (7 circles):
Circle_Index,Center_X,Center_Y,Radius
0,-6.5278737818e-02,-2.5029761110e-02,3.2392546253e-03
1,-6.2601923546e-02,-2.3301262474e-02,3.1274056538e-03
2,-6.0048833602e-02,-2.1599211163e-02,3.0035006762e-03
3,-5.7633109091e-02,-1.9926042985e-02,2.8679127516e-03
4,-5.5368391116e-02,-1.8284193744e-02,2.7211483182e-03
5,-5.3268320782e-02,-1.6676099247e-02,2.5639054736e-03
6,-5.1346539191e-02,-1.5104195301e-02,2.3971648502e-03

Region 29 (7 circles):
Circle_Index,Center_X,Center_Y,Radius
0,-4.9616687450e-02,-1.3570917710e-02,2.2223346209e-03
1,-4.8092406660e-02,-1.2078702282e-02,2.4116556318e-03
2,-4.6259974016e-02,-1.0109083540e-02,2.7441283979e-03
3,-4.4419895256e-02,-8.0011937447e-03,2.8508321350e-03
4,-4.2571886775e-02,-5.7615877864e-03,2.9549436573e-03
5,-4.0715664968e-02,-3.3968205556e-03,3.0559023207e-03
6,-3.8850946230e-02,-9.1344694282e-04,3.1532520363e-03
