shape_22

185 points
185 lines

Points

1 -4.886978071355309e-02 1.568038473916005e-03
2 -5.026942640573592e-02 4.986189532099686e-03
3 -5.165571155932211e-02 8.470208327124407e-03
4 -5.302651711553757e-02 1.201352084609991e-02
5 -5.437972401560821e-02 1.560955307613592e-02
6 -5.571321320075993e-02 1.925173100434212e-02
7 -5.702486561221866e-02 2.293348061782827e-02
8 -5.831256219121032e-02 2.664822790370408e-02
9 -5.957418387896081e-02 3.038939884907924e-02
10 -6.080761161669605e-02 3.415041944106352e-02
11 -6.201072634564197e-02 3.792471566676660e-02
12 -6.318140900702444e-02 4.170571351329821e-02
13 -6.431754054206944e-02 4.548683896776808e-02
14 -6.541700189200282e-02 4.926151801728591e-02
15 -6.647767399805056e-02 5.302317664896146e-02
16 -6.749743780143852e-02 5.676524084990441e-02
17 -6.847417424339261e-02 6.048113660722450e-02
18 -6.940576426513881e-02 6.416428990803143e-02
19 -7.029008880790294e-02 6.780812673943493e-02
20 -7.112502881291100e-02 7.140607308854473e-02
21 -7.190846522138887e-02 7.495155494247055e-02
22 -7.263827897456247e-02 7.843799828832212e-02
23 -7.331235101365770e-02 8.185882911320910e-02
24 -7.392856227990045e-02 8.520747340424126e-02
25 -7.448479371451673e-02 8.847735714852835e-02
26 -7.497892625873237e-02 9.166190633318005e-02
27 -7.540884085377332e-02 9.475454694530608e-02
28 -7.577241844086545e-02 9.774870497201613e-02
29 -7.606753996123475e-02 1.006378064004200e-01
30 -7.629208635610704e-02 1.034152772176273e-01
31 -7.644393856670832e-02 1.060745434107478e-01
32 -7.631304785529965e-02 1.073733964968570e-01
33 -7.581926815806181e-02 1.085250002599960e-01
34 -7.499315958248116e-02 1.095357143126636e-01
35 -7.386528223604397e-02 1.104118982673583e-01
36 -7.246619622623655e-02 1.111599117365791e-01
37 -7.082646166054520e-02 1.117861143328244e-01
38 -6.897663864645623e-02 1.122968656685931e-01
39 -6.694728729145592e-02 1.126985253563838e-01
40 -6.476896770303060e-02 1.129974530086952e-01
41 -6.247223998866656e-02 1.132000082380260e-01
42 -6.008766425585010e-02 1.133125506568748e-01
43 -5.764580061206753e-02 1.133414398777405e-01
44 -5.517720916480513e-02 1.132930355131216e-01
45 -5.271245002154923e-02 1.131736971755168e-01
46 -5.028208328978612e-02 1.129897844774250e-01
47 -4.791666907700209e-02 1.127476570313447e-01
48 -4.564676749068346e-02 1.124536744497747e-01
49 -4.350293863831653e-02 1.121141963452136e-01
50 -4.151574262738759e-02 1.117355823301601e-01
51 -3.971573956538296e-02 1.113241920171129e-01
52 -3.813348955978894e-02 1.108863850185708e-01
53 -3.679955271809181e-02 1.104285209470323e-01
54 -3.574765227173660e-02 1.099056470203596e-01
55 -3.471813362404286e-02 1.091758467288888e-01
56 -3.371112507618041e-02 1.082590852859460e-01
57 -3.272675492931906e-02 1.071753279048568e-01
58 -3.176515148462858e-02 1.059445397989471e-01
59 -3.082644304327880e-02 1.045866861815428e-01
60 -2.991075790643953e-02 1.031217322659696e-01
61 -2.901822437528057e-02 1.015696432655533e-01
62 -2.814897075097172e-02 9.995038439361992e-02
63 -2.730312533468279e-02 9.828392086349513e-02
64 -2.648081642758358e-02 9.659021788850475e-02
65 -2.568217233084391e-02 9.488924068197464e-02
66 -2.490732134563357e-02 9.320095445723067e-02
67 -2.415639177312238e-02 9.154532442759859e-02
68 -2.342951191448014e-02 8.994231580640424e-02
69 -2.272681007087664e-02 8.841189380697342e-02
70 -2.204841454348171e-02 8.697402364263204e-02
71 -2.139445363346514e-02 8.564867052670584e-02
72 -2.076505564199675e-02 8.445579967252068e-02
73 -1.902354442803361e-02 8.135652451613842e-02
74 -1.717401887737061e-02 7.817971358838109e-02
75 -1.522176728512969e-02 7.492814406293136e-02
76 -1.317207794643275e-02 7.160459311347188e-02
77 -1.103023915640174e-02 6.821183791368537e-02
78 -8.801539210158580e-03 6.475265563725451e-02
79 -6.491266402825209e-03 6.122982345786201e-02
80 -4.104709029523536e-03 5.764611854919051e-02
81 -1.647155385375499e-03 5.400431808492274e-02
82 8.761062344969538e-04 5.030719923874140e-02
83 3.459787534971930e-03 4.655753918432914e-02
84 6.098600220927465e-03 4.275811509536868e-02
85 8.787255997241656e-03 3.891170414554269e-02
86 1.152046656879255e-02 3.502108350853388e-02
87 1.429294364045826e-02 3.108903035802490e-02
88 1.709939891711683e-02 2.711832186769848e-02
89 1.993454410364631e-02 2.311173521123731e-02
90 2.279309090492480e-02 1.907204756232404e-02
91 2.566975102583037e-02 1.500203609464141e-02
92 2.855923617124109e-02 1.090447798187205e-02
93 3.145625804603501e-02 6.782150397698714e-03
94 3.435552835509023e-02 2.637830515804030e-03
95 3.725175880328480e-02 -1.525704490129259e-03
96 4.013966109549682e-02 -5.705677446418517e-03
97 4.301394693660435e-02 -9.899311179381016e-03
98 4.586932803148542e-02 -1.410382851533406e-02
99 4.870051608501817e-02 -1.831645228059502e-02
100 5.150222280208061e-02 -2.253440530148112e-02
101 5.426915988755085e-02 -2.675491040430974e-02
102 5.699603904630696e-02 -3.097519041539816e-02
103 5.967757198322697e-02 -3.519246816106369e-02
104 6.230847040318897e-02 -3.940396646762362e-02
105 6.488344601107111e-02 -4.360690816139534e-02
106 6.739721051175136e-02 -4.779851606869609e-02
107 6.984447561010779e-02 -5.197601301584318e-02
108 7.221995301101855e-02 -5.613662182915399e-02
109 7.451835441936168e-02 -6.027756533494576e-02
110 7.673439154001520e-02 -6.439606635953581e-02
111 7.886277607785722e-02 -6.848934772924144e-02
112 8.089821973776584e-02 -7.255463227038002e-02
113 8.283543422461910e-02 -7.658914280926883e-02
114 8.466913124329505e-02 -8.059010217222515e-02
115 8.639402249867181e-02 -8.455473318556636e-02
116 8.800481969562740e-02 -8.848025867560964e-02
117 8.949623453903996e-02 -9.236390146867249e-02
118 9.086297873378747e-02 -9.620288439107202e-02
119 9.209976398474812e-02 -9.999443026912572e-02
120 9.320130199679987e-02 -1.037357619291508e-01
121 9.416230447482081e-02 -1.074241021974646e-01
122 9.497748312368907e-02 -1.110566739003844e-01
123 9.564154964828267e-02 -1.146306998642275e-01
124 9.614921575347972e-02 -1.181434029153113e-01
125 9.649519314415825e-02 -1.215920058799530e-01
126 9.667419352519638e-02 -1.249737315844700e-01
127 9.668092860147209e-02 -1.282858028551796e-01
128 9.651011007786356e-02 -1.315254425183990e-01
129 9.615320887057767e-02 -1.339082306393677e-01
130 9.551427956284010e-02 -1.358726761112512e-01
131 9.460518512253327e-02 -1.374335281306665e-01
132 9.343778851753964e-02 -1.386055358942308e-01
133 9.202395271574169e-02 -1.394034485985613e-01
134 9.037554068502186e-02 -1.398420154402751e-01
135 8.850441539326263e-02 -1.399359856159894e-01
136 8.642243980834645e-02 -1.397001083223213e-01
137 8.414147689815575e-02 -1.391491327558879e-01
138 8.167338963057302e-02 -1.382978081133064e-01
139 7.903004097348074e-02 -1.371608835911939e-01
140 7.622329389476135e-02 -1.357531083861676e-01
141 7.326501136229728e-02 -1.340892316948447e-01
142 7.016705634397104e-02 -1.321840027138421e-01
143 6.694129180766506e-02 -1.300521706397773e-01
144 6.359958072126180e-02 -1.277084846692672e-01
145 6.015378605264373e-02 -1.251676939989289e-01
146 5.661577076969331e-02 -1.224445478253798e-01
147 5.299739784029300e-02 -1.195537953452368e-01
148 4.931053023232524e-02 -1.165101857551171e-01
149 4.556703091367251e-02 -1.133284682516380e-01
150 4.177876285221727e-02 -1.100233920314164e-01
151 3.795758901584198e-02 -1.066097062910697e-01
152 3.411537237242909e-02 -1.031021602272148e-01
153 3.026397588986107e-02 -9.951550303646903e-02
154 2.641526253602035e-02 -9.586448391544941e-02
155 2.258109527878943e-02 -9.216385206077320e-02
156 1.877333708605075e-02 -8.842835666905742e-02
157 1.500385092568678e-02 -8.467274693691931e-02
158 1.128449976557998e-02 -8.091177206097598e-02
159 7.627146573612791e-03 -7.716018123784459e-02
160 4.043654317667691e-03 -7.343272366414226e-02
161 5.458859656271232e-04 -6.974414853648618e-02
162 -2.854295514626431e-03 -6.610920505149341e-02
163 -6.145027155210528e-03 -6.254264240578117e-02
164 -9.314445988242704e-03 -5.905920979596661e-02
165 -1.235068904584050e-02 -5.567365641866677e-02
166 -1.524189336012145e-02 -5.240073147049893e-02
167 -1.797619596320310e-02 -4.925518414808017e-02
168 -2.054173388720299e-02 -4.625176364802763e-02
169 -2.292664416423866e-02 -4.340521916695844e-02
170 -2.511906382642765e-02 -4.073029990148982e-02
171 -2.710712990588750e-02 -3.824175504823882e-02
172 -2.887897943473574e-02 -3.595433380382264e-02
173 -3.042274944508993e-02 -3.388278536485843e-02
174 -3.180324779058745e-02 -3.191915005862394e-02
175 -3.319793336155141e-02 -2.980418484797476e-02
176 -3.460468709920776e-02 -2.754446374580116e-02
177 -3.602138994478240e-02 -2.514656076499342e-02
178 -3.744592283950123e-02 -2.261704991844184e-02
179 -3.887616672459020e-02 -1.996250521903668e-02
180 -4.031000254127520e-02 -1.718950067966821e-02
181 -4.174531123078214e-02 -1.430461031322675e-02
182 -4.317997373433694e-02 -1.131440813260255e-02
183 -4.461187099316552e-02 -8.225468150685897e-03
184 -4.603888394849381e-02 -5.044364380367060e-03
185 -4.745889354154769e-02 -1.777670834536327e-03

Lines

1 1 2
2 2 3
3 3 4
4 4 5
5 5 6
6 6 7
7 7 8
8 8 9
9 9 10
10 10 11
11 11 12
12 12 13
13 13 14
14 14 15
15 15 16
16 16 17
17 17 18
18 18 19
19 19 20
20 20 21
21 21 22
22 22 23
23 23 24
24 24 25
25 25 26
26 26 27
27 27 28
28 28 29
29 29 30
30 30 31
31 31 32
32 32 33
33 33 34
34 34 35
35 35 36
36 36 37
37 37 38
38 38 39
39 39 40
40 40 41
41 41 42
42 42 43
43 43 44
44 44 45
45 45 46
46 46 47
47 47 48
48 48 49
49 49 50
50 50 51
51 51 52
52 52 53
53 53 54
54 54 55
55 55 56
56 56 57
57 57 58
58 58 59
59 59 60
60 60 61
61 61 62
62 62 63
63 63 64
64 64 65
65 65 66
66 66 67
67 67 68
68 68 69
69 69 70
70 70 71
71 71 72
72 72 73
73 73 74
74 74 75
75 75 76
76 76 77
77 77 78
78 78 79
79 79 80
80 80 81
81 81 82
82 82 83
83 83 84
84 84 85
85 85 86
86 86 87
87 87 88
88 88 89
89 89 90
90 90 91
91 91 92
92 92 93
93 93 94
94 94 95
95 95 96
96 96 97
97 97 98
98 98 99
99 99 100
100 100 101
101 101 102
102 102 103
103 103 104
104 104 105
105 105 106
106 106 107
107 107 108
108 108 109
109 109 110
110 110 111
111 111 112
112 112 113
113 113 114
114 114 115
115 115 116
116 116 117
117 117 118
118 118 119
119 119 120
120 120 121
121 121 122
122 122 123
123 123 124
124 124 125
125 125 126
126 126 127
127 127 128
128 128 129
129 129 130
130 130 131
131 131 132
132 132 133
133 133 134
134 134 135
135 135 136
136 136 137
137 137 138
138 138 139
139 139 140
140 140 141
141 141 142
142 142 143
143 143 144
144 144 145
145 145 146
146 146 147
147 147 148
148 148 149
149 149 150
150 150 151
151 151 152
152 152 153
153 153 154
154 154 155
155 155 156
156 156 157
157 157 158
158 158 159
159 159 160
160 160 161
161 161 162
162 162 163
163 163 164
164 164 165
165 165 166
166 166 167
167 167 168
168 168 169
169 169 170
170 170 171
171 171 172
172 172 173
173 173 174
174 174 175
175 175 176
176 176 177
177 177 178
178 178 179
179 179 180
180 180 181
181 181 182
182 182 183
183 183 184
184 184 185
185 185 1
