Region Metadata for: shape_99.txt
================================================================================

REGION DEFINITION: Circle union (one circle per point)
  Each point gets a circle with radius = average distance to neighbors

Total vertices: 215
Number of regions: 30
Points per region:
  Region 0: 8 points
  Region 1: 8 points
  Region 2: 8 points
  Region 3: 8 points
  Region 4: 8 points
  Region 5: 7 points
  Region 6: 7 points
  Region 7: 7 points
  Region 8: 7 points
  Region 9: 7 points
  Region 10: 7 points
  Region 11: 7 points
  Region 12: 7 points
  Region 13: 7 points
  Region 14: 7 points
  Region 15: 7 points
  Region 16: 7 points
  Region 17: 7 points
  Region 18: 7 points
  Region 19: 7 points
  Region 20: 7 points
  Region 21: 7 points
  Region 22: 7 points
  Region 23: 7 points
  Region 24: 7 points
  Region 25: 7 points
  Region 26: 7 points
  Region 27: 7 points
  Region 28: 7 points
  Region 29: 7 points

REGION SUMMARY:
Region_Index,Num_Points,BBox_Min_X,BBox_Max_X,BBox_Min_Y,BBox_Max_Y,Normal_X,Normal_Y,Tangent_X,Tangent_Y,Fitted_Circle_X,Fitted_Circle_Y,Fitted_Circle_Radius,Local_AoA_Rad,Union_Area,Collection_Area
0,8,-5.0187748129e-02,-2.5000477639e-02,-2.7613567923e-03,2.4843742582e-02,-0.7510057186,-0.6602956993,-0.6602956993,0.7510057186,3.9731968961e+00,3.5372870864e+00,5.3405244513e+00,-7.21212431e-01,2.39638319e-04,1.19858096e-04
1,8,-6.7198895421e-02,-4.5376702011e-02,2.0368628162e-02,4.4321651552e-02,-0.7516921437,-0.6595141553,-0.6595141553,0.7516921437,-4.7653394514e+00,-4.0978790964e+00,-6.2636845868e+00,-7.20172243e-01,1.80681168e-04,9.03071309e-05
2,8,-7.9049187046e-02,-6.3218100344e-02,4.0600500352e-02,5.7907519912e-02,-0.7516628446,-0.6595475480,-0.6595475480,0.7516628446,3.4316994328e-01,4.1432821941e-01,5.5228566438e-01,-7.20216667e-01,9.56900848e-05,4.78932645e-05
3,8,-9.4220568528e-02,-7.5769784942e-02,5.4926387915e-02,7.6422950930e-02,-0.7778864394,-0.6284048754,-0.6284048754,0.7778864394,4.2018969777e-01,4.7318562839e-01,6.4909098213e-01,-6.79500921e-01,1.39175330e-04,6.97114132e-05
4,8,-1.0798223942e-01,-8.9863851002e-02,7.2619413490e-02,9.5217531159e-02,-0.8063204881,-0.5914788842,-0.5914788842,0.8063204881,1.8620950704e-01,2.9381348447e-01,3.5426611556e-01,-6.32891724e-01,1.45512224e-04,7.30640121e-05
5,7,-1.1335631835e-01,-1.0428879202e-01,9.2232053816e-02,1.0575113758e-01,-0.8766856065,-0.4810637664,-0.4810637664,0.8766856065,-6.4342127440e-02,1.2472583713e-01,5.1947682359e-02,-5.01867705e-01,5.42412551e-05,2.75844878e-05
6,7,-1.1335209235e-01,-1.0662951696e-01,1.0432708125e-01,1.0862531470e-01,-0.2353965121,0.9718994197,0.9718994197,0.2353965121,-1.1065630491e-01,1.0543954806e-01,1.9874571850e-03,1.33316980e+00,2.03232645e-05,1.09145255e-05
7,7,-1.0910994285e-01,-8.6446161221e-02,9.3071845553e-02,1.0812334845e-01,0.4732915809,0.8809058290,0.8809058290,-0.4732915809,-2.6156478712e-01,-2.0355852627e-01,3.4565118641e-01,2.06381996e+00,1.41831162e-04,7.12266860e-05
8,7,-9.0198420229e-02,-6.5403743338e-02,8.0276393229e-02,9.8044750597e-02,0.5184941591,0.8550811698,0.8550811698,-0.5184941591,-3.7174519408e-01,-3.9510648577e-01,5.6663728757e-01,2.11588529e+00,1.77027855e-04,8.87606413e-05
9,7,-6.9591680916e-02,-4.3398738429e-02,6.5802695178e-02,8.5584852389e-02,0.5495514398,0.8354598824,0.8354598824,-0.5495514398,-5.1369203771e-01,-6.1903615217e-01,8.3177249223e-01,2.15262357e+00,2.04143955e-04,1.02295819e-04
10,7,-4.7886388593e-02,-2.1035686462e-02,5.0220787150e-02,7.1305813295e-02,0.5724380344,0.8199479842,0.8199479842,-0.5724380344,-6.7235421087e-01,-8.5276828418e-01,1.1142729520e+00,2.18027251e+00,2.20208831e-04,1.10249349e-04
11,7,-2.5681707944e-02,1.0821385854e-03,3.4099438904e-02,5.5772293783e-02,0.5903353326,0.8071580979,0.8071580979,-0.5903353326,-8.2278239522e-01,-1.0632012623e+00,1.3729460870e+00,2.20227055e+00,2.23750407e-04,1.12000494e-04
12,7,-3.5779436777e-03,2.2352099198e-02,1.8006783739e-02,3.9550094342e-02,0.6051482391,0.7961128116,0.7961128116,-0.6051482391,-9.3024685479e-01,-1.2074911008e+00,1.5528586306e+00,2.22074838e+00,2.14170043e-04,1.07245904e-04
13,7,1.7824017698e-02,4.2171913150e-02,2.5105996627e-03,2.3205597264e-02,0.6181931296,0.7860262429,0.7860262429,-0.6181931296,-9.5385432738e-01,-1.2383615631e+00,1.5917207678e+00,2.23723821e+00,1.92312718e-04,9.62853523e-05
14,7,3.7922959657e-02,5.9939525604e-02,-1.1821562703e-02,7.3055148574e-03,0.6306016202,0.7761066915,0.7761066915,-0.6306016202,-8.5817761672e-01,-1.1190775630e+00,1.4388062433e+00,2.25312447e+00,1.60150793e-04,8.01663567e-05
15,7,5.6117448609e-02,7.0012542618e-02,-2.0003583464e-02,-7.5832235045e-03,0.6739795776,0.7387499774,0.7387499774,-0.6739795776,5.0486815373e-03,-8.2744876878e-02,9.0111328932e-02,2.31037887e+00,8.44271483e-05,4.32145501e-05
16,7,5.8574681733e-02,6.9015765124e-02,-2.4158517613e-02,-1.9024832115e-02,0.3125517617,-0.9499007297,-0.9499007297,-0.3125517617,5.4332181891e-02,1.0445891609e-02,3.3346190368e-02,-1.88867452e+00,2.92268256e-05,1.49182967e-05
17,7,4.9673622461e-02,6.0394019432e-02,-2.7318000446e-02,-2.1064558756e-02,0.4023158199,-0.9155009454,-0.9155009454,-0.4023158199,6.1765319174e-02,-4.1530019437e-02,-1.8902365394e-02,-1.98484134e+00,3.18892910e-05,1.53182296e-05
18,7,4.8572992685e-02,5.6766408787e-02,-4.1878320813e-02,-2.6249033578e-02,0.9539757754,0.2998836775,0.2998836775,-0.9539757754,9.5864697280e-02,-1.8797932642e-02,-4.6507881093e-02,2.83702194e+00,6.88825090e-05,3.34751906e-05
19,7,5.2198619552e-02,6.7469235878e-02,-6.2720865194e-02,-3.8774563634e-02,0.8928331725,0.4503875288,0.4503875288,-0.8928331725,3.2204236817e-01,8.2194682460e-02,-2.9427319109e-01,2.67439332e+00,1.55701397e-04,7.74352922e-05
20,7,6.2108949460e-02,7.9479186123e-02,-8.4301086932e-02,-5.8774540147e-02,0.8724491872,0.4887048350,0.4887048350,-0.8724491872,1.4026929124e+00,6.7499970175e-01,-1.5268683004e+00,2.63098804e+00,1.82213457e-04,9.10286896e-05
21,7,7.4346747651e-02,8.9051375435e-02,-1.0236321625e-01,-8.0459555478e-02,0.8767862814,0.4808802519,0.4808802519,-0.8767862814,-3.9466540851e-01,-3.5367311252e-01,5.4401653301e-01,2.63993426e+00,1.34404857e-04,6.74008329e-05
22,7,8.5187543577e-02,9.2521284009e-02,-1.1272621792e-01,-9.9594253391e-02,0.9278202106,0.3730276890,0.3730276890,-0.9278202106,4.8320232913e-02,-1.2374798040e-01,4.4868454969e-02,2.75932254e+00,4.79652195e-05,2.44263897e-05
23,7,8.5329073506e-02,9.2336594700e-02,-1.1457788985e-01,-1.1033625715e-01,-0.0404415345,-0.9991819065,-0.9991819065,0.0404415345,8.9799182445e-02,-1.1118036550e-01,2.5421941108e-03,-1.53034376e+00,1.96145450e-05,1.04916225e-05
24,7,6.7436977283e-02,8.7907080620e-02,-1.1370052017e-01,-9.6947865178e-02,-0.5964722545,-0.8026336958,-0.8026336958,0.5964722545,1.9720486927e-01,5.4751927214e-02,2.0003553996e-01,-9.31697646e-01,1.32474682e-04,6.67421317e-05
25,7,4.8547078258e-02,7.1463689503e-02,-1.0143776327e-01,-8.0462284317e-02,-0.6597042758,-0.7515252946,-0.7515252946,0.6597042758,3.2122373597e-01,2.0606072063e-01,3.9569695807e-01,-8.50371133e-01,1.81622737e-04,9.12382185e-05
26,7,2.8715746004e-02,5.3278647016e-02,-8.5388003628e-02,-6.1314127145e-02,-0.6965774254,-0.7174816308,-0.7174816308,0.6965774254,5.1508724316e-01,4.1457456872e-01,6.8042139253e-01,-8.00180207e-01,2.22158154e-04,1.11291954e-04
27,7,8.5542976439e-03,3.3940755779e-02,-6.6518286870e-02,-4.0492953794e-02,-0.7199063080,-0.6940712555,-0.6940712555,0.7199063080,7.9124047626e-01,6.8861830887e-01,1.0694795733e+00,-7.67129006e-01,2.48218977e-04,1.24199342e-04
28,7,-1.1329715884e-02,1.4047491840e-02,-4.5804332054e-02,-1.8984558215e-02,-0.7352392490,-0.6778076768,-0.6778076768,0.7352392490,1.1835853158e+00,1.0573877029e+00,1.6079314027e+00,-7.44776739e-01,2.56007733e-04,1.28118209e-04
29,7,-3.0330405046e-02,-5.8003497678e-03,-2.4225177223e-02,2.2269270505e-03,-0.7451741490,-0.6668699181,-0.6668699181,0.7451741490,1.8294022372e+00,1.6423479322e+00,2.4792888064e+00,-7.30000380e-01,2.44432520e-04,1.22330461e-04

DETAILED CIRCLE DATA:

Region 0 (8 circles):
Circle_Index,Center_X,Center_Y,Radius
0,-2.8968936146e-02,1.2071017143e-03,3.9684585066e-03
1,-3.1583783140e-02,4.1667379107e-03,3.9284626934e-03
2,-3.4168037137e-02,7.0978240010e-03,3.8851587337e-03
3,-3.6719937168e-02,9.9974962656e-03,3.8385450858e-03
4,-3.9237722263e-02,1.2862890985e-02,3.7886204107e-03
5,-4.1719631451e-02,1.5691144440e-02,3.7353835723e-03
6,-4.4163903762e-02,1.8479392912e-02,3.6788336413e-03
7,-4.6568778226e-02,2.1224772680e-02,3.6189699022e-03

Region 1 (8 circles):
Circle_Index,Center_X,Center_Y,Radius
0,-4.8932493874e-02,2.3924420025e-02,3.5557918633e-03
1,-5.1253289734e-02,2.6575471228e-02,3.4892992710e-03
2,-5.3529404837e-02,2.9175062569e-02,3.4194921303e-03
3,-5.5759078213e-02,3.1720330329e-02,3.3463707296e-03
4,-5.7940548891e-02,3.4208410789e-02,3.2699356746e-03
5,-6.0072055902e-02,3.6636440228e-02,3.1901879308e-03
6,-6.2151838274e-02,3.9001554929e-02,3.1071288784e-03
7,-6.4178135039e-02,4.1300891170e-02,3.0207603821e-03

Region 2 (8 circles):
Circle_Index,Center_X,Center_Y,Radius
0,-6.6149185225e-02,4.3531585233e-02,2.9310848813e-03
1,-6.8063227864e-02,4.5690773398e-02,2.8381055065e-03
2,-6.9918501983e-02,4.7775591946e-02,2.7418262301e-03
3,-7.1713246615e-02,4.9783177157e-02,2.1294545785e-03
4,-7.2751967315e-02,5.0955167972e-02,1.6887527418e-03
5,-7.3941372186e-02,5.2321439519e-02,1.9238710411e-03
6,-7.5267626848e-02,5.3866593042e-02,2.1383898962e-03
7,-7.6716896919e-02,5.5575229785e-02,2.3322901271e-03

Region 3 (8 circles):
Circle_Index,Center_X,Center_Y,Radius
0,-7.8275348018e-02,5.7431950991e-02,2.5055630754e-03
1,-7.9929145763e-02,5.9421357904e-02,2.6582059857e-03
2,-8.1664455775e-02,6.1528051767e-02,2.7902199262e-03
3,-8.3467443671e-02,6.3736633826e-02,2.9016088406e-03
4,-8.5324275070e-02,6.6031705322e-02,2.9923791782e-03
5,-8.7221115591e-02,6.8397867501e-02,3.0625398693e-03
6,-8.9144130853e-02,7.0819721604e-02,3.1121025555e-03
7,-9.1079486475e-02,7.3281868878e-02,3.1410820526e-03

Region 4 (8 circles):
Circle_Index,Center_X,Center_Y,Radius
0,-9.3013348076e-02,7.5768910564e-02,3.1494970743e-03
1,-9.4931881274e-02,7.8265447907e-02,3.1373712871e-03
2,-9.6821251688e-02,8.0756082150e-02,3.1047348213e-03
3,-9.8667624938e-02,8.3225414538e-02,3.0516264448e-03
4,-1.0045716664e-01,8.5658046313e-02,2.9780967338e-03
5,-1.0217604242e-01,8.8038578720e-02,2.8842127936e-03
6,-1.0381041788e-01,9.0351613002e-02,2.7700654759e-03
7,-1.0534645866e-01,9.2581750402e-02,2.6357807565e-03

Region 5 (7 circles):
Circle_Index,Center_X,Center_Y,Radius
0,-1.0677033037e-01,9.4713592166e-02,2.4815383502e-03
1,-1.0806819863e-01,9.6731739536e-02,2.3076035184e-03
2,-1.0922622905e-01,9.8620793756e-02,2.1143843390e-03
3,-1.1023058726e-01,1.0036535607e-01,1.9025415596e-03
4,-1.1106743887e-01,1.0195002772e-01,1.6732164102e-03
5,-1.1172294950e-01,1.0335940995e-01,1.4285513240e-03
6,-1.1218328478e-01,1.0457810401e-01,1.1730335705e-03

Region 6 (7 circles):
Circle_Index,Center_X,Center_Y,Radius
0,-1.1243461032e-01,1.0559071114e-01,9.1748203292e-04
1,-1.1246309174e-01,1.0638183257e-01,6.9184259806e-04
2,-1.1225489466e-01,1.0693606957e-01,5.7061209331e-04
3,-1.1179618469e-01,1.0723802336e-01,6.3652096845e-04
4,-1.1107312746e-01,1.0727229520e-01,8.7777970894e-04
5,-1.1007188859e-01,1.0702348632e-01,1.2179906348e-03
6,-1.0877863369e-01,1.0647619798e-01,2.1491167278e-03

Region 7 (7 circles):
Circle_Index,Center_X,Center_Y,Radius
0,-1.0618303599e-01,1.0519644159e-01,2.9269068648e-03
1,-1.0354272829e-01,1.0385867767e-01,2.9918438342e-03
2,-1.0085946492e-01,1.0246455994e-01,3.0547774473e-03
3,-9.8135000195e-02,1.0101574213e-01,3.1156695633e-03
4,-9.5371088425e-02,9.9513877945e-02,3.1744865768e-03
5,-9.2569483930e-02,9.7960621113e-02,3.2311987757e-03
6,-8.9731941024e-02,9.6357625356e-02,3.2857798030e-03

Region 8 (7 circles):
Circle_Index,Center_X,Center_Y,Radius
0,-8.6860214024e-02,9.4706544392e-02,3.3382062043e-03
1,-8.3956057247e-02,9.3009031944e-02,3.3884570452e-03
2,-8.1021225009e-02,9.1266741731e-02,3.4365135865e-03
3,-7.8057471624e-02,8.9481327475e-02,3.4823590086e-03
4,-7.5066551411e-02,8.7654442896e-02,3.5259781748e-03
5,-7.2050218684e-02,8.5787741714e-02,3.5673574294e-03
6,-6.9010227760e-02,8.3882877652e-02,3.6064844226e-03

Region 9 (7 circles):
Circle_Index,Center_X,Center_Y,Radius
0,-6.5948332955e-02,8.1941504429e-02,3.6433479608e-03
1,-6.2866288586e-02,7.9965275766e-02,3.6779378760e-03
2,-5.9765848967e-02,7.7955845383e-02,3.7102449125e-03
3,-5.6648768416e-02,7.5914867003e-02,3.7402606283e-03
4,-5.3516801249e-02,7.3843994345e-02,3.7679773088e-03
5,-5.0371701781e-02,7.1744881129e-02,3.7933878917e-03
6,-4.7215224329e-02,6.9619181078e-02,3.8164859000e-03

Region 10 (7 circles):
Circle_Index,Center_X,Center_Y,Radius
0,-4.4049123208e-02,6.7468547911e-02,3.8372653841e-03
1,-4.0875152736e-02,6.5294635350e-02,3.8557208700e-03
2,-3.7695067228e-02,6.3099097114e-02,3.8718473139e-03
3,-3.4510621000e-02,6.0883586926e-02,3.8856400613e-03
4,-3.1323568369e-02,5.8649758504e-02,3.8970948116e-03
5,-2.8135663650e-02,5.6399265572e-02,3.9062075857e-03
6,-2.4948661160e-02,5.4133761848e-02,3.9129746979e-03

Region 11 (7 circles):
Circle_Index,Center_X,Center_Y,Radius
0,-2.1764315214e-02,5.1854901053e-02,3.9173927299e-03
1,-1.8584380130e-02,4.9564336910e-02,3.9194585085e-03
2,-1.5410610222e-02,4.7263723137e-02,3.9191690849e-03
3,-1.2244759808e-02,4.4954713457e-02,3.9165217161e-03
4,-9.0885832027e-03,4.2638961589e-02,3.9115138493e-03
5,-5.9438347229e-03,4.0318121254e-02,3.9041431061e-03
6,-2.8122686845e-03,3.7993846174e-02,3.8944072700e-03

Region 12 (7 circles):
Circle_Index,Center_X,Center_Y,Radius
0,3.0436059614e-04,3.5667790068e-02,3.8823042738e-03
1,3.4042988031e-03,3.3341606658e-02,3.8678321893e-03
2,6.4857916201e-03,3.1016949665e-02,3.8509892174e-03
3,9.5470847312e-03,2.8695472809e-02,3.8317736794e-03
4,1.2586423820e-02,2.6378829810e-02,3.8101840094e-03
5,1.5602054571e-02,2.4068674390e-02,3.7862187468e-03
6,1.8592222667e-02,2.1766660270e-02,3.7598765310e-03

Region 13 (7 circles):
Circle_Index,Center_X,Center_Y,Radius
0,2.1555173793e-02,1.9474441169e-02,3.7311560950e-03
1,2.4489153632e-02,1.7193670809e-02,3.7000562612e-03
2,2.7392407869e-02,1.4926002911e-02,3.6665759372e-03
3,3.0263182186e-02,1.2673091195e-02,3.6307141120e-03
4,3.3099722269e-02,1.0436589382e-02,3.5924698532e-03
5,3.5900273800e-02,8.2181511931e-03,3.5518423048e-03
6,3.8663082465e-02,6.0194303484e-03,3.5088306857e-03

Region 14 (7 circles):
Circle_Index,Center_X,Center_Y,Radius
0,4.1386393946e-02,3.8420805690e-03,3.4634342884e-03
1,4.4068453927e-02,1.6877555755e-03,3.4156524788e-03
2,4.6707508093e-02,-4.4189091129e-04,3.3654846966e-03
3,4.9301802127e-02,-2.5452051706e-03,3.3129304571e-03
4,5.1849581713e-02,-4.6205334818e-03,3.2579893525e-03
5,5.4349092535e-02,-6.6662221241e-03,3.2006610562e-03
6,5.6798580277e-02,-8.6806173766e-03,3.1409453268e-03

Region 15 (7 circles):
Circle_Index,Center_X,Center_Y,Radius
0,5.9196290623e-02,-1.0662065519e-02,3.0788420143e-03
1,6.1540469257e-02,-1.2608912830e-02,3.0143510681e-03
2,6.3829361862e-02,-1.4519505589e-02,2.9474725470e-03
3,6.6061214122e-02,-1.6392190076e-02,2.8782066319e-03
4,6.8234271722e-02,-1.8225312569e-02,1.7782708954e-03
5,6.8677654147e-02,-1.8784407320e-02,6.1570997773e-04
6,6.8666695592e-02,-1.9302146379e-02,5.7664793061e-04

Region 16 (7 circles):
Circle_Index,Center_X,Center_Y,Radius
0,6.8254683367e-02,-1.9785913872e-02,7.6108175710e-04
1,6.7494904781e-02,-2.0243093927e-02,1.0141683951e-03
2,6.6440647145e-02,-2.0681070669e-02,1.2526793612e-03
3,6.5145197769e-02,-2.1107228227e-02,1.4529411045e-03
4,6.3661843961e-02,-2.1528950726e-02,1.6074562517e-03
5,6.2043873031e-02,-2.1953622293e-02,1.7134353613e-03
6,6.0344572290e-02,-2.2388627056e-02,1.7698905574e-03

Region 17 (7 circles):
Circle_Index,Center_X,Center_Y,Radius
0,5.8617229047e-02,-2.2841349141e-02,1.7767903844e-03
1,5.6915130612e-02,-2.3319172674e-02,1.7348858931e-03
2,5.5291564294e-02,-2.3829481784e-02,1.6459232985e-03
3,5.3799817403e-02,-2.4379660596e-02,1.5133573054e-03
4,5.2493177249e-02,-2.4977093238e-02,1.3441408516e-03
5,5.1424931141e-02,-2.5629163835e-02,1.1532583030e-03
6,5.0648366390e-02,-2.6343256516e-02,9.7474392953e-04

Region 18 (7 circles):
Circle_Index,Center_X,Center_Y,Radius
0,5.0216770305e-02,-2.7126755407e-02,8.7772182856e-04
1,5.0183430195e-02,-2.7987044634e-02,1.4129507235e-03
2,5.0639600080e-02,-2.9898327469e-02,2.0666073950e-03
3,5.1257935657e-02,-3.1976538743e-02,2.2649690307e-03
4,5.2027556647e-02,-3.4209308713e-02,2.4525147551e-03
5,5.2937582768e-02,-3.6584267636e-02,2.6276363271e-03
6,5.3977133741e-02,-3.9089045767e-02,2.7892750461e-03

Region 19 (7 circles):
Circle_Index,Center_X,Center_Y,Radius
0,5.5135329283e-02,-4.1711273365e-02,2.9367097311e-03
1,5.6401289114e-02,-4.4438580685e-02,3.0694343806e-03
2,5.7764132955e-02,-4.7258597984e-02,3.1870848729e-03
3,5.9212980523e-02,-5.0158955519e-02,3.2893935072e-03
4,6.0736951538e-02,-5.3127283546e-02,3.3761599294e-03
5,6.2325165720e-02,-5.6151212322e-02,3.4472320283e-03
6,6.3966742788e-02,-5.9218372104e-02,3.5024930905e-03

Region 20 (7 circles):
Circle_Index,Center_X,Center_Y,Radius
0,6.5650802461e-02,-6.2316393148e-02,3.5418530009e-03
1,6.7366464458e-02,-6.5432905711e-02,3.5652421370e-03
2,6.9102848499e-02,-6.8555540050e-02,3.5726071086e-03
3,7.0849074302e-02,-7.1671926421e-02,3.5639078124e-03
4,7.2594261588e-02,-7.4769695081e-02,3.5391154655e-03
5,7.4327530076e-02,-7.7836476286e-02,3.4982114168e-03
6,7.6037999484e-02,-8.0859900294e-02,3.4411866386e-03

Region 21 (7 circles):
Circle_Index,Center_X,Center_Y,Radius
0,7.7714789533e-02,-8.3827597360e-02,3.3680418817e-03
1,7.9347019941e-02,-8.6727197742e-02,3.2787885719e-03
2,8.0923810427e-02,-8.9546331696e-02,3.1734506377e-03
3,8.2434280712e-02,-9.2272629478e-02,3.0520676312e-03
4,8.3867550513e-02,-9.4893721346e-02,2.9146997860e-03
5,8.5212739551e-02,-9.7397237556e-02,2.7614361527e-03
6,8.6458967545e-02,-9.9770808365e-02,2.5924078898e-03

Region 22 (7 circles):
Circle_Index,Center_X,Center_Y,Radius
0,8.7595354215e-02,-1.0200206403e-01,2.4078106381e-03
1,8.8611019278e-02,-1.0407863480e-01,2.2079438090e-03
2,8.9495082455e-02,-1.0598815095e-01,1.9932834061e-03
3,9.0236663466e-02,-1.0771824272e-01,1.7646264787e-03
4,9.0824882028e-02,-1.0925654037e-01,1.5234031128e-03
5,9.1248857862e-02,-1.1059067416e-01,1.2724261467e-03
6,9.1497710687e-02,-1.1170827435e-01,1.0179435778e-03

Region 23 (7 circles):
Circle_Index,Center_X,Center_Y,Radius
0,9.1560560222e-02,-1.1259697118e-01,7.7603447840e-04
1,9.1426526186e-02,-1.1324439493e-01,5.9129122922e-04
2,9.1084728299e-02,-1.1363817584e-01,5.4812583623e-04
3,9.0524286280e-02,-1.1376594417e-01,6.8950896008e-04
4,8.9734319848e-02,-1.1361533018e-01,9.6255966479e-04
5,8.8703948723e-02,-1.1317396413e-01,1.3015594865e-03
6,8.7422292623e-02,-1.1242947626e-01,2.0932191168e-03

Region 24 (7 circles):
Circle_Index,Center_X,Center_Y,Radius
0,8.5157824549e-02,-1.1095126410e-01,2.7492560711e-03
1,8.2848227755e-02,-1.0937846210e-01,2.8382365381e-03
2,8.0495263211e-02,-1.0771393399e-01,2.9250448918e-03
3,7.8100691888e-02,-1.0596054349e-01,3.0095365024e-03
4,7.5666274755e-02,-1.0412115432e-01,3.0915885612e-03
5,7.3193772782e-02,-1.0219863019e-01,3.1710962493e-03
6,7.0684946941e-02,-1.0019583484e-01,3.2479696582e-03

Region 25 (7 circles):
Circle_Index,Center_X,Center_Y,Radius
0,6.8141558200e-02,-9.8115631967e-02,3.3221313024e-03
1,6.5565367531e-02,-9.5960885304e-02,3.3935140993e-03
2,6.2958135902e-02,-9.3734458566e-02,3.4620597217e-03
3,6.0321624285e-02,-9.1439215474e-02,3.5277172456e-03
4,5.7657593650e-02,-8.9078019746e-02,3.5904420363e-03
5,5.4967804966e-02,-8.6653735103e-02,3.6501948259e-03
6,5.2254019203e-02,-8.4169225262e-02,3.7069409454e-03

Region 26 (7 circles):
Circle_Index,Center_X,Center_Y,Radius
0,4.9517997333e-02,-8.1627353945e-02,3.7606496829e-03
1,4.6761500325e-02,-7.9030984870e-02,3.8112937452e-03
2,4.3986289149e-02,-7.6382981757e-02,3.8588488032e-03
3,4.1194124775e-02,-7.3686208324e-02,3.9032931074e-03
4,3.8386768174e-02,-7.0943528293e-02,3.9446071615e-03
5,3.5565980315e-02,-6.8157805382e-02,3.9827734432e-03
6,3.2733522170e-02,-6.5331903310e-02,4.0177761655e-03

Region 27 (7 circles):
Circle_Index,Center_X,Center_Y,Radius
0,2.9891154707e-02,-6.2468685797e-02,4.0496010722e-03
1,2.7040638897e-02,-5.9571016563e-02,4.0782352607e-03
2,2.4183735710e-02,-5.6641759326e-02,4.1036670294e-03
3,2.1322206117e-02,-5.3683777807e-02,4.1258857451e-03
4,1.8457811087e-02,-5.0699935725e-02,4.1448817281e-03
5,1.5592311590e-02,-4.7693096799e-02,4.1606461515e-03
6,1.2727468598e-02,-4.4666124748e-02,4.1731709538e-03

Region 28 (7 circles):
Circle_Index,Center_X,Center_Y,Radius
0,9.8650430789e-03,-4.1621883293e-02,4.1824487613e-03
1,7.0067960042e-03,-3.8563236152e-02,4.1884728217e-03
2,4.1544883437e-03,-3.5493047045e-02,4.1912369438e-03
3,1.3098810675e-03,-3.2414179691e-02,4.1907354462e-03
4,-1.5252648543e-03,-2.9329497810e-02,4.1869631104e-03
5,-4.3491884514e-03,-2.6241865122e-02,4.1799151411e-03
6,-7.1601287539e-03,-2.3154145345e-02,4.1695871298e-03

Region 29 (7 circles):
Circle_Index,Center_X,Center_Y,Radius
0,-9.9563247915e-03,-2.0069202199e-02,4.1559750236e-03
1,-1.2736015594e-02,-1.6989899404e-02,4.1390750974e-03
2,-1.5497440191e-02,-1.3919100679e-02,4.1188839296e-03
3,-1.8238837613e-02,-1.0859669744e-02,4.0953983807e-03
4,-2.0958446890e-02,-7.8144703173e-03,4.0686155753e-03
5,-2.3654507051e-02,-4.7863661191e-03,4.0385328858e-03
6,-2.6325257127e-02,-1.7782208688e-03,4.0051479193e-03
