Region Metadata for: shape_36.txt
================================================================================

REGION DEFINITION: Circle union (one circle per point)
  Each point gets a circle with radius = average distance to neighbors

Total vertices: 216
Number of regions: 30
Points per region:
  Region 0: 8 points
  Region 1: 8 points
  Region 2: 8 points
  Region 3: 8 points
  Region 4: 8 points
  Region 5: 8 points
  Region 6: 7 points
  Region 7: 7 points
  Region 8: 7 points
  Region 9: 7 points
  Region 10: 7 points
  Region 11: 7 points
  Region 12: 7 points
  Region 13: 7 points
  Region 14: 7 points
  Region 15: 7 points
  Region 16: 7 points
  Region 17: 7 points
  Region 18: 7 points
  Region 19: 7 points
  Region 20: 7 points
  Region 21: 7 points
  Region 22: 7 points
  Region 23: 7 points
  Region 24: 7 points
  Region 25: 7 points
  Region 26: 7 points
  Region 27: 7 points
  Region 28: 7 points
  Region 29: 7 points

REGION SUMMARY:
Region_Index,Num_Points,BBox_Min_X,BBox_Max_X,BBox_Min_Y,BBox_Max_Y,Normal_X,Normal_Y,Tangent_X,Tangent_Y,Fitted_Circle_X,Fitted_Circle_Y,Fitted_Circle_Radius,Local_AoA_Rad,Union_Area,Collection_Area
0,8,-1.0985624916e-01,-7.9091903840e-02,-2.5322163913e-03,2.6478309910e-02,-0.6774224158,-0.7355942296,-0.7355942296,0.6774224158,3.3799283293e-01,4.8204943239e-01,6.3891793971e-01,-8.26543456e-01,3.06716631e-04,1.53836690e-04
1,8,-1.3099974758e-01,-1.0455898705e-01,2.1111980220e-02,4.8521553790e-02,-0.7247234899,-0.6890398124,-0.6890398124,0.7247234899,1.5651903297e-01,2.9626421854e-01,3.7918978970e-01,-7.60163315e-01,2.49017218e-04,1.25024617e-04
2,8,-1.4418415841e-01,-1.2616233781e-01,4.4045610198e-02,6.5947346634e-02,-0.7959365299,-0.6053800792,-0.6053800792,0.7959365299,-1.1766034819e-02,1.5158350255e-01,1.5721897184e-01,-6.50243305e-01,1.53406085e-04,7.77545478e-05
3,8,-1.4423272990e-01,-1.3433757451e-01,6.4536069668e-02,7.6319527846e-02,-0.7907783363,0.6121026244,0.6121026244,0.7907783363,-1.3270976596e-01,6.4229757942e-02,1.0521992362e-02,6.58716794e-01,4.49550354e-05,2.39727852e-05
4,8,-1.3682716783e-01,-1.1378017181e-01,7.2972592939e-02,8.4629961931e-02,-0.3383146811,0.9410330369,0.9410330369,0.3383146811,-9.6103299189e-02,-4.3723929798e-03,8.8452465106e-02,1.22567093e+00,1.20530615e-04,6.11787766e-05
5,8,-1.1684818235e-01,-9.1214363686e-02,7.9379524512e-02,8.8350451841e-02,-0.1645762831,0.9863643582,0.9863643582,0.1645762831,-7.9450996094e-02,-6.1860170813e-02,1.4827974964e-01,1.40546791e+00,1.37552350e-04,6.94329382e-05
6,7,-9.3790026066e-02,-7.5596839808e-02,8.2700168025e-02,8.8426941183e-02,0.0425527667,0.9990942208,0.9990942208,-0.0425527667,-8.6709256998e-02,3.7624553361e-02,4.8492916991e-02,1.61336195e+00,7.69509415e-05,3.90364203e-05
7,7,-7.8349102560e-02,-5.4244942235e-02,7.8201429546e-02,8.7696785081e-02,0.1860629907,0.9825378179,0.9825378179,-0.1860629907,-1.5415451355e-01,-3.7891546416e-01,4.7045081357e-01,1.75794996e+00,1.36883436e-04,6.86376374e-05
8,7,-5.7663434650e-02,-2.9741247481e-02,7.2260907177e-02,8.4203136830e-02,0.2266391665,0.9739787925,0.9739787925,-0.2266391665,-1.8712336217e-01,-5.3715102578e-01,6.3208831748e-01,1.79942199e+00,1.85538680e-04,9.30040910e-05
9,7,-3.3585690142e-02,-3.8381234188e-03,6.5086277235e-02,7.8806755051e-02,0.2657777894,0.9640343182,0.9640343182,-0.2657777894,-1.8591977015e-01,-5.3435922271e-01,6.2908629510e-01,1.83980697e+00,2.13642470e-04,1.07144491e-04
10,7,-7.8710969283e-03,2.1714895980e-02,5.6882382129e-02,7.1718176077e-02,0.3110352887,0.9503983634,0.9503983634,-0.3110352887,-1.4954943601e-01,-4.1417417979e-01,5.0351432970e-01,1.88707849e+00,2.15856073e-04,1.08300251e-04
11,7,1.7722162377e-02,4.5173293501e-02,4.7849047516e-02,6.3150890963e-02,0.3707316806,0.9287400180,0.9287400180,-0.3707316806,-9.1892862959e-02,-2.5422019925e-01,3.3347477240e-01,1.95059304e+00,1.92377512e-04,9.66995405e-05
12,7,4.1430256199e-02,6.4805476113e-02,3.8173174866e-02,5.3324039723e-02,0.4589668375,0.8884533990,0.8884533990,-0.4589668375,-2.9302916517e-02,-1.1471646925e-01,1.8054979742e-01,2.04762830e+00,1.49164334e-04,7.52224791e-05
13,7,6.1474254634e-02,7.8841740101e-02,2.8079776334e-02,4.2471860701e-02,0.6041447346,0.7968746072,0.7968746072,-0.6041447346,2.4624050728e-02,-2.5752279461e-02,7.6469044547e-02,2.21948848e+00,9.69662776e-05,4.92869919e-05
14,7,7.5964124002e-02,8.9268852211e-02,1.4220925621e-02,3.0928565724e-02,0.8141996380,0.5805850062,0.5805850062,-0.8141996380,2.8457289739e-02,-1.5386295034e-02,6.6467923564e-02,2.52214564e+00,8.70276632e-05,4.42945162e-05
15,7,8.5088446122e-02,9.8706762168e-02,-5.2448655773e-03,1.7337191211e-02,0.9091068822,0.4165629325,0.4165629325,-0.9091068822,-4.2952048330e-02,-5.5343339035e-02,1.4834175670e-01,2.71193133e+00,1.34648754e-04,6.79763398e-05
16,7,9.3358226773e-02,1.0627187524e-01,-2.7914876790e-02,-1.7787665080e-03,0.9529709959,0.3030615136,0.3030615136,-0.9529709959,-1.1044476594e-01,-8.1552318379e-02,2.2076070373e-01,2.83368903e+00,1.67822036e-04,8.45077400e-05
17,7,1.0020281782e-01,1.1132079672e-01,-5.1626587551e-02,-2.4329533554e-02,0.9793292016,0.2022728722,0.2022728722,-0.9793292016,-1.1974304255e-01,-8.4607058481e-02,2.3053096987e-01,2.93791444e+00,1.75746300e-04,8.85262561e-05
18,7,1.0500356042e-01,1.1323441442e-01,-7.4241759952e-02,-4.8177325340e-02,0.9961612391,0.0875373395,0.0875373395,-0.9961612391,-6.2954457088e-02,-7.6555358998e-02,1.7316374535e-01,3.05394313e+00,1.56395949e-04,7.89033578e-05
19,7,1.0627617268e-01,1.1321707574e-01,-9.3658558635e-02,-7.1160588925e-02,0.9969787836,-0.0776743529,-0.0776743529,-0.9969787836,1.6269367282e-02,-7.5487230273e-02,9.3898004985e-02,-3.06383998e+00,1.16847332e-04,5.92594142e-05
20,7,1.0079139725e-01,1.1083871797e-01,-1.0387841892e-01,-9.1075833072e-02,0.8280461208,-0.5606599878,-0.5606599878,-0.8280461208,9.7655103088e-02,-9.2590111855e-02,1.0710794186e-02,-2.54641003e+00,5.27101778e-05,2.78009090e-05
21,7,8.5423064097e-02,1.0279982022e-01,-1.0736304898e-01,-1.0099263818e-01,0.1514115500,-0.9884708102,-0.9884708102,-0.1514115500,8.9281737635e-02,-6.9326473626e-02,3.5540090671e-02,-1.72279246e+00,7.15421911e-05,3.68275884e-05
22,7,6.6533292419e-02,8.7956230550e-02,-1.0738049010e-01,-9.9903765308e-02,-0.1321419223,-0.9912308068,-0.9912308068,0.1321419223,9.0465178126e-02,-5.8648620922e-03,9.9079892026e-02,-1.43826679e+00,1.06542229e-04,5.39771587e-05
23,7,4.9494326509e-02,6.9345368368e-02,-1.0480165362e-01,-9.5217935761e-02,-0.2922771542,-0.9563336579,-0.9563336579,0.2922771542,9.2346010823e-02,8.7846551119e-03,1.1379261602e-01,-1.27418922e+00,9.67488607e-05,4.89375609e-05
24,7,3.4310073536e-02,5.1920049186e-02,-9.8896573451e-02,-8.6551308872e-02,-0.4929272679,-0.8700705193,-0.8700705193,0.4929272679,7.5304832272e-02,-3.7856801437e-02,6.4180921345e-02,-1.05534536e+00,9.13287900e-05,4.60957162e-05
25,7,1.3008851759e-02,3.8155712700e-02,-9.1355153281e-02,-7.2050920238e-02,-0.5592027494,-0.8290309313,-0.8290309313,0.5592027494,5.5170134776e-01,6.9756750325e-01,9.4037480554e-01,-9.77372505e-01,1.90650103e-04,9.55114609e-05
26,7,-1.0592516266e-02,1.7575259945e-02,-7.7594536468e-02,-5.5192367784e-02,-0.5798901828,-0.8146946519,-0.8146946519,0.5798901828,6.8985645288e-01,8.9743645142e-01,1.1833472025e+00,-9.52202438e-01,2.44815286e-04,1.22649954e-04
27,7,-3.5438216109e-02,-5.4968698796e-03,-6.1220545959e-02,-3.6585712560e-02,-0.5995580735,-0.8003312542,-0.8003312542,0.5995580735,7.1975323882e-01,9.3897845905e-01,1.2345281564e+00,-9.27847512e-01,2.83403652e-04,1.41961461e-04
28,7,-6.0473103908e-02,-3.0003905074e-02,-4.2844200074e-02,-1.6840345049e-02,-0.6205262301,-0.7841856909,-0.7841856909,0.6205262301,6.4988738302e-01,8.4861714313e-01,1.1203062726e+00,-9.01382749e-01,3.02081807e-04,1.51338815e-04
29,7,-8.4642945765e-02,-5.4888393174e-02,-2.3077197897e-02,3.4352542299e-03,-0.6448176086,-0.7643364781,-0.7643364781,0.6448176086,5.1420397388e-01,6.8258118349e-01,9.0587807350e-01,-8.70011695e-01,2.98532195e-04,1.49758350e-04

DETAILED CIRCLE DATA:

Region 0 (8 circles):
Circle_Index,Center_X,Center_Y,Radius
0,-8.3527831000e-02,1.9037107683e-03,4.4359271596e-03
1,-8.6837267738e-02,4.8355904457e-03,4.4050971280e-03
2,-9.0104757593e-02,7.7656944484e-03,4.3709447193e-03
3,-9.3327221134e-02,1.0692242917e-02,4.3334873863e-03
4,-9.6501578929e-02,1.3613455994e-02,4.2927443736e-03
5,-9.9624751547e-02,1.6527553818e-02,4.2487369461e-03
6,-1.0269365956e-01,1.9432756532e-02,4.2014886529e-03
7,-1.0570522352e-01,2.2327284277e-02,4.1510256333e-03

Region 1 (8 circles):
Circle_Index,Center_X,Center_Y,Radius
0,-1.0865636402e-01,2.5209357192e-02,4.0973769722e-03
1,-1.1154400161e-01,2.8077195420e-02,4.0405751155e-03
2,-1.1436505687e-01,3.0929019102e-02,3.9806563546e-03
3,-1.1711645036e-01,3.3763048378e-02,3.9176613968e-03
4,-1.1979510266e-01,3.6577503389e-02,3.8516360365e-03
5,-1.2239793432e-01,3.9370604277e-02,3.7826319498e-03
6,-1.2492186592e-01,4.2140571182e-02,3.7107076365e-03
7,-1.2736381803e-01,4.4885624246e-02,3.6359295440e-03

Region 2 (8 circles):
Circle_Index,Center_X,Center_Y,Radius
0,-1.2972071122e-01,4.7603983609e-02,3.5583734108e-03
1,-1.3198946605e-01,5.0293869413e-02,3.4781258803e-03
2,-1.3416700309e-01,5.2953501798e-02,3.3952864456e-03
3,-1.3625024292e-01,5.5581100906e-02,3.3099698040e-03
4,-1.3823610609e-01,5.8174886877e-02,3.2223087149e-03
5,-1.4012151319e-01,6.0733079853e-02,3.1324574840e-03
6,-1.4190338477e-01,6.3253899974e-02,2.2807736473e-03
7,-1.4260873762e-01,6.4548794590e-02,1.3985520443e-03

Region 3 (8 circles):
Circle_Index,Center_X,Center_Y,Radius
0,-1.4293946147e-01,6.5829338095e-02,1.2932684266e-03
1,-1.4291586162e-01,6.7093092729e-02,1.2794326081e-03
2,-1.4255824339e-01,6.8337620732e-02,1.3449551771e-03
3,-1.4188691211e-01,6.9560484342e-02,1.4668848700e-03
4,-1.4092217308e-01,7.0759245799e-02,1.6217765411e-03
5,-1.3968433162e-01,7.1931467341e-02,1.7916846784e-03
6,-1.3819369306e-01,7.3074711208e-02,1.9646293162e-03
7,-1.3647056271e-01,7.4186539640e-02,2.1329882062e-03

Region 4 (8 circles):
Circle_Index,Center_X,Center_Y,Radius
0,-1.3453524589e-01,7.5264514875e-02,2.2919219355e-03
1,-1.3240804792e-01,7.6306199152e-02,2.4383017121e-03
2,-1.3010927411e-01,7.7309154711e-02,2.5700531008e-03
3,-1.2765922978e-01,7.8270943791e-02,2.6857644472e-03
4,-1.2507822025e-01,7.9189128631e-02,2.7844517847e-03
5,-1.2238655084e-01,8.0061271470e-02,2.8654150545e-03
6,-1.1960452686e-01,8.0884934547e-02,2.9281482110e-03
7,-1.1675245364e-01,8.1657680103e-02,2.9722818280e-03

Region 5 (8 circles):
Circle_Index,Center_X,Center_Y,Radius
0,-1.1385063649e-01,8.2377070375e-02,2.9975458630e-03
1,-1.1091938072e-01,8.3040667602e-02,3.0037453507e-03
2,-1.0797899167e-01,8.3646034025e-02,2.9907447649e-03
3,-1.0504977463e-01,8.4190731883e-02,2.9584585720e-03
4,-1.0215203494e-01,8.4672323414e-02,2.9068466648e-03
5,-9.9306077905e-02,8.5088370857e-02,2.8359142345e-03
6,-9.6532208849e-02,8.5436436453e-02,2.7457164584e-03
7,-9.3850733088e-02,8.5714082439e-02,2.6363694022e-03

Region 6 (7 circles):
Circle_Index,Center_X,Center_Y,Radius
0,-9.1281955939e-02,8.5918871056e-02,2.5080701275e-03
1,-8.8846182720e-02,8.6048364542e-02,2.3611318649e-03
2,-8.6563718749e-02,8.6100125136e-02,2.1960457801e-03
3,-8.4454869344e-02,8.6071715079e-02,2.0135928734e-03
4,-8.2539939822e-02,8.5960696608e-02,1.8150567976e-03
5,-8.0839235502e-02,8.5764631964e-02,2.1605697564e-03
6,-7.8260961157e-02,8.5364289374e-02,2.6641213493e-03

Region 7 (7 circles):
Circle_Index,Center_X,Center_Y,Radius
0,-7.5577568401e-02,8.4925250922e-02,2.7715341593e-03
1,-7.2794169785e-02,8.4448125684e-02,2.8739644522e-03
2,-6.9915877862e-02,8.3933522739e-02,2.9714012132e-03
3,-6.6947805182e-02,8.3382051163e-02,3.0638364159e-03
4,-6.3895064298e-02,8.2794320035e-02,3.1512644306e-03
5,-6.0762767761e-02,8.2170938432e-02,3.2336815929e-03
6,-5.7556028122e-02,8.1512515433e-02,3.3110858872e-03

Region 8 (7 circles):
Circle_Index,Center_X,Center_Y,Radius
0,-5.4279957934e-02,8.0819660114e-02,3.3834767158e-03
1,-5.0939669748e-02,8.0092981554e-02,3.4508547300e-03
2,-4.7540276115e-02,7.9333088830e-02,3.5132217105e-03
3,-4.4086889588e-02,7.8540591020e-02,3.5705804857e-03
4,-4.0584622717e-02,7.7716097202e-02,3.6229348802e-03
5,-3.7038588056e-02,7.6860216453e-02,3.6702896889e-03
6,-3.3453898154e-02,7.5973557851e-02,3.7126506734e-03

Region 9 (7 circles):
Circle_Index,Center_X,Center_Y,Radius
0,-2.9835665564e-02,7.5056730474e-02,3.7500245775e-03
1,-2.6189002838e-02,7.4110343399e-02,3.7824191611e-03
2,-2.2519022527e-02,7.3135005705e-02,3.8098432522e-03
3,-1.8830837183e-02,7.2131326468e-02,3.8323068160e-03
4,-1.5129559357e-02,7.1099914767e-02,3.8498210433e-03
5,-1.1420301602e-02,7.0041379680e-02,3.8623984583e-03
6,-7.7081764678e-03,6.8956330284e-02,3.8700530490e-03

Region 10 (7 circles):
Circle_Index,Center_X,Center_Y,Radius
0,-3.9982965073e-03,6.7845375656e-02,3.8728004211e-03
1,-2.9577427185e-04,6.6709124875e-02,3.8706579806e-03
2,3.3942776869e-03,6.5548187018e-02,3.8636451488e-03
3,7.0667468173e-03,6.4363171163e-02,3.8517836135e-03
4,1.0716520568e-02,6.3154686388e-02,3.8350976254e-03
5,1.4338486386e-02,6.1923341770e-02,3.8136143462e-03
6,1.7927531722e-02,6.0669746387e-02,3.7873642576e-03

Region 11 (7 circles):
Circle_Index,Center_X,Center_Y,Radius
0,2.1478544022e-02,5.9394509317e-02,3.7563816458e-03
1,2.4986410736e-02,5.8098239637e-02,3.7207051735e-03
2,2.8446019312e-02,5.6781546426e-02,3.6803785605e-03
3,3.1852257198e-02,5.5445038760e-02,3.6354513951e-03
4,3.5200011842e-02,5.4089325719e-02,3.5859801048e-03
5,3.8484170693e-02,5.2715016378e-02,3.5320291235e-03
6,4.1699621200e-02,5.1322719816e-02,3.4736723008e-03

Region 12 (7 circles):
Circle_Index,Center_X,Center_Y,Radius
0,4.4841250810e-02,4.9913045112e-02,3.4109946109e-03
1,4.7903946971e-02,4.8486601342e-02,3.3440942352e-03
2,5.0882597133e-02,4.7043997583e-02,3.2730851115e-03
3,5.3772088744e-02,4.5585842915e-02,3.1981000705e-03
4,5.6567309252e-02,4.4112746415e-02,3.1192947124e-03
5,5.9263146104e-02,4.2625317160e-02,3.0368522199e-03
6,6.1854486751e-02,4.1124164227e-02,2.9509893616e-03

Region 13 (7 circles):
Circle_Index,Center_X,Center_Y,Radius
0,6.4336218639e-02,3.9609896696e-02,2.8619640050e-03
1,6.6703229218e-02,3.8083123643e-02,2.7700845515e-03
2,6.8950405936e-02,3.6544454146e-02,2.6757218040e-03
3,7.1072636241e-02,3.4994497283e-02,2.5793238966e-03
4,7.3064807581e-02,3.3433862132e-02,2.4814350299e-03
5,7.4921807404e-02,3.1863157770e-02,2.3827188316e-03
6,7.6638523160e-02,3.0282993275e-02,2.2032169412e-03

Region 14 (7 circles):
Circle_Index,Center_X,Center_Y,Radius
0,7.8090004776e-02,2.8802684949e-02,2.1258807742e-03
1,7.9532548080e-02,2.7170126152e-02,2.2309076831e-03
2,8.0964319293e-02,2.5391579598e-02,2.3347051262e-03
3,8.2383484639e-02,2.3473308004e-02,2.4363523507e-03
4,8.3788210340e-02,2.1421574085e-02,2.5351229001e-03
5,8.5176662618e-02,1.9242640558e-02,2.6304403571e-03
6,8.6547007695e-02,1.6942770137e-02,2.7218445167e-03

Region 15 (7 circles):
Circle_Index,Center_X,Center_Y,Radius
0,8.7897411793e-02,1.4528225539e-02,2.8089656714e-03
1,8.9226041135e-02,1.2005269480e-02,2.8915050754e-03
2,9.0531061943e-02,9.3801646751e-03,2.9692200695e-03
3,9.1810640439e-02,6.6591738402e-03,3.0419127097e-03
4,9.3062942845e-02,3.8485596910e-03,3.1094210354e-03
5,9.4286135384e-02,9.5458494353e-04,3.1716123288e-03
6,9.5478384278e-02,-2.0164876866e-03,3.2283778907e-03

Region 16 (7 circles):
Circle_Index,Center_X,Center_Y,Radius
0,9.6637855749e-02,-5.0583954835e-03,3.2796289756e-03
1,9.7762716019e-02,-8.1648757315e-03,3.3252936226e-03
2,9.8851131311e-02,-1.1329665715e-02,3.3653141860e-03
3,9.9901267847e-02,-1.4546502718e-02,3.3996454174e-03
4,1.0091129185e-01,-1.7809124024e-02,3.4282529916e-03
5,1.0187936954e-01,-2.1111266918e-02,3.4511123932e-03
6,1.0280366714e-01,-2.4446668685e-02,3.4682081049e-03

Region 17 (7 circles):
Circle_Index,Center_X,Center_Y,Radius
0,1.0368235087e-01,-2.7809066608e-02,3.4795330540e-03
1,1.0451358696e-01,-3.1192197972e-02,3.4850882873e-03
2,1.0529554163e-01,-3.4589800060e-02,3.4848828563e-03
3,1.0602638109e-01,-3.7995610157e-02,3.4789339032e-03
4,1.0670427158e-01,-4.1403365548e-02,3.4672669476e-03
5,1.0732737931e-01,-4.4806803516e-02,3.4499163839e-03
6,1.0789387051e-01,-4.8199661346e-02,3.4269262051e-03

Region 18 (7 circles):
Circle_Index,Center_X,Center_Y,Radius
0,1.0840191140e-01,-5.1575676322e-02,3.3983509824e-03
1,1.0884966819e-01,-5.4928585728e-02,3.3642571387e-03
2,1.0923530713e-01,-5.8252126849e-02,3.3247245699e-03
3,1.0955699441e-01,-6.1540036968e-02,3.2798486820e-03
4,1.0981289627e-01,-6.4786053370e-02,3.2297429368e-03
5,1.1000117894e-01,-6.7983913339e-02,3.1745420215e-03
6,1.1012000862e-01,-7.1127354159e-02,3.1144057929e-03

Region 19 (7 circles):
Circle_Index,Center_X,Center_Y,Radius
0,1.1016755155e-01,-7.4210113115e-02,3.0495241899e-03
1,1.1014197395e-01,-7.7225927490e-02,2.9801233570e-03
2,1.1004144203e-01,-8.0168534570e-02,2.9064732932e-03
3,1.0986412203e-01,-8.3031671637e-02,2.8288974145e-03
4,1.0960818016e-01,-8.5809075977e-02,2.7477845141e-03
5,1.0927178264e-01,-8.8494484874e-02,2.6636037059e-03
6,1.0885309570e-01,-9.1081635611e-02,2.5769230235e-03

Region 20 (7 circles):
Circle_Index,Center_X,Center_Y,Radius
0,1.0835028557e-01,-9.3564265474e-02,2.4884324023e-03
1,1.0776151845e-01,-9.5936111746e-02,2.0510480341e-03
2,1.0718537806e-01,-9.7491075107e-02,1.6354855181e-03
3,1.0636349265e-01,-9.8878633861e-02,1.6143662159e-03
4,1.0531082526e-01,-1.0010478170e-01,1.6380022932e-03
5,1.0404233895e-01,-1.0117551233e-01,1.6971348418e-03
6,1.0257299675e-01,-1.0209681942e-01,1.7815994988e-03

Region 21 (7 circles):
Circle_Index,Center_X,Center_Y,Radius
0,1.0091776172e-01,-1.0287469668e-01,1.8820585012e-03
1,9.9091596895e-02,-1.0351513781e-01,1.9908266959e-03
2,9.7109465325e-02,-1.0402413648e-01,2.1019719321e-03
3,9.4986330054e-02,-1.0440768641e-01,2.2110647192e-03
4,9.2737154128e-02,-1.0467178127e-01,2.3148415469e-03
5,9.0376900593e-02,-1.0482241476e-01,2.4109013904e-03
6,8.7920532493e-02,-1.0486558058e-01,2.4974683961e-03

Region 22 (7 circles):
Circle_Index,Center_X,Center_Y,Radius
0,8.5383012874e-02,-1.0480727243e-01,2.5732176761e-03
1,8.2779304782e-02,-1.0465348398e-01,2.6371509675e-03
2,8.0124371262e-02,-1.0441020894e-01,2.6885088023e-03
3,7.7433175360e-02,-1.0408344100e-01,2.7267085553e-03
4,7.4720680120e-02,-1.0367917385e-01,2.7513006381e-03
5,7.2001848589e-02,-1.0320340119e-01,2.7619374477e-03
6,6.9291643811e-02,-1.0266211670e-01,2.7583513924e-03

Region 23 (7 circles):
Circle_Index,Center_X,Center_Y,Radius
0,6.6605028833e-02,-1.0206131409e-01,2.7403395342e-03
1,6.3956966700e-02,-1.0140698704e-01,2.7077532505e-03
2,6.1362420457e-02,-1.0070512925e-01,2.6604919579e-03
3,5.8836353149e-02,-9.9961734415e-02,2.5985004699e-03
4,5.6393727822e-02,-9.9182796223e-02,2.5217700675e-03
5,5.4049507522e-02,-9.8374308369e-02,2.4303439698e-03
6,5.1818655294e-02,-9.7542264547e-02,2.3243287854e-03

Region 24 (7 circles):
Circle_Index,Center_X,Center_Y,Radius
0,4.9716134183e-02,-9.6692658449e-02,2.2039150026e-03
1,4.7756907236e-02,-9.5831483768e-02,2.0694123006e-03
2,4.5955937496e-02,-9.4964734199e-02,1.9213107856e-03
3,4.4328188010e-02,-9.4098403435e-02,1.7603903098e-03
4,4.2888621823e-02,-9.3238485167e-02,2.3953898054e-03
5,4.0267062293e-02,-9.1558005359e-02,3.1633231226e-03
6,3.7570431248e-02,-8.9811666583e-02,3.2603577116e-03

Region 25 (7 circles):
Circle_Index,Center_X,Center_Y,Radius
0,3.4801808119e-02,-8.8001248700e-02,3.3539045809e-03
1,3.1964272339e-02,-8.6128531568e-02,3.4439609744e-03
2,2.9060903338e-02,-8.4195295046e-02,3.5305248212e-03
3,2.6094780549e-02,-8.2203318994e-02,3.6135946299e-03
4,2.3068983402e-02,-8.0154383270e-02,3.6931694066e-03
5,1.9986591329e-02,-7.8050267733e-02,3.7692485904e-03
6,1.6850683763e-02,-7.5892752242e-02,3.8418320035e-03

Region 26 (7 circles):
Circle_Index,Center_X,Center_Y,Radius
0,1.3664340133e-02,-7.3683616656e-02,3.9109198123e-03
1,1.0430639872e-02,-7.1424640834e-02,3.9765124973e-03
2,7.1526624118e-03,-6.9117604636e-02,4.0386108301e-03
3,3.8334871831e-03,-6.6764287920e-02,4.0972158572e-03
4,4.7619361781e-04,-6.4366470544e-02,4.1523288878e-03
5,-2.9161388527e-03,-6.1925932369e-02,4.2039514863e-03
6,-6.3404307968e-03,-5.9444453253e-02,4.2520854691e-03

Region 27 (7 circles):
Circle_Index,Center_X,Center_Y,Radius
0,-9.7936027830e-03,-5.6923813055e-02,4.2967329034e-03
1,-1.3272575380e-02,-5.4365791634e-02,4.3378961107e-03
2,-1.6774269156e-02,-5.1772168849e-02,4.3755776717e-03
3,-2.0295604679e-02,-4.9144724559e-02,4.4097804351e-03
4,-2.3833502519e-02,-4.6485238623e-02,4.4405075280e-03
5,-2.7384883242e-02,-4.3795490901e-02,4.4677623702e-03
6,-3.0946667419e-02,-4.1077261250e-02,4.4915486900e-03

Region 28 (7 circles):
Circle_Index,Center_X,Center_Y,Radius
0,-3.4515775618e-02,-3.8332329530e-02,4.5118705443e-03
1,-3.8089128406e-02,-3.5562475599e-02,4.5287323403e-03
2,-4.1663646353e-02,-3.2769479318e-02,4.5421388618e-03
3,-4.5236250027e-02,-2.9955120545e-02,4.5520952984e-03
4,-4.8803859996e-02,-2.7121179139e-02,4.5586072788e-03
5,-5.2363396829e-02,-2.4269434958e-02,4.5616809087e-03
6,-5.5911781094e-02,-2.1401667863e-02,4.5613228135e-03

Region 29 (7 circles):
Circle_Index,Center_X,Center_Y,Radius
0,-5.9445933360e-02,-1.8519657711e-02,4.5575401862e-03
1,-6.2962774196e-02,-1.5625184362e-02,4.5503408425e-03
2,-6.6459224169e-02,-1.2720027675e-02,4.5397332817e-03
3,-6.9932203849e-02,-9.8059675089e-03,4.5257267566e-03
4,-7.3378633803e-02,-6.8847837225e-03,4.5083313521e-03
5,-7.6795434601e-02,-3.9582561748e-03,4.4875580750e-03
6,-8.0179526810e-02,-1.0281647249e-03,4.4634189548e-03
