Region Metadata for: shape_65.txt
================================================================================

REGION DEFINITION: Circle union (one circle per point)
  Each point gets a circle with radius = average distance to neighbors

Total vertices: 247
Number of regions: 30
Points per region:
  Region 0: 9 points
  Region 1: 9 points
  Region 2: 9 points
  Region 3: 9 points
  Region 4: 9 points
  Region 5: 9 points
  Region 6: 9 points
  Region 7: 8 points
  Region 8: 8 points
  Region 9: 8 points
  Region 10: 8 points
  Region 11: 8 points
  Region 12: 8 points
  Region 13: 8 points
  Region 14: 8 points
  Region 15: 8 points
  Region 16: 8 points
  Region 17: 8 points
  Region 18: 8 points
  Region 19: 8 points
  Region 20: 8 points
  Region 21: 8 points
  Region 22: 8 points
  Region 23: 8 points
  Region 24: 8 points
  Region 25: 8 points
  Region 26: 8 points
  Region 27: 8 points
  Region 28: 8 points
  Region 29: 8 points

REGION SUMMARY:
Region_Index,Num_Points,BBox_Min_X,BBox_Max_X,BBox_Min_Y,BBox_Max_Y,Normal_X,Normal_Y,Tangent_X,Tangent_Y,Fitted_Circle_X,Fitted_Circle_Y,Fitted_Circle_Radius,Local_AoA_Rad,Union_Area,Collection_Area
0,9,-1.4869617761e-01,-1.4209185843e-01,-1.7150818097e-03,1.2261944466e-02,-0.9826071208,-0.1856966507,-0.1856966507,0.9826071208,-1.3983498082e-01,6.5550568810e-03,7.5633061478e-03,-1.86780797e-01,4.53686394e-05,2.41583057e-05
1,9,-1.4738255800e-01,-1.3216840575e-01,1.0387178651e-02,2.8361076989e-02,-0.7815196908,0.6238805759,0.6238805759,0.7815196908,-9.2388207211e-02,-1.9544217035e-02,6.2001277648e-02,6.73698344e-01,8.94490832e-05,4.54858477e-05
2,9,-1.3543498527e-01,-1.1485351996e-01,2.5061382041e-02,4.3749656019e-02,-0.6598861954,0.7513655629,0.7513655629,0.6598861954,5.2819849979e-02,-1.6853159142e-01,2.7011918320e-01,8.50129040e-01,1.22294534e-04,6.14118936e-05
3,9,-1.1783541065e-01,-1.0107231933e-01,4.0430259511e-02,5.5026510864e-02,-0.6363675656,0.7713859743,0.7713859743,0.6363675656,-4.6573505018e-01,4.8161188846e-01,-5.6144979358e-01,8.81016232e-01,7.79838660e-05,3.89645290e-05
4,9,-1.0361540555e-01,-8.4619239447e-02,5.2299263050e-02,7.0005453502e-02,-0.6728283376,0.7397986403,0.7397986403,0.6728283376,-1.2410297577e+00,1.3196562591e+00,-1.7027621963e+00,8.32771036e-01,1.07136808e-04,5.35307330e-05
5,9,-8.7995846701e-02,-6.5573704712e-02,6.6446891296e-02,8.6654461938e-02,-0.6558986066,0.7548490034,0.7548490034,0.6558986066,2.1924285596e-01,-2.6388641332e-01,4.5127554852e-01,8.55423876e-01,1.43860116e-04,7.20243020e-05
6,9,-6.9020981262e-02,-4.6147883337e-02,8.2791874874e-02,1.0064130814e-01,-0.5808630224,0.8140013202,0.8140013202,0.5808630224,3.9628303486e-02,-4.3795589748e-02,1.6715715172e-01,9.51007814e-01,1.33671465e-04,6.74138454e-05
7,8,-4.8981060127e-02,-3.0254770078e-02,9.6923903074e-02,1.0743173754e-01,-0.3910414243,0.9203730790,0.9203730790,0.3910414243,-1.7160577095e-02,5.0549802612e-02,5.6960688284e-02,1.16903348e+00,8.22573087e-05,4.19141712e-05
8,8,-3.2238069161e-02,-1.4899619394e-02,1.0208434467e-01,1.0802653950e-01,0.1087257531,0.9940717834,0.9940717834,-0.1087257531,-2.6290493439e-02,8.3225448198e-02,2.3004610225e-02,1.67973744e+00,6.39139029e-05,3.29147039e-05
9,8,-1.7410847980e-02,4.7996320520e-03,9.2803083186e-02,1.0605325684e-01,0.4250057085,0.9051906693,0.9051906693,-0.4250057085,-5.8301837715e-02,-1.0234381689e-02,1.2183983858e-01,2.00976452e+00,1.18065530e-04,5.96448936e-05
10,8,1.4839306537e-03,2.6252620872e-02,7.8961505508e-02,9.7222525724e-02,0.5438823990,0.8391614481,0.8391614481,-0.5438823990,-1.1506024215e-01,-1.1019957073e-01,2.3682843822e-01,2.14585306e+00,1.64008161e-04,8.24998032e-05
11,8,2.2297226087e-02,4.8156210791e-02,6.1919800943e-02,8.3673830621e-02,0.6169116971,0.7870323742,0.7870323742,-0.6169116971,-1.8537555615e-01,-2.0833911874e-01,3.5757363010e-01,2.23560898e+00,1.96401960e-04,9.85385024e-05
12,8,4.3797274193e-02,6.9232210890e-02,4.3013213437e-02,6.6695988686e-02,0.6708769491,0.7415686881,0.7415686881,-0.6708769491,-2.2989584114e-01,-2.6172669517e-01,4.2709256796e-01,2.30618704e+00,2.07022484e-04,1.03819655e-04
13,8,6.4730689894e-02,8.8211872751e-02,2.3567544437e-02,4.7599438025e-02,0.7185066192,0.6955201206,0.6955201206,-0.7185066192,-2.1133080509e-01,-2.4326183344e-01,4.0091158195e-01,2.37244912e+00,1.93540427e-04,9.71584498e-05
14,8,8.3835428502e-02,1.0383317159e-01,4.9018717543e-03,2.7703276353e-02,0.7688990305,0.6393702220,0.6393702220,-0.7688990305,-1.2709597607e-01,-1.6787915246e-01,2.8786173133e-01,2.44791373e+00,1.58234834e-04,7.94566639e-05
15,8,9.9842553394e-02,1.1469863741e-01,-1.1655785921e-02,8.3334933205e-03,0.8383545173,0.5451254014,0.5451254014,-0.8383545173,1.8729914593e-02,-5.9898534236e-02,1.0638614979e-01,2.56505397e+00,1.07248569e-04,5.41659439e-05
16,8,1.1073046546e-01,1.2451338221e-01,-3.4214114632e-02,-8.8283654401e-03,0.9271957880,0.3745770559,0.3745770559,-0.9271957880,-4.5793263583e-02,-8.6902971945e-02,1.7613792391e-01,2.75765208e+00,1.48941034e-04,7.50779254e-05
17,8,1.1892619573e-01,1.3210404379e-01,-6.0757774895e-02,-3.0724047105e-02,0.9643281035,0.2647098578,0.2647098578,-0.9643281035,-1.1722853002e-01,-1.1232003774e-01,2.5196101848e-01,2.87368962e+00,1.94951681e-04,9.81217531e-05
18,8,1.2594920479e-01,1.3557701501e-01,-8.6098245308e-02,-5.7244558030e-02,0.9898527148,0.1420971607,0.1420971607,-0.9898527148,-3.4636090493e-02,-9.5827290898e-02,1.6772745279e-01,2.99901290e+00,1.73381401e-04,8.75396508e-05
19,8,1.2913237551e-01,1.3563052754e-01,-1.0517670374e-01,-8.3166940876e-02,0.9956540137,-0.0931293997,-0.0931293997,-0.9956540137,7.8808917627e-02,-8.9875549172e-02,5.4043930181e-02,-3.04832811e+00,1.01784167e-04,5.20122382e-05
20,8,1.2075228664e-01,1.3238662476e-01,-1.1387467649e-01,-1.0310732098e-01,0.6660158483,-0.7459375911,-0.7459375911,-0.6660158483,1.2041811969e-01,-1.0201110846e-01,1.0452686742e-02,-2.29965116e+00,4.57550022e-05,2.44408838e-05
21,8,9.5643868210e-02,1.2299824489e-01,-1.1517097159e-01,-1.0687327227e-01,-0.0955090293,-0.9954285636,-0.9954285636,0.0955090293,1.2448773905e-01,3.9702874115e-02,1.5208660640e-01,-1.47514149e+00,1.55147903e-04,7.85490506e-05
22,8,6.6748601380e-02,9.9098615088e-02,-1.1311486858e-01,-1.0005945429e-01,-0.2232814138,-0.9747540255,-0.9747540255,0.2232814138,1.4745819910e-01,1.7339236401e-01,2.8777235125e-01,-1.34561674e+00,2.22888895e-04,1.12093166e-04
23,8,3.5226703706e-02,7.0799898081e-02,-1.0682670931e-01,-8.9866424306e-02,-0.3048949907,-0.9523859746,-0.9523859746,0.3048949907,1.9540446686e-01,3.4541728592e-01,4.6637542077e-01,-1.26096816e+00,2.78874306e-04,1.40127364e-04
24,8,2.2275637603e-03,3.9753611963e-02,-9.6985413412e-02,-7.7019680087e-02,-0.3624630748,-0.9319981327,-0.9319981327,0.3624630748,2.6052225839e-01,5.2833701713e-01,6.6055238127e-01,-1.19988700e+00,3.20768513e-04,1.60899730e-04
25,8,-3.1108051642e-02,7.0780114442e-03,-8.4285344803e-02,-6.2236097649e-02,-0.4069668382,-0.9134429334,-0.9134429334,0.4069668382,3.2415698895e-01,6.8107071932e-01,8.2601858075e-01,-1.15166531e+00,3.42164739e-04,1.71627969e-04
26,8,-6.3643258919e-02,-2.6100914815e-02,-6.9428601341e-02,-4.6228669775e-02,-0.4446208277,-0.8957188843,-0.8957188843,0.4446208277,3.6006230006e-01,7.5803577624e-01,9.1094865955e-01,-1.11004543e+00,3.40908467e-04,1.70851400e-04
27,8,-9.4243310288e-02,-5.8653619703e-02,-5.3120839339e-02,-2.9708253449e-02,-0.4796934962,-0.8774361229,-0.8774361229,0.4796934962,3.4356256541e-01,7.2722510430e-01,8.7599934882e-01,-1.07049097e+00,3.16073800e-04,1.58410194e-04
28,8,-1.2177511876e-01,-8.9448534377e-02,-3.6069736841e-02,-1.3384044857e-02,-0.5160924537,-0.8565328828,-0.8565328828,0.5160924537,2.6520858832e-01,5.9132036089e-01,7.1912110467e-01,-1.02851373e+00,2.70706231e-04,1.35746192e-04
29,8,-1.4510784124e-01,-1.1735242180e-01,-1.8984640078e-02,2.0370037015e-03,-0.5589188385,-0.8292223658,-0.8292223658,0.5589188385,1.4055067256e-01,3.9555964901e-01,4.8702968763e-01,-9.77714926e-01,2.09795178e-04,1.05313016e-04

DETAILED CIRCLE DATA:

Region 0 (9 circles):
Circle_Index,Center_X,Center_Y,Radius
0,-1.4445131814e-01,6.4437789916e-04,2.3594597089e-03
1,-1.4555213913e-01,1.5981694956e-03,1.3964675711e-03
2,-1.4638045834e-01,2.6468944932e-03,1.3041782361e-03
3,-1.4694889574e-01,3.7847780340e-03,1.2673802357e-03
4,-1.4727007129e-01,5.0060452598e-03,1.2822744307e-03
5,-1.4735660496e-01,6.3049213127e-03,1.3395726587e-03
6,-1.4722111670e-01,7.6756313347e-03,1.4274870229e-03
7,-1.4687622648e-01,9.1124004678e-03,1.5348098988e-03
8,-1.4633455426e-01,1.0609453854e-02,1.6524906123e-03

Region 1 (9 circles):
Circle_Index,Center_X,Center_Y,Radius
0,-1.4560872002e-01,1.2161016635e-02,1.7738379841e-03
1,-1.4471134371e-01,1.3761313953e-02,1.8941021172e-03
2,-1.4365504529e-01,1.5404570951e-02,2.0099518845e-03
3,-1.4245244473e-01,1.7085012769e-02,2.1190427843e-03
4,-1.4111616200e-01,1.8796864550e-02,2.2197055469e-03
5,-1.3965881706e-01,2.0534351436e-02,2.3107335644e-03
6,-1.3809302987e-01,2.2291698570e-02,2.3912403579e-03
7,-1.3643142039e-01,2.4063131092e-02,2.4605640544e-03
8,-1.3468660860e-01,2.5842874145e-02,2.5182028438e-03

Region 2 (9 circles):
Circle_Index,Center_X,Center_Y,Radius
0,-1.3287121444e-01,2.7625152871e-02,2.5637708303e-03
1,-1.3099785790e-01,2.9404192412e-02,2.5969674090e-03
2,-1.2907915892e-01,3.1174217910e-02,2.6175557202e-03
3,-1.2712773748e-01,3.2929454507e-02,2.6253472858e-03
4,-1.2515621354e-01,3.4664127345e-02,2.6201909220e-03
5,-1.2317720706e-01,3.6372461565e-02,2.6019646659e-03
6,-1.2120333801e-01,3.8048682311e-02,2.5705698699e-03
7,-1.1924722634e-01,3.9687014723e-02,2.5259269008e-03
8,-1.1732149204e-01,4.1281683944e-02,2.4679720742e-03

Region 3 (9 circles):
Circle_Index,Center_X,Center_Y,Radius
0,-1.1543875505e-01,4.2826915116e-02,2.3966556052e-03
1,-1.1361163534e-01,4.4316933381e-02,2.3119404776e-03
2,-1.1185275287e-01,4.5745963881e-02,2.2138022724e-03
3,-1.1017472762e-01,4.7108231757e-02,2.1022301702e-03
4,-1.0859017954e-01,4.8397962152e-02,1.9772296407e-03
5,-1.0711172859e-01,4.9609380208e-02,1.8388278855e-03
6,-1.0575199475e-01,5.0736711067e-02,1.6870842734e-03
7,-1.0452359797e-01,5.1774179871e-02,1.7716614117e-03
8,-1.0305918417e-01,5.3039646021e-02,1.9868648430e-03

Region 4 (9 circles):
Circle_Index,Center_X,Center_Y,Radius
0,-1.0152875648e-01,5.4385912118e-02,2.0866490672e-03
1,-9.9935398158e-02,5.5806986736e-02,2.1802540266e-03
2,-9.8282192442e-02,5.7296878453e-02,2.2676249984e-03
3,-9.6572222583e-02,5.8849595845e-02,2.3487241370e-03
4,-9.4808571831e-02,6.0459147487e-02,2.4235264299e-03
5,-9.2994323435e-02,6.2119541957e-02,2.4920169631e-03
6,-9.1132560641e-02,6.3824787830e-02,2.5541890629e-03
7,-8.9226366699e-02,6.5568893682e-02,2.6100430474e-03
8,-8.7278824858e-02,6.7345868091e-02,2.6595854111e-03

Region 5 (9 circles):
Circle_Index,Center_X,Center_Y,Radius
0,-8.5293018365e-02,6.9149719632e-02,2.7028283365e-03
1,-8.3272030469e-02,7.0974456882e-02,2.7397894576e-03
2,-8.1218944418e-02,7.2814088416e-02,2.7704918342e-03
3,-7.9136843461e-02,7.4662622811e-02,2.7949641097e-03
4,-7.7028810846e-02,7.6514068644e-02,2.8132408425e-03
5,-7.4897929822e-02,7.8362434490e-02,2.8253630098e-03
6,-7.2747283637e-02,8.0201728927e-02,2.8313786956e-03
7,-7.0579955539e-02,8.2025960529e-02,2.8313439802e-03
8,-6.8399028776e-02,8.3829137874e-02,2.8253240639e-03

Region 6 (9 circles):
Circle_Index,Center_X,Center_Y,Radius
0,-6.6207586598e-02,8.5605269538e-02,2.8133946639e-03
1,-6.4008712252e-02,8.7348364096e-02,2.7956437410e-03
2,-6.1805488987e-02,8.9052430126e-02,2.7721736274e-03
3,-5.9601000052e-02,9.0711476204e-02,2.7431036477e-03
4,-5.7398328694e-02,9.2319510905e-02,2.7085733525e-03
5,-5.5200558162e-02,9.3870542806e-02,2.6687465166e-03
6,-5.3010771705e-02,9.5358580484e-02,2.6238160939e-03
7,-5.0832052570e-02,9.6777632514e-02,2.5740103770e-03
8,-4.8667484007e-02,9.8121707474e-02,2.5196006701e-03

Region 7 (8 circles):
Circle_Index,Center_X,Center_Y,Radius
0,-4.6520149263e-02,9.9384813938e-02,2.4609108636e-03
1,-4.4393131588e-02,1.0056096048e-01,2.3983293852e-03
2,-4.2289514228e-02,1.0164415569e-01,2.3323240929e-03
3,-4.0212380434e-02,1.0262840813e-01,2.2634607524e-03
4,-3.8164813453e-02,1.0350772637e-01,2.1924257579e-03
5,-3.6149896534e-02,1.0427611901e-01,2.1200536406e-03
6,-3.4170712924e-02,1.0492759460e-01,2.0473595244e-03
7,-3.2230345873e-02,1.0545616174e-01,1.9755757955e-03

Region 8 (8 circles):
Circle_Index,Center_X,Center_Y,Radius
0,-3.0331878629e-02,1.0585582899e-01,1.9061905320e-03
1,-2.8478394440e-02,1.0612060494e-01,1.8409822814e-03
2,-2.6672976554e-02,1.0624449815e-01,1.7820413538e-03
3,-2.4918708221e-02,1.0622151720e-01,1.7317623523e-03
4,-2.3218672688e-02,1.0604567068e-01,1.6927882384e-03
5,-2.1575953203e-02,1.0571096715e-01,1.9499827973e-03
6,-1.9433573572e-02,1.0511587103e-01,2.2622573712e-03
7,-1.7239091267e-02,1.0442381655e-01,2.3394718722e-03

Region 9 (8 circles):
Circle_Index,Center_X,Center_Y,Radius
0,-1.4994976943e-02,1.0363738580e-01,2.4158710371e-03
1,-1.2703701258e-02,1.0275916088e-01,2.4910958788e-03
2,-1.0367734869e-02,1.0179172387e-01,2.5648431994e-03
3,-7.9895484321e-03,1.0073765686e-01,2.6368561357e-03
4,-5.5716126054e-03,9.9599541936e-02,2.7069163400e-03
5,-3.1163980453e-03,9.8379961192e-02,2.7748375404e-03
6,-6.2637540883e-04,9.7081496714e-02,2.8404602475e-03
7,1.8959846471e-03,9.5706730591e-02,2.9036474049e-03

Region 10 (8 circles):
Circle_Index,Center_X,Center_Y,Radius
0,4.4482114656e-03,9.4258244912e-02,2.9642808120e-03
1,7.0278343897e-03,9.2738621764e-02,3.0222581765e-03
2,9.6323827625e-03,9.1150443238e-02,3.0774906806e-03
3,1.2259385927e-02,8.9496291420e-02,3.1299009655e-03
4,1.4906373226e-02,8.7778748401e-02,3.1794214576e-03
5,1.7570874003e-02,8.6000396268e-02,3.2259929747e-03
6,2.0250417601e-02,8.4163817111e-02,3.2695635606e-03
7,2.2942533363e-02,8.2271593017e-02,3.3100875093e-03

Region 11 (8 circles):
Circle_Index,Center_X,Center_Y,Radius
0,2.5644750632e-02,8.0326306076e-02,3.3475245447e-03
1,2.8354598751e-02,7.8330538377e-02,3.3818391289e-03
2,3.1069607063e-02,7.6286872007e-02,3.4129998790e-03
3,3.3787304911e-02,7.4197889055e-02,3.4409790731e-03
4,3.6505221639e-02,7.2066171611e-02,3.4657522318e-03
5,3.9220886588e-02,6.9894301762e-02,3.4872977635e-03
6,4.1931829104e-02,6.7684861598e-02,3.5055966643e-03
7,4.4635578527e-02,6.5440433207e-02,3.5206322634e-03

Region 12 (8 circles):
Circle_Index,Center_X,Center_Y,Radius
0,4.7329664202e-02,6.3163598677e-02,3.5323900091e-03
1,5.0011615472e-02,6.0856940098e-02,3.5408572893e-03
2,5.2678961679e-02,5.8523039557e-02,3.5460232819e-03
3,5.5329232167e-02,5.6164479144e-02,3.5478788336e-03
4,5.7959956279e-02,5.3783840948e-02,3.5464163614e-03
5,6.0568663357e-02,5.1383707056e-02,3.5416297784e-03
6,6.3152882745e-02,4.8966659557e-02,3.5335144388e-03
7,6.5710143786e-02,4.6535280541e-02,3.5220671043e-03

Region 13 (8 circles):
Circle_Index,Center_X,Center_Y,Radius
0,6.8237975823e-02,4.4092152095e-02,3.5072859296e-03
1,7.0733908199e-02,4.1639856309e-02,3.4891704674e-03
2,7.3195470257e-02,3.9180975271e-02,3.4677216942e-03
3,7.5620191341e-02,3.6718091069e-02,3.4429420572e-03
4,7.8005600792e-02,3.4253785793e-02,3.4148355445e-03
5,8.0349227955e-02,3.1790641531e-02,3.3834077808e-03
6,8.2648602172e-02,2.9331240371e-02,3.3486661525e-03
7,8.4901252786e-02,2.6878164402e-02,3.3106199649e-03

Region 14 (8 circles):
Circle_Index,Center_X,Center_Y,Radius
0,8.7104709141e-02,2.4433995713e-02,3.2692806394e-03
1,8.9256500579e-02,2.2001316393e-02,3.2246619551e-03
2,9.1354156444e-02,1.9582708530e-02,3.1767803454e-03
3,9.3395206079e-02,1.7180754212e-02,3.1256552602e-03
4,9.5377178826e-02,1.4798035529e-02,3.0713096075e-03
5,9.7297604029e-02,1.2437134569e-02,3.0137702935e-03
6,9.9154011030e-02,1.0100633420e-02,2.9530688842e-03
7,1.0094392917e-01,7.7911141721e-03,2.8892424177e-03

Region 15 (8 circles):
Circle_Index,Center_X,Center_Y,Radius
0,1.0266488780e-01,5.5111589127e-03,2.8223344077e-03
1,1.0431441626e-01,3.2633497310e-03,2.7523960869e-03
2,1.0589004389e-01,1.0502687154e-03,2.6794879586e-03
3,1.0738930003e-01,-1.1255020454e-03,2.6036817431e-03
4,1.0880971403e-01,-3.2613804627e-03,2.3417459859e-03
5,1.0993108061e-01,-5.0586769616e-03,2.1962534519e-03
6,1.1106498910e-01,-7.0298912663e-03,2.3478176687e-03
7,1.1220771610e-01,-9.1648646060e-03,2.4909213151e-03

Region 16 (8 circles):
Circle_Index,Center_X,Center_Y,Radius
0,1.1335553823e-01,-1.1453438210e-02,2.6250727697e-03
1,1.1450473208e-01,-1.3885453307e-02,2.7499208305e-03
2,1.1565157428e-01,-1.6450751127e-02,2.8652103699e-03
3,1.1679234142e-01,-1.9139172898e-02,2.9707538693e-03
4,1.1792331013e-01,-2.1940559851e-02,3.0664126917e-03
5,1.1904075700e-01,-2.4844753214e-02,3.1520845083e-03
6,1.2014095864e-01,-2.7841594216e-02,3.2276947194e-03
7,1.2122019167e-01,-3.0920924087e-02,3.2931905451e-03

Region 17 (8 circles):
Circle_Index,Center_X,Center_Y,Radius
0,1.2227473269e-01,-3.4072584055e-02,3.3485369505e-03
1,1.2330085830e-01,-3.7286415350e-02,3.3937138728e-03
2,1.2429484513e-01,-4.0552259202e-02,3.4287144096e-03
3,1.2525296978e-01,-4.3859956839e-02,3.4535437484e-03
4,1.2617150885e-01,-4.7199349491e-02,3.4682187056e-03
5,1.2704673896e-01,-5.0560278386e-02,3.4727678020e-03
6,1.2787493671e-01,-5.3932584754e-02,3.4672318500e-03
7,1.2865237872e-01,-5.7306109825e-02,3.4516650702e-03

Region 18 (8 circles):
Circle_Index,Center_X,Center_Y,Radius
0,1.2937534158e-01,-6.0670694827e-02,3.4261367965e-03
1,1.3004010192e-01,-6.4016180989e-02,3.3907338742e-03
2,1.3064293633e-01,-6.7332409542e-02,3.3455639130e-03
3,1.3118012143e-01,-7.0609221713e-02,3.2907596297e-03
4,1.3164793383e-01,-7.3836458732e-02,3.2264846152e-03
5,1.3204265013e-01,-7.7003961829e-02,3.1529409998e-03
6,1.3236054694e-01,-8.0101572233e-02,3.0703796903e-03
7,1.3259790088e-01,-8.3119131172e-02,2.9791141361e-03

Region 19 (8 circles):
Circle_Index,Center_X,Center_Y,Radius
0,1.3275098854e-01,-8.6046479876e-02,2.8795390001e-03
1,1.3281608655e-01,-8.8873459574e-02,2.7721557101e-03
2,1.3278947150e-01,-9.1589911496e-02,2.6576077450e-03
3,1.3266742001e-01,-9.4185676870e-02,2.5367297560e-03
4,1.3244620868e-01,-9.6650596927e-02,2.4106163309e-03
5,1.3212211413e-01,-9.8974512894e-02,2.2807183566e-03
6,1.3169141296e-01,-1.0114726600e-01,2.1489770598e-03
7,1.3115038177e-01,-1.0315869748e-01,2.0180062602e-03

Region 20 (8 circles):
Circle_Index,Center_X,Center_Y,Radius
0,1.3049529719e-01,-1.0499864855e-01,1.8913275687e-03
1,1.2972243582e-01,-1.0665696046e-01,1.7736408214e-03
2,1.2882807426e-01,-1.0812347442e-01,1.6710551027e-03
3,1.2780848913e-01,-1.0938803166e-01,1.5911004789e-03
4,1.2665995704e-01,-1.1044047342e-01,1.5422276232e-03
5,1.2537875458e-01,-1.1127064093e-01,1.5325556352e-03
6,1.2396115838e-01,-1.1186837541e-01,1.5680735018e-03
7,1.2240344503e-01,-1.1222351809e-01,1.6511583963e-03

Region 21 (8 circles):
Circle_Index,Center_X,Center_Y,Radius
0,1.2070189116e-01,-1.1232591021e-01,2.2963537338e-03
1,1.1781496603e-01,-1.1224439888e-01,2.9265727168e-03
2,1.1485398873e-01,-1.1208866705e-01,3.0032435277e-03
3,1.1182117224e-01,-1.1186009981e-01,3.0791662847e-03
4,1.0871872955e-01,-1.1156008224e-01,3.1541509030e-03
5,1.0554887366e-01,-1.1118999941e-01,3.2280305946e-03
6,1.0231381756e-01,-1.1075123640e-01,3.3006587108e-03
7,9.9015774237e-02,-1.1024517830e-01,3.3719060266e-03

Region 22 (8 circles):
Circle_Index,Center_X,Center_Y,Radius
0,9.5656956679e-02,-1.0967321017e-01,3.4416584094e-03
1,9.2239577879e-02,-1.0903671711e-01,3.5098148211e-03
2,8.8765850828e-02,-1.0833708418e-01,3.5762856047e-03
3,8.5237988517e-02,-1.0757569647e-01,3.6409910154e-03
4,8.1658203936e-02,-1.0675393906e-01,3.7038599595e-03
5,7.8028710076e-02,-1.0587319702e-01,3.7648289109e-03
6,7.4351719927e-02,-1.0493485544e-01,3.8238409781e-03
7,7.0629446481e-02,-1.0394029939e-01,3.8808451006e-03

Region 23 (8 circles):
Circle_Index,Center_X,Center_Y,Radius
0,6.6864102727e-02,-1.0289091396e-01,3.9357953539e-03
1,6.3057901657e-02,-1.0178808421e-01,3.9886503485e-03
2,5.9213056262e-02,-1.0063319523e-01,4.0393727087e-03
3,5.5331779530e-02,-9.9427632106e-02,4.0879286196e-03
4,5.1416284455e-02,-9.8172779907e-02,4.1342874325e-03
5,4.7468784025e-02,-9.6870023715e-02,4.1784213210e-03
6,4.3491491233e-02,-9.5520748609e-02,4.2203049798e-03
7,3.9486619067e-02,-9.4126339667e-02,4.2599153610e-03

Region 24 (8 circles):
Circle_Index,Center_X,Center_Y,Radius
0,3.5456380520e-02,-9.2688181969e-02,4.2972314429e-03
1,3.1402988581e-02,-9.1207660594e-02,4.3322340262e-03
2,2.7328656242e-02,-8.9686160620e-02,4.3649055548e-03
3,2.3235596493e-02,-8.8125067127e-02,4.3952299573e-03
4,1.9126022325e-02,-8.6525765192e-02,4.4231925073e-03
5,1.5002146727e-02,-8.4889639897e-02,4.4487796997e-03
6,1.0866182692e-02,-8.3218076318e-02,4.4719791404e-03
7,6.7203432096e-03,-8.1512459536e-02,4.4927794493e-03

Region 25 (8 circles):
Circle_Index,Center_X,Center_Y,Radius
0,2.5668412703e-03,-7.9774174629e-02,4.5111701739e-03
1,-1.5921101351e-03,-7.8004606676e-02,4.5271417121e-03
2,-5.7542980159e-03,-7.6205140756e-02,4.5406852439e-03
3,-9.9175093815e-03,-7.4377161947e-02,4.5517926710e-03
4,-1.4079531241e-02,-7.2522055330e-02,4.5604565626e-03
5,-1.8238150604e-02,-7.0641205983e-02,4.5666701077e-03
6,-2.2391154480e-02,-6.8735998984e-02,4.5704270724e-03
7,-2.6536329879e-02,-6.6807819413e-02,4.5717217632e-03

Region 26 (8 circles):
Circle_Index,Center_X,Center_Y,Radius
0,-3.0671463808e-02,-6.4858052348e-02,4.5705489933e-03
1,-3.4794343279e-02,-6.2888082869e-02,4.5669040545e-03
2,-3.8902755299e-02,-6.0899296054e-02,4.5607826918e-03
3,-4.2994486880e-02,-5.8893076983e-02,4.5521810827e-03
4,-4.7067325029e-02,-5.6870810734e-02,4.5410958186e-03
5,-5.1119056756e-02,-5.4833882387e-02,4.5275238904e-03
6,-5.5147469071e-02,-5.2783677019e-02,4.5114626769e-03
7,-5.9150348983e-02,-5.0721579711e-02,4.4929099358e-03

Region 27 (8 circles):
Circle_Index,Center_X,Center_Y,Radius
0,-6.3125483502e-02,-4.8648975541e-02,4.4718637984e-03
1,-6.7070659636e-02,-4.6567249587e-02,4.4483227665e-03
2,-7.0983664395e-02,-4.4477786930e-02,4.4222857132e-03
3,-7.4862284788e-02,-4.2381972648e-02,4.3937518862e-03
4,-7.8704307825e-02,-4.0281191819e-02,4.3627209147e-03
5,-8.2507520515e-02,-3.8176829523e-02,4.3291928200e-03
6,-8.6269709867e-02,-3.6070270839e-02,4.2931680297e-03
7,-8.9988662892e-02,-3.3962900845e-02,4.2546473961e-03

Region 28 (8 circles):
Circle_Index,Center_X,Center_Y,Radius
0,-9.3662166597e-02,-3.1856104621e-02,4.2136322197e-03
1,-9.7288007992e-02,-2.9751267245e-02,4.1701242776e-03
2,-1.0086397409e-01,-2.7649773797e-02,4.1241258579e-03
3,-1.0438785189e-01,-2.5553009355e-02,4.0756398012e-03
4,-1.0785742842e-01,-2.3462358999e-02,4.0246695496e-03
5,-1.1127049067e-01,-2.1379207806e-02,3.9712192051e-03
6,-1.1462482565e-01,-1.9304940857e-02,3.9152935988e-03
7,-1.1791822039e-01,-1.7240943229e-02,3.8568983723e-03

Region 29 (8 circles):
Circle_Index,Center_X,Center_Y,Radius
0,-1.2114846188e-01,-1.5188600003e-02,3.7960400745e-03
1,-1.2431333714e-01,-1.3149296257e-02,3.7327262759e-03
2,-1.2741063317e-01,-1.1124417069e-02,3.6669657044e-03
3,-1.3043813698e-01,-9.1153475196e-03,3.5987684066e-03
4,-1.3339363559e-01,-7.1234726867e-03,3.5281459408e-03
5,-1.3627491600e-01,-5.1501776494e-03,3.4551116077e-03
6,-1.3907976522e-01,-3.1968474867e-03,3.3796807283e-03
7,-1.4180597026e-01,-1.2648672775e-03,3.3018709790e-03
