# SPARTA_ELEMENT_ID SPARTA_NODE_ID_1 SPARTA_NODE_ID_2 AERO-S_NODE_ID... ACTIVE_FLAG
1 1 2 105 106 1
2 2 3 106 107 1
3 3 4 107 108 1
4 4 5 108 109 1
5 5 6 109 110 1
6 6 7 110 111 1
7 7 8 111 112 1
8 8 9 112 113 1
9 9 10 113 114 1
10 10 11 114 115 1
11 11 12 115 116 1
12 12 13 116 117 1
13 13 14 117 118 1
14 14 15 118 119 1
15 15 16 119 120 1
16 16 17 120 121 1
17 17 18 121 122 1
18 18 19 122 123 1
19 19 20 123 124 1
20 20 21 124 125 1
21 21 22 125 126 1
22 22 23 126 127 1
23 23 24 127 128 1
24 24 25 128 129 1
25 25 26 129 130 1
26 26 27 130 131 1
27 27 28 131 132 1
28 28 29 132 133 1
29 29 30 133 134 1
30 30 31 134 135 1
31 31 32 135 136 1
32 32 33 136 137 1
33 33 34 137 138 1
34 34 35 138 139 1
35 35 36 139 140 1
36 36 37 140 141 1
37 37 38 141 142 1
38 38 39 142 143 1
39 39 40 143 144 1
40 40 41 144 145 1
41 41 42 145 146 1
42 42 43 146 147 1
43 43 44 147 148 1
44 44 45 148 149 1
45 45 46 149 150 1
46 46 47 150 151 1
47 47 48 151 152 1
48 48 49 152 153 1
49 49 50 153 154 1
50 50 51 154 155 1
51 51 52 155 156 1
52 52 53 156 157 1
53 53 54 157 158 1
54 54 55 158 159 1
55 55 56 159 160 1
56 56 57 160 161 1
57 57 58 161 162 1
58 58 59 162 163 1
59 59 60 163 164 1
60 60 61 164 165 1
61 61 62 165 166 1
62 62 63 166 167 1
63 63 64 167 168 1
64 64 65 168 169 1
65 65 66 169 170 1
66 66 67 170 171 1
67 67 68 171 172 1
68 68 69 172 173 1
69 69 70 173 174 1
70 70 71 174 175 1
71 71 72 175 176 1
72 72 73 176 177 1
73 73 74 177 178 1
74 74 75 178 179 1
75 75 76 179 180 1
76 76 77 180 181 1
77 77 78 181 182 1
78 78 79 182 183 1
79 79 80 183 184 1
80 80 81 184 185 1
81 81 82 185 186 1
82 82 83 186 187 1
83 83 84 187 188 1
84 84 85 188 189 1
85 85 86 189 190 1
86 86 87 190 191 1
87 87 88 191 192 1
88 88 89 192 193 1
89 89 90 193 194 1
90 90 91 194 195 1
91 91 92 195 196 1
92 92 93 196 197 1
93 93 94 197 198 1
94 94 95 198 199 1
95 95 96 199 200 1
96 96 97 200 201 1
97 97 98 201 202 1
98 98 99 202 203 1
99 99 100 203 2 1
100 100 101 2 204 1
101 101 102 204 205 1
102 102 103 205 206 1
103 103 104 206 3 1
104 104 105 3 207 1
105 105 106 207 208 1
106 106 107 208 209 1
107 107 108 209 210 1
108 108 109 210 211 1
109 109 110 211 212 1
110 110 111 212 213 1
111 111 112 213 214 1
112 112 113 214 215 1
113 113 114 215 216 1
114 114 115 216 217 1
115 115 116 217 218 1
116 116 117 218 219 1
117 117 118 219 220 1
118 118 119 220 221 1
119 119 120 221 222 1
120 120 121 222 223 1
121 121 122 223 224 1
122 122 123 224 225 1
123 123 124 225 226 1
124 124 125 226 227 1
125 125 126 227 228 1
126 126 127 228 229 1
127 127 128 229 230 1
128 128 129 230 231 1
129 129 130 231 232 1
130 130 131 232 233 1
131 131 132 233 234 1
132 132 133 234 235 1
133 133 134 235 236 1
134 134 135 236 237 1
135 135 136 237 238 1
136 136 137 238 239 1
137 137 138 239 240 1
138 138 139 240 241 1
139 139 140 241 242 1
140 140 141 242 243 1
141 141 142 243 244 1
142 142 143 244 245 1
143 143 144 245 246 1
144 144 145 246 247 1
145 145 146 247 248 1
146 146 147 248 249 1
147 147 148 249 250 1
148 148 149 250 251 1
149 149 150 251 252 1
150 150 151 252 253 1
151 151 152 253 254 1
152 152 153 254 255 1
153 153 154 255 256 1
154 154 155 256 257 1
155 155 156 257 258 1
156 156 157 258 259 1
157 157 158 259 260 1
158 158 159 260 261 1
159 159 160 261 262 1
160 160 161 262 263 1
161 161 162 263 264 1
162 162 163 264 265 1
163 163 164 265 266 1
164 164 165 266 267 1
165 165 166 267 268 1
166 166 167 268 269 1
167 167 168 269 270 1
168 168 169 270 271 1
169 169 170 271 272 1
170 170 171 272 273 1
171 171 172 273 274 1
172 172 173 274 275 1
173 173 174 275 276 1
174 174 175 276 277 1
175 175 176 277 278 1
176 176 177 278 279 1
177 177 178 279 280 1
178 178 179 280 281 1
179 179 180 281 282 1
180 180 181 282 283 1
181 181 182 283 284 1
182 182 183 284 285 1
183 183 184 285 286 1
184 184 185 286 287 1
185 185 186 287 288 1
186 186 187 288 289 1
187 187 188 289 290 1
188 188 189 290 291 1
189 189 190 291 292 1
190 190 191 292 293 1
191 191 192 293 294 1
192 192 193 294 295 1
193 193 194 295 296 1
194 194 195 296 297 1
195 195 196 297 298 1
196 196 197 298 299 1
197 197 198 299 300 1
198 198 199 300 301 1
199 199 200 301 302 1
200 200 201 302 303 1
201 201 202 303 304 1
202 202 203 304 305 1
203 203 204 305 306 1
204 204 205 306 307 1
205 205 206 307 308 1
206 206 207 308 309 1
207 207 208 309 310 1
208 208 209 310 311 1
209 209 210 311 312 1
210 210 211 312 313 1
211 211 212 313 314 1
212 212 213 314 315 1
213 213 214 315 316 1
214 214 215 316 317 1
215 215 216 317 318 1
216 216 217 318 319 1
217 217 218 319 320 1
218 218 219 320 321 1
219 219 220 321 322 1
220 220 221 322 323 1
221 221 222 323 324 1
222 222 223 324 325 1
223 223 224 325 326 1
224 224 225 326 327 1
225 225 226 327 328 1
226 226 227 328 329 1
227 227 228 329 330 1
228 228 229 330 331 1
229 229 230 331 332 1
230 230 231 332 333 1
231 231 232 333 334 1
232 232 233 334 335 1
233 233 234 335 336 1
234 234 235 336 337 1
235 235 236 337 338 1
236 236 237 338 339 1
237 237 238 339 340 1
238 238 239 340 341 1
239 239 240 341 342 1
240 240 241 342 343 1
241 241 242 343 344 1
242 242 243 344 345 1
243 243 244 345 346 1
244 244 245 346 347 1
245 245 246 347 348 1
246 246 247 348 349 1
247 247 248 349 350 1
248 248 249 350 351 1
249 249 250 351 352 1
250 250 251 352 353 1
251 251 252 353 354 1
252 252 253 354 355 1
253 253 254 355 356 1
254 254 255 356 357 1
255 255 256 357 358 1
256 256 257 358 359 1
257 257 258 359 360 1
258 258 259 360 361 1
259 259 260 361 362 1
260 260 261 362 363 1
261 261 262 363 364 1
262 262 263 364 365 1
263 263 264 365 366 1
264 264 265 366 367 1
265 265 266 367 368 1
266 266 267 368 369 1
267 267 268 369 370 1
268 268 269 370 371 1
269 269 270 371 372 1
270 270 271 372 373 1
271 271 272 373 374 1
272 272 273 374 375 1
273 273 274 375 376 1
274 274 275 376 377 1
275 275 276 377 378 1
276 276 277 378 379 1
277 277 278 379 380 1
278 278 279 380 381 1
279 279 280 381 382 1
280 280 281 382 383 1
281 281 282 383 384 1
282 282 283 384 385 1
283 283 284 385 386 1
284 284 285 386 387 1
285 285 286 387 388 1
286 286 287 388 389 1
287 287 288 389 390 1
288 288 289 390 391 1
289 289 290 391 392 1
290 290 291 392 393 1
291 291 292 393 394 1
292 292 293 394 395 1
293 293 294 395 396 1
294 294 295 396 397 1
295 295 296 397 398 1
296 296 297 398 399 1
297 297 298 399 400 1
298 298 299 400 401 1
299 299 300 401 402 1
300 300 301 402 403 1
301 301 302 403 404 1
302 302 303 404 405 1
303 303 304 405 4 1
304 304 305 4 406 1
305 305 306 406 407 1
306 306 307 407 408 1
307 307 308 408 1 1
308 308 309 1 5 1
309 309 310 5 6 1
310 310 311 6 7 1
311 311 312 7 8 1
312 312 313 8 9 1
313 313 314 9 10 1
314 314 315 10 11 1
315 315 316 11 12 1
316 316 317 12 13 1
317 317 318 13 14 1
318 318 319 14 15 1
319 319 320 15 16 1
320 320 321 16 17 1
321 321 322 17 18 1
322 322 323 18 19 1
323 323 324 19 20 1
324 324 325 20 21 1
325 325 326 21 22 1
326 326 327 22 23 1
327 327 328 23 24 1
328 328 329 24 25 1
329 329 330 25 26 1
330 330 331 26 27 1
331 331 332 27 28 1
332 332 333 28 29 1
333 333 334 29 30 1
334 334 335 30 31 1
335 335 336 31 32 1
336 336 337 32 33 1
337 337 338 33 34 1
338 338 339 34 35 1
339 339 340 35 36 1
340 340 341 36 37 1
341 341 342 37 38 1
342 342 343 38 39 1
343 343 344 39 40 1
344 344 345 40 41 1
345 345 346 41 42 1
346 346 347 42 43 1
347 347 348 43 44 1
348 348 349 44 45 1
349 349 350 45 46 1
350 350 351 46 47 1
351 351 352 47 48 1
352 352 353 48 49 1
353 353 354 49 50 1
354 354 355 50 51 1
355 355 356 51 52 1
356 356 357 52 53 1
357 357 358 53 54 1
358 358 359 54 55 1
359 359 360 55 56 1
360 360 361 56 57 1
361 361 362 57 58 1
362 362 363 58 59 1
363 363 364 59 60 1
364 364 365 60 61 1
365 365 366 61 62 1
366 366 367 62 63 1
367 367 368 63 64 1
368 368 369 64 65 1
369 369 370 65 66 1
370 370 371 66 67 1
371 371 372 67 68 1
372 372 373 68 69 1
373 373 374 69 70 1
374 374 375 70 71 1
375 375 376 71 72 1
376 376 377 72 73 1
377 377 378 73 74 1
378 378 379 74 75 1
379 379 380 75 76 1
380 380 381 76 77 1
381 381 382 77 78 1
382 382 383 78 79 1
383 383 384 79 80 1
384 384 385 80 81 1
385 385 386 81 82 1
386 386 387 82 83 1
387 387 388 83 84 1
388 388 389 84 85 1
389 389 390 85 86 1
390 390 391 86 87 1
391 391 392 87 88 1
392 392 393 88 89 1
393 393 394 89 90 1
394 394 395 90 91 1
395 395 396 91 92 1
396 396 397 92 93 1
397 397 398 93 94 1
398 398 399 94 95 1
399 399 400 95 96 1
400 400 401 96 97 1
401 401 402 97 98 1
402 402 403 98 99 1
403 403 404 99 100 1
404 404 405 100 101 1
405 405 406 101 102 1
406 406 407 102 103 1
407 407 408 103 104 1
408 408 1 104 105 1
