NODE
1 0.0 0.0
2 0.5 0.0
3 0.0 0.5
4 -0.5 0.0
5 0.0 -0.5
6 0.49759236332553974 0.0490085702719845
7 0.4903926401528751 0.09754516125309727
8 0.478470167752864 0.14514233900053497
9 0.4619397660441604 0.1913417166931099
10 0.4409606318552796 0.23569836900961486
11 0.4157348056888626 0.2777851172018466
12 0.3865052260390768 0.3171966428644575
13 0.35355338978094253 0.353553391405605
14 0.31719664127182695 0.38650522734611487
15 0.27778511576428794 0.4157348066494086
16 0.23569836773401953 0.4409606325370995
17 0.19134171559022486 0.4619397665009904
18 0.14514233817009534 0.4784701680047751
19 0.09754516070601794 0.49039264026169593
20 0.049008570016975464 0.49759236335065593
21 -0.0490085702719845 0.49759236332553974
22 -0.09754516125309727 0.4903926401528751
23 -0.14514233900053497 0.478470167752864
24 -0.1913417166931099 0.4619397660441604
25 -0.23569836900961486 0.4409606318552796
26 -0.2777851172018466 0.4157348056888626
27 -0.3171966428644575 0.3865052260390768
28 -0.353553391405605 0.35355338978094253
29 -0.38650522734611487 0.31719664127182695
30 -0.4157348066494086 0.27778511576428794
31 -0.4409606325370995 0.23569836773401953
32 -0.4619397665009904 0.19134171559022486
33 -0.4784701680047751 0.14514233817009534
34 -0.49039264026169593 0.09754516070601794
35 -0.49759236335065593 0.049008570016975464
36 -0.49759236332553974 -0.0490085702719845
37 -0.4903926401528751 -0.09754516125309727
38 -0.478470167752864 -0.14514233900053497
39 -0.4619397660441604 -0.1913417166931099
40 -0.4409606318552796 -0.23569836900961486
41 -0.4157348056888626 -0.2777851172018466
42 -0.3865052260390768 -0.3171966428644575
43 -0.35355338978094253 -0.353553391405605
44 -0.31719664127182695 -0.38650522734611487
45 -0.27778511576428794 -0.4157348066494086
46 -0.23569836773401953 -0.4409606325370995
47 -0.19134171559022486 -0.4619397665009904
48 -0.14514233817009534 -0.4784701680047751
49 -0.09754516070601794 -0.49039264026169593
50 -0.049008570016975464 -0.49759236335065593
51 0.0490085702719845 -0.49759236332553974
52 0.09754516125309727 -0.4903926401528751
53 0.14514233900053497 -0.478470167752864
54 0.1913417166931099 -0.4619397660441604
55 0.23569836900961486 -0.4409606318552796
56 0.2777851172018466 -0.4157348056888626
57 0.3171966428644575 -0.3865052260390768
58 0.353553391405605 -0.35355338978094253
59 0.38650522734611487 -0.31719664127182695
60 0.4157348066494086 -0.27778511576428794
61 0.4409606325370995 -0.23569836773401953
62 0.4619397665009904 -0.19134171559022486
63 0.4784701680047751 -0.14514233817009534
64 0.49039264026169593 -0.09754516070601794
65 0.49759236335065593 -0.049008570016975464
66 0.1039621962362916 0.4431839632975273
67 -0.10798458692196895 -0.4398056506076635
68 0.4401513611167357 -0.11018041117517667
69 -0.44432888147499316 0.11268579142081636
70 0.2328563227531684 -0.40052758234605723
71 -0.3989840069535774 -0.23071385863283628
72 -0.22908337449956648 0.3886099918756713
73 0.38992667341373854 0.2316870011749646
74 0.37436666921683087 -0.270957848802009
75 -0.26917857894598407 -0.3711094480194035
76 -0.3655712544323876 0.2718719641362989
77 0.2738984880783896 0.3692852294152251
78 0.46007974173650956 0.061215750524953566
79 0.06727264625532679 -0.45119653881263944
80 -0.4538768878899814 -0.06576988271614867
81 -0.06844021263777955 0.453190260654719
82 0.4571591617912324 -0.021803006461698318
83 -0.015099621759135783 -0.46085423875749243
84 -0.4558226730812892 0.02452431462149013
85 0.4130362119492375 -0.19535157870640346
86 -0.19841303851660852 -0.40953392510512643
87 -0.41186141842198964 0.19718840607064034
88 0.021967631906470362 0.45625462101692316
89 0.19693353693371884 0.4143017011287693
90 0.30683788990307087 -0.3385434401504245
91 -0.34678633839487044 -0.3125888990037401
92 -0.31602392329155876 0.339178627113225
93 0.3385434401504245 0.30683788990307087
94 0.15546470005256607 -0.429433706991418
95 -0.4314782378330616 -0.15864183419317363
96 -0.15681308693216695 0.4315102681383848
97 0.4311976981403184 0.15271004523023685
98 0.2691465458621621 -0.36973123352528336
99 0.2590923987061797 -0.32321602487899004
100 0.29472635344612735 -0.2912757675621348
101 0.24873907637685302 -0.27672933322099913
102 0.28414029536324825 -0.24353180449250572
103 0.23763482404944405 -0.22919158059376601
104 0.20210676327390822 -0.2628806912399242
105 0.19075749480878845 -0.21516383778357828
106 0.22639946777449987 -0.1814335089541486
107 0.17939533861986084 -0.16743413025526804
108 0.14376654534630132 -0.2011660307434843
109 0.13237603499164072 -0.153439403415721
110 0.1680103208232402 -0.11970631591309351
111 0.12098212838377338 -0.10571317438374869
112 0.08534925259686982 -0.1394460551620863
113 0.07395284207863508 -0.09172022986032959
114 0.10958614481546608 -0.057987276029527614
115 0.06255612475727326 -0.0439944540793762
116 0.026922944101622964 -0.07772738789676438
117 0.015526014609261828 -0.03000164719470151
118 0.05115923083238522 0.003731292535116175
119 0.004129059053009497 0.017724089197080416
120 -0.031504146863013824 -0.01600884882404921
121 -0.04290112029945023 0.03171688460176658
122 -0.0072679113904968356 0.06544982311503553
123 -0.07853432748024229 -0.0020160536247628563
124 -0.054298095928868896 0.0794426176583794
125 -0.01866488738871814 0.11317555610531999
126 -0.06569507285189172 0.12716835049601743
127 -0.030061864524468608 0.16090128890232966
128 0.016968321194075528 0.1469084945563487
129 -0.07709205017906151 0.17489408326284378
130 -0.11272525840643306 0.14116114487597164
131 0.005571343803241979 0.19463422730747448
132 0.05260152949306254 0.18064143295641177
133 -0.12412223585640786 0.1888868776248267
134 -0.15975544408298104 0.15515393923632953
135 0.04120455204304977 0.2283671656913224
136 0.0882347377270022 0.21437437134251178
137 0.09963171519969649 0.16664863861337187
138 0.13526492342259058 0.20038157699946993
139 0.1466619008984449 0.15265584427148954
140 -0.005825633651115491 0.24235996003673915
141 -0.06713734982489267 -0.04974178635306889
142 -0.11416753418001452 -0.03574899177378528
143 -0.10277055692701793 -0.083474724565346
144 -0.1498007424619582 -0.06948193017962634
145 -0.13840376498608853 -0.11720766293360166
146 -0.18543395066594048 -0.10321486857729162
147 -0.19683092815603154 -0.05548913582375904
148 -0.17403697318095426 -0.1509406013281481
149 -0.1270067874742322 -0.16493339567502022
150 0.18229510912411115 0.18638878266089948
151 0.1936920866040838 0.1386630499180437
152 -0.23246413638317145 -0.08922207422787067
153 -0.24386111387112436 -0.04149634147538125
154 -0.16263999569466334 -0.19866633405895356
155 -0.11560981000655968 -0.212659128403907
156 -0.17115242155714927 0.2028796719845617
157 -0.20678562982932036 0.16914673352641035
158 -0.1355192133177341 0.2366126103796376
159 -0.20967018139602342 -0.18467353971965939
160 0.029807574569258817 0.2760928984160476
161 0.12386794594573208 0.2481073097215753
162 -0.0172226111142446 0.29008569276199425
163 0.22932529483025366 0.17239598831774677
164 0.24072227231415233 0.12467025556917444
165 0.2050890640821125 0.09093731717063942
166 0.2521192497892683 0.07694452281869935
167 -0.2794943221042577 -0.07522927988002293
168 -0.2908912995808371 -0.02750354713239259
169 -0.15124301821621494 -0.24639206678147613
170 -0.10421283253616634 -0.26038486112125614
171 -0.0685796243222923 -0.22665192275000345
172 -0.05718264685616403 -0.2743776554681484
173 -0.25525809135991784 0.0062293912574214955
174 -0.3022882770509346 0.020222185598638455
175 -0.02154943863876133 -0.24064471709716387
176 -0.01015246117155025 -0.28837044981724014
177 -0.14835846660491647 0.10742820649683546
178 0.21648604155753895 0.04321158442912835
179 0.2635162272646687 0.029218790076374974
180 0.21792831733982243 0.22012172105523656
181 0.2991494354935398 0.06295172846494615
182 0.31054641295860574 0.015225995724502027
183 0.27491320473523134 -0.018506942649327354
184 -0.18254939903976256 0.25060540473835147
185 -0.14691619079003854 0.2843383431458125
186 0.32194339041807685 -0.03249973700425178
187 0.2763554805416969 0.15840319396842378
188 -0.04578566938591194 -0.3221033881879121
189 0.0012445163002956874 -0.33609618254401863
190 0.0368777245262652 -0.30236324416622695
191 0.018410597106136555 0.32381863113266957
192 -0.13984604074391027 -0.29411779948690997
193 -0.1868762264084995 -0.28012500515270833
194 0.28631018225964283 -0.06623267535234875
195 -0.2666550688492067 0.05395512397380648
196 -0.3136852545173517 0.06794791830969513
197 -0.03294641610538039 -0.19291898437642338
198 0.11102869267714716 0.11892290588188109
199 -0.3379214852695566 -0.01351075277611555
200 -0.02861958857517531 0.3378114254913743
201 0.33334036787682314 -0.0802254697193628
202 0.04827470199615961 -0.3500889769096045
203 0.08390791019015989 -0.31635603868262774
204 0.3461796211916411 0.04895893410611913
205 -0.19394637652449767 0.2983311375011171
206 -0.22957958477762253 0.2645981990434172
207 0.2977071597302393 -0.1139584080558388
208 0.07251093346383589 -0.2686303060898615
209 -0.2780520463272714 0.10168085667172971
210 -0.32508223198152386 0.11567365100100031
211 -0.28944902379827486 0.14940658935754186
212 0.23927999665873162 -0.05223988112643341
213 -0.2196248831313138 0.03996232966078628
214 0.06544078278276899 0.30982583678699627
215 0.0540438053247423 0.3575515694861887
216 0.10107399097420207 0.3435587751403369
217 -0.05574037126637149 -0.09746751893807744
218 -0.12556451192886764 0.011976740948203949
219 0.169455855845754 0.057204378776879505
220 -0.26809734462084234 -0.12295501263789427
221 -0.3151275303511853 -0.10896221828325782
222 -0.30373055286947637 -0.1566879510544941
223 0.33478264372633443 0.09668466685453195
224 0.014083769582378643 -0.2069117787200916
225 0.1808528333353619 0.00947864603930455
226 -0.15831316827011208 0.3320640759217628
227 0.3447373453333067 -0.12795120241655947
228 -0.3600365622698814 0.08122359166889392
229 0.3689735760783418 -0.04649253136735674
230 -0.03411913234039565 -0.36892312339833777
231 -0.08137395099490538 -0.3556853269607263
232 0.09530488769933115 -0.3640817713062559
233 0.13093829663630918 -0.3303488232124516
234 -0.17547199977704925 -0.3278263732053567
235 -0.3355626462906976 0.16243118798393388
236 -0.3006932407385492 0.19697095608872112
237 0.30961599276627977 -0.162210646463984
238 0.002686792116802955 -0.15918604599255975
239 -0.05285581934686332 0.2563527543872493
240 0.13382264762517476 0.023471440381299717
241 -0.11128298253052049 0.3180712815289445
242 -0.3500286904374934 -0.14252034247777476
243 -0.36091860409212795 -0.09467352209174978
244 -0.12122296220920616 0.3642579397935978
245 -0.22183847152965958 -0.3116028172841921
246 -0.23379458490776706 -0.2657563564515757
247 0.3807590716126255 0.08244023352393365
248 0.3906811547585325 0.03372916905432026
249 -0.24097656225830305 0.31232393184692814
250 -0.2748025247885509 0.27668194038304383
251 -0.33659415041573126 -0.18975950223059307
252 -0.29187197356868944 -0.20430345259546673
253 -0.32542758516076953 -0.236153607751797
254 -0.26900159017109737 -0.29682558549184185
255 0.3666693415046128 0.12862752413307194
256 -0.3570931413145333 0.2117261826757019
257 0.3590702869719052 -0.1771343632406272
258 0.39269757973389524 -0.1423215148691857
259 -0.07159962702286503 -0.4037426249142666
260 -0.11705208575860321 -0.38956926491317234
261 0.09218502670478206 0.39350569714650263
262 0.13589799198213154 0.37362891996437875
263 0.14796930875455386 0.32895551521539707
264 0.044458218020565834 0.4106703223122839
265 0.059106662541719895 -0.3985300136564381
266 -0.17048030191587468 0.38340572891859404
267 -0.2172713578992205 -0.3609128959946767
268 0.1422376842405757 -0.37924889278733875
269 0.1766547459660739 -0.3441611359722621
270 0.18460848505358743 0.37108592389289297
271 0.19513436225327727 0.3155731864797039
272 0.3667444884500778 -0.22569370240919623
273 0.3209647233846967 -0.21073721823437397
274 -0.38439158219525216 -0.18126236541196697
275 0.21209758801430834 -0.3093627812134489
276 0.1551480959648603 -0.24889114403940818
277 0.2734728772342594 -0.19569217779667886
278 0.21503380696128865 -0.13370062255337273
279 0.09674448526393155 -0.1871720451356927
280 0.10813752224903203 -0.23489786669472337
281 -0.3133386067908427 0.24578012462344614
282 -0.26506872999828157 0.23067386903214562
283 -0.24241883809120512 0.1354137950768665
284 0.15661580312147902 -0.07198016091770217
285 0.20364445212221732 -0.08597328014024616
286 0.049716375861564424 -0.17317893427978776
287 -0.12843311814193978 -0.34178994018122644
288 0.38372863181167116 -0.09497314425315735
289 0.41997494478706743 -0.05961676565292495
290 0.40591195459545115 -0.01315225934227562
291 -0.19538865235095726 0.12142100080054463
292 -0.18399167488899107 0.07369526806965593
293 -0.3492053164060247 0.03409545978219011
294 -0.38309621363274565 -0.0010609941714288616
295 -0.4044060057687956 0.04329123124531439
296 0.3573726850001081 0.0009615951951762128
297 -0.09137357933359921 -0.13120045730170038
298 -0.36858479310523296 0.12513750867785872
299 -0.09280570977649961 -0.3080764952343632
300 -0.13696148919382037 0.05970247373112396
301 0.0768377602508863 0.26210010406626194
302 0.0070918941868399745 0.37176522653103916
303 -0.038572612817417654 0.38362311604617816
304 -0.3263179891503396 -0.06118716855252657
305 0.12242567014808156 0.07119717313037867
306 -0.08993130428521193 0.04570967924195988
307 -0.02010718242878939 -0.06373458374805868
308 0.02836529835112166 0.09918276176730909
309 0.03976227053962668 0.05145702814262261
310 -0.2566234334876867 -0.1706623735192172
311 -0.2181585968039487 0.21684056767261356
312 -0.2210543366224364 -0.1369447450016802
313 -0.3723372659940102 -0.047283987905712574
314 0.17089813162753204 0.23411451538952147
315 0.20653133981587118 0.26784745378136454
316 0.25356152554068645 0.2538546594547763
317 0.24097163110392042 0.30013138357110336
318 0.292428213904788 0.2909526326756032
319 0.2998782010505496 0.23924609859817353
320 -0.20822790564744412 -0.007763403074557283
321 -0.17259469744516215 0.025969535346421088
322 -0.161197719969913 -0.021756197426183815
323 0.03831967023769201 -0.12545316107886972
324 -0.09988600506472745 0.27034554876180555
325 0.11244849046553453 0.2957312981744102
326 0.1580588783757075 0.10493011152232776
327 -0.10132828121185707 0.0934354120833813
328 -0.07997660180007544 -0.1789261900290962
329 0.063998506895733 0.13291570021340976
330 -0.2053433540137473 0.34605687027285514
331 -0.19825456603487637 -0.23233663004800956
332 -0.2451918895277524 -0.21831196147344528
333 0.2278830190627469 -0.00451414831963671
334 -0.04145884190666717 0.20862702165341032
335 0.2877524580209699 0.11067746121315526
336 -0.23102186060649088 0.0876880623755649
337 0.025480747170799737 -0.25463751149235603
338 0.012929461974911363 -0.3826567567753996
339 -0.08848902761191021 0.22261981601162886
340 0.19224928823847534 -0.0382471861384612
341 0.07539548342402598 0.08518996731194323
342 0.2648395846794553 0.2060262989642111
343 0.3115118425209348 0.19193565925668177
344 -0.25379632859108 0.18311616428085892
345 0.15947492981041683 0.28172154646032876
346 0.08679245699890772 0.03746423391258998
347 0.26215104646836374 -0.1478268295780051
348 0.0981893716932537 -0.010261509274325217
349 0.10545134981198252 -0.4124826303378625
350 0.14521934813820178 -0.024254340989901986
351 0.06111230559859038 -0.22090474040208546
352 0.3226817734672563 0.1440786405740539
353 0.3611657921125011 0.18032647904704469
354 -0.06425279681456694 0.30407848713419844
355 -0.044343393619661116 -0.14519325165325797
356 -0.2797969593948848 -0.24948098219013426
357 -0.00871025680978401 -0.11146032488459796
358 -0.07516628243963636 0.3512287004295545
359 -0.08330579913924158 0.40391767701180215
360 0.2506877740334139 -0.09998861613437415
361 0.11953587785041353 -0.2826233356679586
362 0.16608022795097888 -0.29637798522424225
363 -0.16403877650485618 -0.37543028269352335
364 -0.31622271393588886 0.29434882225452197
365 0.18816596699745602 -0.38896735797089743
366 0.024444380364204744 -0.43018337558940883
367 -0.4168049077258751 -0.03538398142810849
368 -0.004906036094686622 0.4175133596742991
369 0.3447615602026938 0.22816788496495027
370 0.23142207319043365 0.34761815684756037
371 -0.40747620181691824 -0.08047716730381006
372 0.4335799598835135 0.024759505448972586
373 0.41037191208440194 0.19110342488769352
374 -0.15399542357705948 -0.4257915096375418
375 0.15001018438154737 0.4194451628479766
376 -0.36372049265291945 -0.26719048192560835
377 -0.2768156958915753 0.36595285795649946
378 0.37055730287544525 0.2748240271533981
379 -0.44251546179199897 -0.11253831024955087
380 0.4470234340213396 0.10598950123490354
381 -0.11276359161803162 0.4436282189754151
382 -0.19668336981006657 0.4212852773664181
383 -0.02378210126211036 0.45797751946583004
384 -0.06250912872626206 -0.4523517645915508
385 -0.44936915372131303 0.06978097485616105
386 -0.43062586568359906 0.1577040152564582
387 0.34041420308193004 -0.304596129847512
388 -0.3033335407338218 -0.3328859956795263
389 0.06502526773644243 0.45334384003410555
390 0.3098216402456546 0.341835504218561
391 -0.3982442506710837 0.23885400727618974
392 0.23339101112573948 0.393164408411826
393 -0.3953530360597568 -0.1281526055477766
394 0.4365212064636047 -0.15648530896124097
395 -0.45779203892879267 -0.020117717202308167
396 -0.02244988698302422 -0.41369799104602095
397 -0.23783452648158776 -0.3968029365418345
398 -0.4036723583904487 0.09163078112635212
399 0.33022612215715175 -0.25779874522462193
400 -0.38334486275416957 0.1659844459870549
401 0.22197876817788947 -0.35501701380220857
402 -0.4235508449762662 -0.19953162878814035
403 0.11332151808237552 -0.4524048584730849
404 0.3292337436367802 0.26800570665903917
405 0.4062638250589923 0.1148538885545643
406 0.46168850913272114 -0.06809719859782651
407 -0.314339574498586 -0.280524926493652
408 0.2697084093046373 0.3299645813456106
409 0.025125195026476047 -0.46796530329701613
410 -0.1271626025910504 0.4048269054610871
411 -0.42358436782749964 0.0022505706129918044
412 -0.042305420474681873 0.42331451212349946
413 -0.2437625075284128 0.34896860381658407
414 0.40393111224275235 -0.2421069905598031
415 -0.2541241135387983 -0.3340844891133003
416 0.4197311978452521 0.07049800805694131
417 -0.40611135228168876 0.13062850849370808
418 -0.2780243892618111 0.3208124159964636
419 -0.3489677985979771 0.31636104755073924
420 -0.36049513400188504 -0.2206948311696666
421 0.20151695732483255 -0.426076839575558
422 0.47172002707758925 0.023014554377007338
423 0.3948287031082286 0.15609865295524178
424 0.0754940064196099 0.42425971977415977
*
TOPO
70 4 388 254 407
71 4 84 295 385
72 4 258 68 288
73 4 66 261 375
74 4 76 256 281
75 4 91 388 407
76 4 261 262 375
77 4 266 72 330
78 4 87 256 391
79 4 256 87 400
80 4 288 68 289
81 4 270 89 375
82 4 72 266 382
83 4 262 270 375
84 4 353 73 369
85 4 73 353 373
86 4 259 384 396
87 4 295 84 411
88 4 385 295 398
89 4 256 76 391
90 4 9 10 373
91 4 257 85 258
92 4 47 48 374
93 4 17 18 375
94 4 384 83 396
95 4 89 270 392
96 4 270 370 392
97 4 85 257 272
98 4 76 281 364
99 4 67 259 260
100 4 265 79 349
101 4 75 267 415
102 4 267 75 397
103 4 88 264 389
104 4 318 93 390
105 4 98 99 401
106 4 229 288 289
107 4 371 379 393
108 4 254 388 415
109 4 253 376 407
110 4 10 73 373
111 4 97 9 373
112 4 359 81 381
113 4 259 67 384
114 4 68 258 394
115 4 389 264 424
116 4 48 67 374
117 4 86 47 374
118 4 18 66 375
119 4 89 17 375
120 4 229 289 290
121 4 400 386 417
122 4 273 237 277
123 4 290 248 296
124 4 274 71 420
125 4 71 274 402
126 4 94 268 349
127 4 376 253 420
128 4 87 386 400
129 4 100 387 399
130 4 264 88 368
131 4 70 98 401
132 4 267 86 363
133 4 69 385 398
134 4 258 85 394
135 4 74 272 399
136 4 102 273 277
137 4 272 273 399
138 4 289 82 290
139 4 257 237 273
140 4 79 265 366
141 4 380 405 416
142 4 229 290 296
143 4 318 390 408
144 4 379 95 393
145 4 369 73 378
146 4 268 94 365
147 4 269 365 401
148 4 81 359 412
149 4 269 268 365
150 4 376 91 407
151 4 349 79 403
152 4 83 366 396
153 4 78 380 416
154 4 387 74 399
155 4 272 257 273
156 4 275 104 362
157 4 269 275 362
158 4 101 104 275
159 4 106 277 347
160 4 277 237 347
161 4 106 103 277
162 4 361 233 362
163 4 276 361 362
164 4 276 108 280
165 4 233 269 362
166 4 276 280 361
167 4 105 108 276
168 4 278 106 347
169 4 107 106 278
170 4 208 280 351
171 4 280 279 351
172 4 279 112 286
173 4 279 286 351
174 4 280 208 361
175 4 109 112 279
176 4 284 285 340
177 4 278 347 360
178 4 285 212 340
179 4 285 278 360
180 4 284 110 285
181 4 206 250 282
182 4 250 281 282
183 4 157 311 344
184 4 157 283 291
185 4 292 291 336
186 4 283 157 344
187 4 291 283 336
188 4 206 282 311
189 4 311 282 344
190 4 286 112 323
191 4 213 292 336
192 4 112 113 323
193 4 57 58 90
194 4 42 43 91
195 4 27 28 92
196 4 12 13 93
197 4 260 231 287
198 4 218 300 321
199 4 271 315 317
200 4 287 231 299
201 4 292 213 321
202 4 314 315 345
203 4 116 307 357
204 4 51 52 79
205 4 36 37 80
206 4 6 7 78
207 4 21 22 81
208 4 53 54 94
209 4 38 39 95
210 4 8 9 97
211 4 23 24 96
212 4 113 116 323
213 4 55 56 70
214 4 40 41 71
215 4 227 258 288
216 4 25 26 72
217 4 10 11 73
218 4 315 271 345
219 4 218 321 322
220 4 231 188 299
221 4 293 228 295
222 4 300 292 321
223 4 136 161 301
224 4 157 156 311
225 4 201 227 288
226 4 252 253 356
227 4 134 157 291
228 4 227 257 258
229 4 230 231 259
230 4 323 116 357
231 4 145 149 297
232 4 248 204 296
233 4 259 231 260
234 4 230 188 231
235 4 111 110 284
236 4 310 252 332
237 4 215 216 261
238 4 188 172 299
239 4 294 293 295
240 4 196 228 293
241 4 135 136 301
242 4 301 161 325
243 4 300 218 306
244 4 210 235 298
245 4 174 195 196
246 4 228 210 298
247 4 196 210 228
248 4 206 249 250
249 4 168 173 174
250 4 192 287 299
251 4 191 214 215
252 4 143 145 297
253 4 215 214 216
254 4 119 118 309
255 4 134 156 157
256 4 182 183 186
257 4 229 201 288
258 4 161 138 314
259 4 186 194 201
260 4 168 153 173
261 4 191 160 214
262 4 192 193 234
263 4 196 209 210
264 4 186 201 229
265 4 261 216 262
266 4 173 153 320
267 4 167 153 168
268 4 234 245 267
269 4 161 314 345
270 4 192 234 287
271 4 170 169 192
272 4 201 207 227
273 4 142 218 322
274 4 155 154 169
275 4 131 132 135
276 4 186 229 296
277 4 297 149 328
278 4 220 310 312
279 4 174 173 195
280 4 130 133 134
281 4 174 196 293
282 4 145 148 149
283 4 192 169 193
284 4 196 195 209
285 4 189 230 338
286 4 149 148 154
287 4 184 205 206
288 4 184 206 311
289 4 189 188 230
290 4 170 192 299
291 4 156 184 311
292 4 213 173 320
293 4 130 134 177
294 4 130 177 327
295 4 198 305 326
296 4 177 134 291
297 4 166 178 179
298 4 222 252 310
299 4 160 135 301
300 4 135 132 136
301 4 182 179 183
302 4 181 179 182
303 4 227 237 257
304 4 145 146 148
305 4 222 251 252
306 4 122 119 309
307 4 144 142 322
308 4 141 143 217
309 4 152 147 153
310 4 61 62 85
311 4 46 47 86
312 4 31 32 87
313 4 176 172 188
314 4 234 193 245
315 4 143 144 145
316 4 182 186 296
317 4 314 180 315
318 4 149 154 155
319 4 199 293 294
320 4 210 211 235
321 4 140 135 160
322 4 216 214 325
323 4 155 169 170
324 4 217 143 297
325 4 315 316 317
326 4 116 117 307
327 4 151 139 326
328 4 124 122 125
329 4 121 119 122
330 4 218 123 306
331 4 136 138 161
332 4 321 320 322
333 4 310 159 312
334 4 252 251 253
335 4 150 180 314
336 4 235 236 256
337 4 214 160 301
338 4 177 300 327
339 4 117 120 307
340 4 215 261 264
341 4 141 142 143
342 4 166 165 178
343 4 263 216 325
344 4 199 174 293
345 4 125 122 308
346 4 153 147 320
347 4 131 128 132
348 4 247 204 248
349 4 172 170 299
350 4 16 17 89
351 4 117 115 118
352 4 186 183 194
353 4 127 125 128
354 4 164 165 166
355 4 193 169 331
356 4 127 128 131
357 4 152 220 312
358 4 168 174 199
359 4 131 135 140
360 4 300 306 327
361 4 121 122 124
362 4 162 160 191
363 4 138 150 314
364 4 134 133 156
365 4 126 125 127
366 4 262 263 270
367 4 150 163 180
368 4 139 198 326
369 4 178 165 219
370 4 117 118 119
371 4 147 144 322
372 4 120 141 307
373 4 190 203 208
374 4 240 219 305
375 4 171 170 172
376 4 178 219 225
377 4 201 194 207
378 4 204 182 296
379 4 341 309 346
380 4 120 123 141
381 4 308 122 309
382 4 305 219 326
383 4 210 209 211
384 4 206 205 249
385 4 168 199 304
386 4 126 129 130
387 4 217 297 355
388 4 177 291 292
389 4 213 320 321
390 4 167 168 304
391 4 128 125 308
392 4 130 129 133
393 4 126 130 327
394 4 129 334 339
395 4 152 153 167
396 4 63 64 68
397 4 142 123 218
398 4 225 219 240
399 4 48 49 67
400 4 164 151 165
401 4 33 34 69
402 4 114 111 284
403 4 241 185 324
404 4 113 114 115
405 4 166 179 181
406 4 141 217 307
407 4 136 132 137
408 4 121 124 306
409 4 239 324 339
410 4 123 121 306
411 4 263 325 345
412 4 226 185 241
413 4 146 144 147
414 4 171 172 175
415 4 143 142 144
416 4 141 123 142
417 4 146 147 152
418 4 191 215 302
419 4 165 151 326
420 4 183 179 333
421 4 120 119 121
422 4 306 124 327
423 4 145 144 146
424 4 154 148 159
425 4 155 170 171
426 4 220 222 310
427 4 199 294 313
428 4 113 115 116
429 4 198 137 329
430 4 137 132 329
431 4 136 137 138
432 4 116 115 117
433 4 124 125 126
434 4 214 301 325
435 4 334 239 339
436 4 120 121 123
437 4 190 208 337
438 4 181 182 204
439 4 113 111 114
440 4 215 264 302
441 4 226 241 244
442 4 262 216 263
443 4 117 119 120
444 4 307 217 357
445 4 235 211 236
446 4 169 154 331
447 4 227 207 237
448 4 305 198 341
449 4 305 341 346
450 4 139 137 198
451 4 114 284 350
452 4 238 224 286
453 4 242 221 243
454 4 195 173 213
455 4 126 127 129
456 4 132 128 329
457 4 152 167 220
458 4 238 286 323
459 4 131 140 334
460 4 315 180 316
461 4 112 111 113
462 4 18 19 66
463 4 219 165 326
464 4 176 188 189
465 4 171 175 197
466 4 320 147 322
467 4 148 146 312
468 4 304 199 313
469 4 243 221 304
470 4 325 161 345
471 4 163 151 164
472 4 146 152 312
473 4 217 355 357
474 4 220 167 221
475 4 166 181 335
476 4 256 236 281
477 4 175 172 176
478 4 179 178 333
479 4 178 225 333
480 4 127 131 334
481 4 164 166 335
482 4 129 127 334
483 4 128 308 329
484 4 225 240 350
485 4 156 158 184
486 4 271 263 345
487 4 150 139 151
488 4 149 155 328
489 4 246 193 331
490 4 270 263 271
491 4 197 175 224
492 4 138 137 139
493 4 308 309 341
494 4 309 118 346
495 4 212 183 333
496 4 138 139 150
497 4 241 324 354
498 4 154 159 331
499 4 155 171 328
500 4 185 158 324
501 4 317 316 318
502 4 202 189 338
503 4 159 310 332
504 4 177 292 300
505 4 140 160 162
506 4 124 126 327
507 4 220 221 222
508 4 197 224 238
509 4 346 118 348
510 4 140 239 334
511 4 211 209 283
512 4 240 348 350
513 4 190 202 203
514 4 316 180 342
515 4 163 164 187
516 4 324 158 339
517 4 171 197 328
518 4 244 241 358
519 4 240 346 348
520 4 184 185 205
521 4 222 242 251
522 4 203 232 233
523 4 150 151 163
524 4 115 114 348
525 4 233 268 269
526 4 246 331 332
527 4 232 202 265
528 4 194 183 212
529 4 331 159 332
530 4 187 164 335
531 4 226 244 266
532 4 200 191 302
533 4 190 189 202
534 4 156 133 158
535 4 133 129 339
536 4 184 158 185
537 4 284 340 350
538 4 222 221 242
539 4 162 191 200
540 4 159 148 312
541 4 251 242 274
542 4 205 185 226
543 4 245 193 246
544 4 337 208 351
545 4 180 163 342
546 4 249 205 330
547 4 181 223 335
548 4 176 189 190
549 4 224 175 337
550 4 140 162 239
551 4 333 225 340
552 4 203 202 232
553 4 198 329 341
554 4 223 204 247
555 4 221 167 304
556 4 332 252 356
557 4 343 187 352
558 4 348 114 350
559 4 329 308 341
560 4 209 195 336
561 4 233 232 268
562 4 175 176 337
563 4 283 209 336
564 4 118 115 348
565 4 181 204 223
566 4 205 226 330
567 4 246 332 356
568 4 195 213 336
569 4 226 266 330
570 4 245 246 254
571 4 200 302 303
572 4 297 328 355
573 4 243 304 313
574 4 240 305 346
575 4 158 133 339
576 4 319 316 342
577 4 223 247 255
578 4 212 333 340
579 4 59 60 74
580 4 44 45 75
581 4 29 30 76
582 4 265 202 338
583 4 176 190 337
584 4 241 354 358
585 4 281 236 282
586 4 14 15 77
587 4 254 246 356
588 4 343 352 353
589 4 286 224 351
590 4 237 207 347
591 4 328 197 355
592 4 224 337 351
593 4 50 5 83
594 4 65 2 82
595 4 35 4 84
596 4 163 187 342
597 4 318 316 319
598 4 211 283 344
599 4 236 211 344
600 4 187 335 352
601 4 342 187 343
602 4 324 239 354
603 4 20 3 88
604 4 232 265 349
605 4 110 278 285
606 4 109 111 112
607 4 319 342 343
608 4 340 225 350
609 4 197 238 355
610 4 335 223 352
611 4 282 236 344
612 4 223 255 352
613 4 268 232 349
614 4 239 162 354
615 4 355 238 357
616 4 238 323 357
617 4 354 200 358
618 4 162 200 354
619 4 352 255 353
620 4 200 303 358
621 4 244 358 359
622 4 358 303 359
623 4 212 285 360
624 4 108 279 280
625 4 110 107 278
626 4 109 110 111
627 4 194 212 360
628 4 347 207 360
629 4 207 194 360
630 4 208 203 361
631 4 108 109 279
632 4 109 107 110
633 4 203 233 361
634 4 108 107 109
635 4 105 107 108
636 4 105 106 107
637 4 104 105 276
638 4 105 103 106
639 4 104 276 362
640 4 104 103 105
641 4 103 102 277
642 4 101 103 104
643 4 101 102 103
644 4 101 100 102
645 4 99 101 275
646 4 260 287 363
647 4 234 267 363
648 4 287 234 363
649 4 99 100 101
650 4 67 260 374
651 4 388 75 415
652 4 248 290 372
653 4 413 377 418
654 4 365 70 401
655 4 261 66 424
656 4 99 90 100
657 4 302 264 368
658 4 266 96 382
659 4 86 267 397
660 4 281 250 364
661 4 343 353 369
662 4 369 378 404
663 4 271 317 370
664 4 96 266 410
665 4 71 376 420
666 4 265 338 366
667 4 371 80 379
668 4 313 294 367
669 4 303 302 368
670 4 95 274 393
671 4 377 92 418
672 4 274 242 393
673 4 100 90 387
674 4 313 367 371
675 4 367 80 371
676 4 319 343 369
677 4 270 271 370
678 4 366 83 409
679 4 243 313 371
680 4 230 259 396
681 4 228 298 398
682 4 359 381 410
683 4 93 318 404
684 4 290 82 372
685 4 99 275 401
686 4 330 72 413
687 4 289 68 406
688 4 82 289 406
689 4 235 256 400
690 4 260 363 374
691 4 366 338 396
692 4 98 90 99
693 4 363 86 374
694 4 243 371 393
695 4 254 356 407
696 4 266 244 410
697 4 267 245 415
698 4 251 274 420
699 4 92 364 418
700 4 370 77 392
701 4 294 295 411
702 4 359 303 412
703 4 3 21 383
704 4 88 3 383
705 4 70 56 98
706 4 71 41 376
707 4 72 26 377
708 4 73 11 378
709 4 80 37 379
710 4 78 7 380
711 4 81 22 381
712 4 25 72 382
713 4 58 59 387
714 4 43 44 388
715 4 13 14 390
716 4 38 95 379
717 4 8 97 380
718 4 56 57 98
719 4 41 42 376
720 4 26 27 377
721 4 11 12 378
722 4 23 96 381
723 4 96 24 382
724 4 57 90 98
725 4 42 91 376
726 4 27 92 377
727 4 12 93 378
728 4 90 58 387
729 4 91 43 388
730 4 93 13 390
731 4 21 81 383
732 4 59 74 387
733 4 44 75 388
734 4 14 77 390
735 4 37 38 379
736 4 7 8 380
737 4 22 23 381
738 4 24 25 382
739 4 87 32 386
740 4 30 31 391
741 4 32 33 386
742 4 15 16 392
743 4 33 69 386
744 4 49 50 384
745 4 34 35 385
746 4 67 49 384
747 4 69 34 385
748 4 31 87 391
749 4 19 20 389
750 4 16 89 392
751 4 66 19 389
752 4 76 30 391
753 4 77 15 392
754 4 50 83 384
755 4 35 84 385
756 4 20 88 389
757 4 242 243 393
758 4 372 78 416
759 4 85 62 394
760 4 63 68 394
761 4 370 317 408
762 4 368 88 383
763 4 94 349 403
764 4 62 63 394
765 4 102 100 399
766 4 298 400 417
767 4 36 80 395
768 4 84 4 395
769 4 46 86 397
770 4 75 45 397
771 4 364 250 418
772 4 4 36 395
773 4 338 230 396
774 4 45 46 397
775 4 274 95 402
776 4 295 228 398
777 4 40 71 402
778 4 95 39 402
779 4 77 370 408
780 4 80 367 395
781 4 79 52 403
782 4 53 94 403
783 4 273 102 399
784 4 248 372 416
785 4 68 64 406
786 4 65 82 406
787 4 318 319 404
788 4 85 272 414
789 4 272 74 414
790 4 364 92 419
791 4 51 79 409
792 4 83 5 409
793 4 78 372 422
794 4 61 85 414
795 4 74 60 414
796 4 92 28 419
797 4 29 76 419
798 4 6 78 422
799 4 82 2 422
800 4 55 70 421
801 4 94 54 421
802 4 76 364 419
803 4 79 366 409
804 4 70 365 421
805 4 365 94 421
806 4 298 235 400
807 4 275 269 401
808 4 39 40 402
809 4 317 318 408
810 4 372 82 422
811 4 84 395 411
812 4 52 53 403
813 4 319 369 404
814 4 380 97 405
815 4 395 367 411
816 4 255 247 405
817 4 64 65 406
818 4 356 253 407
819 4 405 247 416
820 4 353 255 423
821 4 5 51 409
822 4 381 96 410
823 4 244 359 410
824 4 398 298 417
825 4 249 330 413
826 4 60 61 414
827 4 245 254 415
828 4 249 413 418
829 4 247 248 416
830 4 250 249 418
831 4 368 383 412
832 4 28 29 419
833 4 253 251 420
834 4 54 55 421
835 4 2 6 422
836 4 264 261 424
837 4 405 97 423
838 4 378 93 404
839 4 72 377 413
840 4 367 294 411
841 4 383 81 412
842 4 303 368 412
843 4 390 77 408
844 4 66 389 424
845 4 373 353 423
846 4 386 69 417
847 4 255 405 423
848 4 69 398 417
849 4 97 373 423
*
ATTR
70 849 1
*
MATERIAL
1 0.0 15000000000.0 0.3 3000.0 0.0 3.0 1.0 0.0 0.0 1000.0 0.0 0.0 0.0 0.0 0.0 0.0 0.0 0.0
*
ITEMPERATURES
1 300.0
2 300.0
3 300.0
4 300.0
5 300.0
6 300.0
7 300.0
8 300.0
9 300.0
10 300.0
11 300.0
12 300.0
13 300.0
14 300.0
15 300.0
16 300.0
17 300.0
18 300.0
19 300.0
20 300.0
21 300.0
22 300.0
23 300.0
24 300.0
25 300.0
26 300.0
27 300.0
28 300.0
29 300.0
30 300.0
31 300.0
32 300.0
33 300.0
34 300.0
35 300.0
36 300.0
37 300.0
38 300.0
39 300.0
40 300.0
41 300.0
42 300.0
43 300.0
44 300.0
45 300.0
46 300.0
47 300.0
48 300.0
49 300.0
50 300.0
51 300.0
52 300.0
53 300.0
54 300.0
55 300.0
56 300.0
57 300.0
58 300.0
59 300.0
60 300.0
61 300.0
62 300.0
63 300.0
64 300.0
65 300.0
66 300.0
67 300.0
68 300.0
69 300.0
70 300.0
71 300.0
72 300.0
73 300.0
74 300.0
75 300.0
76 300.0
77 300.0
78 300.0
79 300.0
80 300.0
81 300.0
82 300.0
83 300.0
84 300.0
85 300.0
86 300.0
87 300.0
88 300.0
89 300.0
90 300.0
91 300.0
92 300.0
93 300.0
94 300.0
95 300.0
96 300.0
97 300.0
98 300.0
99 300.0
100 300.0
101 300.0
102 300.0
103 300.0
104 300.0
105 300.0
106 300.0
107 300.0
108 300.0
109 300.0
110 300.0
111 300.0
112 300.0
113 300.0
114 300.0
115 300.0
116 300.0
117 300.0
118 300.0
119 300.0
120 300.0
121 300.0
122 300.0
123 300.0
124 300.0
125 300.0
126 300.0
127 300.0
128 300.0
129 300.0
130 300.0
131 300.0
132 300.0
133 300.0
134 300.0
135 300.0
136 300.0
137 300.0
138 300.0
139 300.0
140 300.0
141 300.0
142 300.0
143 300.0
144 300.0
145 300.0
146 300.0
147 300.0
148 300.0
149 300.0
150 300.0
151 300.0
152 300.0
153 300.0
154 300.0
155 300.0
156 300.0
157 300.0
158 300.0
159 300.0
160 300.0
161 300.0
162 300.0
163 300.0
164 300.0
165 300.0
166 300.0
167 300.0
168 300.0
169 300.0
170 300.0
171 300.0
172 300.0
173 300.0
174 300.0
175 300.0
176 300.0
177 300.0
178 300.0
179 300.0
180 300.0
181 300.0
182 300.0
183 300.0
184 300.0
185 300.0
186 300.0
187 300.0
188 300.0
189 300.0
190 300.0
191 300.0
192 300.0
193 300.0
194 300.0
195 300.0
196 300.0
197 300.0
198 300.0
199 300.0
200 300.0
201 300.0
202 300.0
203 300.0
204 300.0
205 300.0
206 300.0
207 300.0
208 300.0
209 300.0
210 300.0
211 300.0
212 300.0
213 300.0
214 300.0
215 300.0
216 300.0
217 300.0
218 300.0
219 300.0
220 300.0
221 300.0
222 300.0
223 300.0
224 300.0
225 300.0
226 300.0
227 300.0
228 300.0
229 300.0
230 300.0
231 300.0
232 300.0
233 300.0
234 300.0
235 300.0
236 300.0
237 300.0
238 300.0
239 300.0
240 300.0
241 300.0
242 300.0
243 300.0
244 300.0
245 300.0
246 300.0
247 300.0
248 300.0
249 300.0
250 300.0
251 300.0
252 300.0
253 300.0
254 300.0
255 300.0
256 300.0
257 300.0
258 300.0
259 300.0
260 300.0
261 300.0
262 300.0
263 300.0
264 300.0
265 300.0
266 300.0
267 300.0
268 300.0
269 300.0
270 300.0
271 300.0
272 300.0
273 300.0
274 300.0
275 300.0
276 300.0
277 300.0
278 300.0
279 300.0
280 300.0
281 300.0
282 300.0
283 300.0
284 300.0
285 300.0
286 300.0
287 300.0
288 300.0
289 300.0
290 300.0
291 300.0
292 300.0
293 300.0
294 300.0
295 300.0
296 300.0
297 300.0
298 300.0
299 300.0
300 300.0
301 300.0
302 300.0
303 300.0
304 300.0
305 300.0
306 300.0
307 300.0
308 300.0
309 300.0
310 300.0
311 300.0
312 300.0
313 300.0
314 300.0
315 300.0
316 300.0
317 300.0
318 300.0
319 300.0
320 300.0
321 300.0
322 300.0
323 300.0
324 300.0
325 300.0
326 300.0
327 300.0
328 300.0
329 300.0
330 300.0
331 300.0
332 300.0
333 300.0
334 300.0
335 300.0
336 300.0
337 300.0
338 300.0
339 300.0
340 300.0
341 300.0
342 300.0
343 300.0
344 300.0
345 300.0
346 300.0
347 300.0
348 300.0
349 300.0
350 300.0
351 300.0
352 300.0
353 300.0
354 300.0
355 300.0
356 300.0
357 300.0
358 300.0
359 300.0
360 300.0
361 300.0
362 300.0
363 300.0
364 300.0
365 300.0
366 300.0
367 300.0
368 300.0
369 300.0
370 300.0
371 300.0
372 300.0
373 300.0
374 300.0
375 300.0
376 300.0
377 300.0
378 300.0
379 300.0
380 300.0
381 300.0
382 300.0
383 300.0
384 300.0
385 300.0
386 300.0
387 300.0
388 300.0
389 300.0
390 300.0
391 300.0
392 300.0
393 300.0
394 300.0
395 300.0
396 300.0
397 300.0
398 300.0
399 300.0
400 300.0
401 300.0
402 300.0
403 300.0
404 300.0
405 300.0
406 300.0
407 300.0
408 300.0
409 300.0
410 300.0
411 300.0
412 300.0
413 300.0
414 300.0
415 300.0
416 300.0
417 300.0
418 300.0
419 300.0
420 300.0
421 300.0
422 300.0
423 300.0
424 300.0
