# SPARTA_BEAM_MAPPING v1
# title: BEAM_FINAL_QUAD_REV4_BEAM
# sparta_boundary_nodes: 408

# SECTION NODE_PROJECTIONS
# sparta_node_id  beam_elem  xi  gap_x  gap_y  active_flag
1 20 0.1999999999 -1.0000000000e-02 0.0000000000e+00 1
2 20 0.3999999999 -1.0000000000e-02 0.0000000000e+00 1
3 20 0.5999999999 -1.0000000000e-02 -1.7347234760e-18 1
4 20 0.7999999999 -1.0000000000e-02 0.0000000000e+00 1
5 20 0.9999999999 -1.0000000000e-02 0.0000000000e+00 1
6 21 0.1999999999 -1.0000000000e-02 0.0000000000e+00 1
7 21 0.3999999999 -1.0000000000e-02 0.0000000000e+00 1
8 21 0.5999999999 -1.0000000000e-02 0.0000000000e+00 1
9 21 0.7999999999 -1.0000000000e-02 0.0000000000e+00 1
10 21 1.0000000000 -1.0000000000e-02 0.0000000000e+00 1
11 22 0.2000000000 -1.0000000000e-02 0.0000000000e+00 1
12 22 0.4000000000 -1.0000000000e-02 0.0000000000e+00 1
13 22 0.6000000000 -1.0000000000e-02 0.0000000000e+00 1
14 22 0.8000000000 -1.0000000000e-02 0.0000000000e+00 1
15 22 1.0000000000 -1.0000000000e-02 0.0000000000e+00 1
16 23 0.2000000000 -1.0000000000e-02 0.0000000000e+00 1
17 23 0.4000000000 -1.0000000000e-02 0.0000000000e+00 1
18 23 0.6000000000 -1.0000000000e-02 0.0000000000e+00 1
19 23 0.8000000000 -1.0000000000e-02 0.0000000000e+00 1
20 23 1.0000000000 -1.0000000000e-02 0.0000000000e+00 1
21 24 0.2000000000 -1.0000000000e-02 0.0000000000e+00 1
22 24 0.4000000000 -1.0000000000e-02 0.0000000000e+00 1
23 24 0.6000000000 -1.0000000000e-02 0.0000000000e+00 1
24 24 0.8000000000 -1.0000000000e-02 0.0000000000e+00 1
25 24 1.0000000000 -1.0000000000e-02 0.0000000000e+00 1
26 25 0.2000000000 -1.0000000000e-02 0.0000000000e+00 1
27 25 0.4000000000 -1.0000000000e-02 0.0000000000e+00 1
28 25 0.6000000000 -1.0000000000e-02 0.0000000000e+00 1
29 25 0.8000000000 -1.0000000000e-02 0.0000000000e+00 1
30 25 1.0000000000 -1.0000000000e-02 0.0000000000e+00 1
31 26 0.2000000000 -1.0000000000e-02 0.0000000000e+00 1
32 26 0.4000000000 -1.0000000000e-02 0.0000000000e+00 1
33 26 0.6000000000 -1.0000000000e-02 0.0000000000e+00 1
34 26 0.8000000000 -1.0000000000e-02 0.0000000000e+00 1
35 26 1.0000000000 -1.0000000000e-02 0.0000000000e+00 1
36 27 0.2000000000 -1.0000000000e-02 0.0000000000e+00 1
37 27 0.4000000000 -1.0000000000e-02 0.0000000000e+00 1
38 27 0.6000000000 -1.0000000000e-02 0.0000000000e+00 1
39 27 0.8000000000 -1.0000000000e-02 0.0000000000e+00 1
40 27 1.0000000000 -1.0000000000e-02 0.0000000000e+00 1
41 28 0.2000000000 -1.0000000000e-02 0.0000000000e+00 1
42 28 0.4000000000 -1.0000000000e-02 0.0000000000e+00 1
43 28 0.6000000000 -1.0000000000e-02 0.0000000000e+00 1
44 28 0.8000000000 -1.0000000000e-02 0.0000000000e+00 1
45 28 1.0000000000 -1.0000000000e-02 0.0000000000e+00 1
46 29 0.2000000000 -1.0000000000e-02 0.0000000000e+00 1
47 29 0.4000000000 -1.0000000000e-02 0.0000000000e+00 1
48 29 0.6000000000 -1.0000000000e-02 0.0000000000e+00 1
49 29 0.8000000000 -1.0000000000e-02 0.0000000000e+00 1
50 29 1.0000000000 -1.0000000000e-02 0.0000000000e+00 1
51 30 0.2000000000 -1.0000000000e-02 0.0000000000e+00 1
52 30 0.4000000000 -1.0000000000e-02 0.0000000000e+00 1
53 30 0.6000000000 -1.0000000000e-02 0.0000000000e+00 1
54 30 0.8000000000 -1.0000000000e-02 0.0000000000e+00 1
55 30 1.0000000000 -1.0000000000e-02 0.0000000000e+00 1
56 31 0.2000000000 -1.0000000000e-02 0.0000000000e+00 1
57 31 0.4000000000 -1.0000000000e-02 0.0000000000e+00 1
58 31 0.6000000000 -1.0000000000e-02 0.0000000000e+00 1
59 31 0.8000000000 -1.0000000000e-02 0.0000000000e+00 1
60 31 1.0000000000 -1.0000000000e-02 0.0000000000e+00 1
61 32 0.2000000000 -1.0000000000e-02 0.0000000000e+00 1
62 32 0.4000000000 -1.0000000000e-02 0.0000000000e+00 1
63 32 0.6000000000 -1.0000000000e-02 0.0000000000e+00 1
64 32 0.8000000000 -1.0000000000e-02 0.0000000000e+00 1
65 32 1.0000000000 -1.0000000000e-02 0.0000000000e+00 1
66 33 0.2000000000 -1.0000000000e-02 0.0000000000e+00 1
67 33 0.4000000000 -1.0000000000e-02 0.0000000000e+00 1
68 33 0.6000000000 -1.0000000000e-02 0.0000000000e+00 1
69 33 0.8000000000 -1.0000000000e-02 0.0000000000e+00 1
70 33 1.0000000000 -1.0000000000e-02 0.0000000000e+00 1
71 34 0.2000000000 -1.0000000000e-02 0.0000000000e+00 1
72 34 0.4000000000 -1.0000000000e-02 0.0000000000e+00 1
73 34 0.6000000000 -1.0000000000e-02 0.0000000000e+00 1
74 34 0.8000000000 -1.0000000000e-02 0.0000000000e+00 1
75 34 1.0000000000 -1.0000000000e-02 0.0000000000e+00 1
76 35 0.2000000000 -1.0000000000e-02 0.0000000000e+00 1
77 35 0.4000000000 -1.0000000000e-02 0.0000000000e+00 1
78 35 0.6000000000 -1.0000000000e-02 0.0000000000e+00 1
79 35 0.8000000000 -1.0000000000e-02 0.0000000000e+00 1
80 35 1.0000000000 -1.0000000000e-02 0.0000000000e+00 1
81 36 0.2000000000 -1.0000000000e-02 0.0000000000e+00 1
82 36 0.4000000000 -1.0000000000e-02 0.0000000000e+00 1
83 36 0.6000000000 -1.0000000000e-02 0.0000000000e+00 1
84 36 0.8000000000 -1.0000000000e-02 0.0000000000e+00 1
85 36 1.0000000000 -1.0000000000e-02 0.0000000000e+00 1
86 37 0.2000000000 -1.0000000000e-02 0.0000000000e+00 1
87 37 0.4000000000 -1.0000000000e-02 0.0000000000e+00 1
88 37 0.6000000000 -1.0000000000e-02 0.0000000000e+00 1
89 37 0.8000000000 -1.0000000000e-02 0.0000000000e+00 1
90 37 1.0000000000 -1.0000000000e-02 0.0000000000e+00 1
91 38 0.2000000000 -1.0000000000e-02 0.0000000000e+00 1
92 38 0.4000000000 -1.0000000000e-02 0.0000000000e+00 1
93 38 0.6000000000 -1.0000000000e-02 0.0000000000e+00 1
94 38 0.8000000000 -1.0000000000e-02 0.0000000000e+00 1
95 38 1.0000000000 -1.0000000000e-02 0.0000000000e+00 1
96 39 0.2000000000 -1.0000000000e-02 0.0000000000e+00 1
97 39 0.4000000000 -1.0000000000e-02 0.0000000000e+00 1
98 39 0.6000000000 -1.0000000000e-02 0.0000000000e+00 1
99 39 0.8000000000 -1.0000000000e-02 0.0000000000e+00 1
100 39 1.0000000000 -1.0000000000e-02 0.0000000000e+00 1
101 39 1.0000000000 -5.0000000000e-03 0.0000000000e+00 1
102 39 1.0000000000 -2.5418903093e-14 0.0000000000e+00 1
103 39 1.0000000000 5.0000000000e-03 0.0000000000e+00 1
104 39 1.0000000000 1.0000000000e-02 0.0000000000e+00 1
105 39 0.8000000000 1.0000000000e-02 0.0000000000e+00 1
106 39 0.6000000000 1.0000000000e-02 0.0000000000e+00 1
107 39 0.4000000000 1.0000000000e-02 0.0000000000e+00 1
108 39 0.2000000000 1.0000000000e-02 0.0000000000e+00 1
109 38 1.0000000000 1.0000000000e-02 6.9388939039e-14 1
110 38 0.8000000000 1.0000000000e-02 0.0000000000e+00 1
111 38 0.6000000000 1.0000000000e-02 0.0000000000e+00 1
112 38 0.4000000000 1.0000000000e-02 0.0000000000e+00 1
113 38 0.2000000000 1.0000000000e-02 0.0000000000e+00 1
114 37 1.0000000000 1.0000000000e-02 1.3872236693e-13 1
115 37 0.8000000000 1.0000000000e-02 0.0000000000e+00 1
116 37 0.6000000000 1.0000000000e-02 0.0000000000e+00 1
117 37 0.4000000000 1.0000000000e-02 0.0000000000e+00 1
118 37 0.2000000000 1.0000000000e-02 0.0000000000e+00 1
119 36 1.0000000000 1.0000000000e-02 2.0800028366e-13 1
120 36 0.8000000000 1.0000000000e-02 0.0000000000e+00 1
121 36 0.6000000000 1.0000000000e-02 0.0000000000e+00 1
122 36 0.4000000000 1.0000000000e-02 0.0000000000e+00 1
123 36 0.2000000000 1.0000000000e-02 0.0000000000e+00 1
124 35 1.0000000000 1.0000000000e-02 2.7738922270e-13 1
125 35 0.8000000000 1.0000000000e-02 0.0000000000e+00 1
126 35 0.6000000000 1.0000000000e-02 0.0000000000e+00 1
127 35 0.4000000000 1.0000000000e-02 0.0000000000e+00 1
128 35 0.2000000000 1.0000000000e-02 0.0000000000e+00 1
129 34 1.0000000000 1.0000000000e-02 3.4672265059e-13 1
130 34 0.8000000000 1.0000000000e-02 0.0000000000e+00 1
131 34 0.6000000000 1.0000000000e-02 0.0000000000e+00 1
132 34 0.4000000000 1.0000000000e-02 0.0000000000e+00 1
133 34 0.2000000000 1.0000000000e-02 0.0000000000e+00 1
134 33 1.0000000000 1.0000000000e-02 4.1611158963e-13 1
135 33 0.8000000000 1.0000000000e-02 0.0000000000e+00 1
136 33 0.6000000000 1.0000000000e-02 0.0000000000e+00 1
137 33 0.4000000000 1.0000000000e-02 0.0000000000e+00 1
138 33 0.2000000000 1.0000000000e-02 0.0000000000e+00 1
139 32 1.0000000000 1.0000000000e-02 4.8550052867e-13 1
140 32 0.8000000000 1.0000000000e-02 0.0000000000e+00 1
141 32 0.6000000000 1.0000000000e-02 0.0000000000e+00 1
142 32 0.4000000000 1.0000000000e-02 0.0000000000e+00 1
143 32 0.2000000000 1.0000000000e-02 0.0000000000e+00 1
144 31 1.0000000000 1.0000000000e-02 5.5477844541e-13 1
145 31 0.8000000000 1.0000000000e-02 0.0000000000e+00 1
146 31 0.6000000000 1.0000000000e-02 0.0000000000e+00 1
147 31 0.4000000000 1.0000000000e-02 0.0000000000e+00 1
148 31 0.2000000000 1.0000000000e-02 0.0000000000e+00 1
149 30 1.0000000000 1.0000000000e-02 6.2411187329e-13 1
150 30 0.8000000000 1.0000000000e-02 0.0000000000e+00 1
151 30 0.6000000000 1.0000000000e-02 0.0000000000e+00 1
152 30 0.4000000000 1.0000000000e-02 0.0000000000e+00 1
153 30 0.2000000000 1.0000000000e-02 0.0000000000e+00 1
154 29 1.0000000000 1.0000000000e-02 6.9350081233e-13 1
155 29 0.8000000000 1.0000000000e-02 0.0000000000e+00 1
156 29 0.6000000000 1.0000000000e-02 0.0000000000e+00 1
157 29 0.4000000000 1.0000000000e-02 0.0000000000e+00 1
158 29 0.2000000000 1.0000000000e-02 0.0000000000e+00 1
159 28 1.0000000000 1.0000000000e-02 7.6283424022e-13 1
160 28 0.8000000000 1.0000000000e-02 0.0000000000e+00 1
161 28 0.6000000000 1.0000000000e-02 0.0000000000e+00 1
162 28 0.4000000000 1.0000000000e-02 0.0000000000e+00 1
163 28 0.2000000000 1.0000000000e-02 0.0000000000e+00 1
164 27 1.0000000000 1.0000000000e-02 8.3227869041e-13 1
165 27 0.8000000000 1.0000000000e-02 0.0000000000e+00 1
166 27 0.6000000000 1.0000000000e-02 0.0000000000e+00 1
167 27 0.4000000000 1.0000000000e-02 0.0000000000e+00 1
168 27 0.2000000000 1.0000000000e-02 0.0000000000e+00 1
169 26 1.0000000000 1.0000000000e-02 9.0150109600e-13 1
170 26 0.8000000000 1.0000000000e-02 0.0000000000e+00 1
171 26 0.6000000000 1.0000000000e-02 0.0000000000e+00 1
172 26 0.4000000000 1.0000000000e-02 0.0000000000e+00 1
173 26 0.2000000000 1.0000000000e-02 0.0000000000e+00 1
174 25 1.0000000000 1.0000000000e-02 9.7089003503e-13 1
175 25 0.8000000000 1.0000000000e-02 0.0000000000e+00 1
176 25 0.6000000000 1.0000000000e-02 0.0000000000e+00 1
177 25 0.4000000000 1.0000000000e-02 0.0000000000e+00 1
178 25 0.2000000000 1.0000000000e-02 0.0000000000e+00 1
179 24 1.0000000000 1.0000000000e-02 1.0402234629e-12 1
180 24 0.8000000000 1.0000000000e-02 0.0000000000e+00 1
181 24 0.6000000000 1.0000000000e-02 0.0000000000e+00 1
182 24 0.4000000000 1.0000000000e-02 0.0000000000e+00 1
183 24 0.2000000000 1.0000000000e-02 0.0000000000e+00 1
184 23 1.0000000000 1.0000000000e-02 1.1096124020e-12 1
185 23 0.8000000000 1.0000000000e-02 0.0000000000e+00 1
186 23 0.6000000000 1.0000000000e-02 0.0000000000e+00 1
187 23 0.4000000000 1.0000000000e-02 0.0000000000e+00 1
188 23 0.2000000000 1.0000000000e-02 0.0000000000e+00 1
189 22 1.0000000000 1.0000000000e-02 1.1790013410e-12 1
190 22 0.8000000000 1.0000000000e-02 0.0000000000e+00 1
191 22 0.6000000000 1.0000000000e-02 0.0000000000e+00 1
192 22 0.4000000000 1.0000000000e-02 0.0000000000e+00 1
193 22 0.2000000000 1.0000000000e-02 0.0000000000e+00 1
194 21 1.0000000000 1.0000000000e-02 1.2482237466e-12 1
195 21 0.8000000001 1.0000000000e-02 0.0000000000e+00 1
196 21 0.6000000001 1.0000000000e-02 0.0000000000e+00 1
197 21 0.4000000001 1.0000000000e-02 0.0000000000e+00 1
198 21 0.2000000001 1.0000000000e-02 0.0000000000e+00 1
199 20 1.0000000000 1.0000000000e-02 1.3176126856e-12 1
200 20 0.8000000001 1.0000000000e-02 0.0000000000e+00 1
201 20 0.6000000001 1.0000000000e-02 -1.7347234760e-18 1
202 20 0.4000000001 1.0000000000e-02 0.0000000000e+00 1
203 20 0.2000000001 1.0000000000e-02 0.0000000000e+00 1
204 19 1.0000000000 1.0000000000e-02 1.3761214390e-12 1
205 19 0.8000000001 1.0000000000e-02 0.0000000000e+00 1
206 19 0.6000000001 1.0000000000e-02 -1.7347234760e-18 1
207 19 0.4000000001 1.0000000000e-02 0.0000000000e+00 1
208 19 0.2000000001 1.0000000000e-02 0.0000000000e+00 1
209 18 1.0000000000 1.0000000000e-02 1.3176126856e-12 1
210 18 0.8000000001 1.0000000000e-02 0.0000000000e+00 1
211 18 0.6000000001 1.0000000000e-02 0.0000000000e+00 1
212 18 0.4000000001 1.0000000000e-02 0.0000000000e+00 1
213 18 0.2000000001 1.0000000000e-02 0.0000000000e+00 1
214 17 1.0000000000 1.0000000000e-02 1.2481682354e-12 1
215 17 0.8000000000 1.0000000000e-02 0.0000000000e+00 1
216 17 0.6000000000 1.0000000000e-02 0.0000000000e+00 1
217 17 0.4000000000 1.0000000000e-02 0.0000000000e+00 1
218 17 0.2000000000 1.0000000000e-02 0.0000000000e+00 1
219 16 1.0000000000 1.0000000000e-02 1.1788903187e-12 1
220 16 0.8000000000 1.0000000000e-02 0.0000000000e+00 1
221 16 0.6000000000 1.0000000000e-02 0.0000000000e+00 1
222 16 0.4000000000 1.0000000000e-02 0.0000000000e+00 1
223 16 0.2000000000 1.0000000000e-02 0.0000000000e+00 1
224 15 1.0000000000 1.0000000000e-02 1.1095568908e-12 1
225 15 0.8000000000 1.0000000000e-02 0.0000000000e+00 1
226 15 0.6000000000 1.0000000000e-02 0.0000000000e+00 1
227 15 0.4000000000 1.0000000000e-02 0.0000000000e+00 1
228 15 0.2000000000 1.0000000000e-02 0.0000000000e+00 1
229 14 1.0000000000 1.0000000000e-02 1.0402789741e-12 1
230 14 0.8000000000 1.0000000000e-02 0.0000000000e+00 1
231 14 0.6000000000 1.0000000000e-02 0.0000000000e+00 1
232 14 0.4000000000 1.0000000000e-02 0.0000000000e+00 1
233 14 0.2000000000 1.0000000000e-02 0.0000000000e+00 1
234 13 1.0000000000 1.0000000000e-02 9.7089003503e-13 1
235 13 0.8000000000 1.0000000000e-02 0.0000000000e+00 1
236 13 0.6000000000 1.0000000000e-02 0.0000000000e+00 1
237 13 0.4000000000 1.0000000000e-02 0.0000000000e+00 1
238 13 0.2000000000 1.0000000000e-02 0.0000000000e+00 1
239 12 1.0000000000 1.0000000000e-02 9.0155660715e-13 1
240 12 0.8000000000 1.0000000000e-02 0.0000000000e+00 1
241 12 0.6000000000 1.0000000000e-02 0.0000000000e+00 1
242 12 0.4000000000 1.0000000000e-02 0.0000000000e+00 1
243 12 0.2000000000 1.0000000000e-02 0.0000000000e+00 1
244 11 1.0000000000 1.0000000000e-02 8.3216766811e-13 1
245 11 0.8000000000 1.0000000000e-02 0.0000000000e+00 1
246 11 0.6000000000 1.0000000000e-02 0.0000000000e+00 1
247 11 0.4000000000 1.0000000000e-02 0.0000000000e+00 1
248 11 0.2000000000 1.0000000000e-02 0.0000000000e+00 1
249 10 1.0000000000 1.0000000000e-02 7.6283424022e-13 1
250 10 0.8000000000 1.0000000000e-02 0.0000000000e+00 1
251 10 0.6000000000 1.0000000000e-02 0.0000000000e+00 1
252 10 0.4000000000 1.0000000000e-02 0.0000000000e+00 1
253 10 0.2000000000 1.0000000000e-02 0.0000000000e+00 1
254 9 1.0000000000 1.0000000000e-02 6.9344530118e-13 1
255 9 0.8000000000 1.0000000000e-02 0.0000000000e+00 1
256 9 0.6000000000 1.0000000000e-02 0.0000000000e+00 1
257 9 0.4000000000 1.0000000000e-02 0.0000000000e+00 1
258 9 0.2000000000 1.0000000000e-02 0.0000000000e+00 1
259 8 1.0000000000 1.0000000000e-02 6.2416738444e-13 1
260 8 0.8000000000 1.0000000000e-02 0.0000000000e+00 1
261 8 0.6000000000 1.0000000000e-02 0.0000000000e+00 1
262 8 0.4000000000 1.0000000000e-02 0.0000000000e+00 1
263 8 0.2000000000 1.0000000000e-02 0.0000000000e+00 1
264 7 1.0000000000 1.0000000000e-02 5.5483395656e-13 1
265 7 0.8000000000 1.0000000000e-02 0.0000000000e+00 1
266 7 0.6000000000 1.0000000000e-02 0.0000000000e+00 1
267 7 0.4000000000 1.0000000000e-02 0.0000000000e+00 1
268 7 0.2000000000 1.0000000000e-02 0.0000000000e+00 1
269 6 1.0000000000 1.0000000000e-02 4.8544501752e-13 1
270 6 0.8000000000 1.0000000000e-02 0.0000000000e+00 1
271 6 0.6000000000 1.0000000000e-02 0.0000000000e+00 1
272 6 0.4000000000 1.0000000000e-02 0.0000000000e+00 1
273 6 0.2000000000 1.0000000000e-02 0.0000000000e+00 1
274 5 1.0000000000 1.0000000000e-02 4.1611158963e-13 1
275 5 0.8000000000 1.0000000000e-02 0.0000000000e+00 1
276 5 0.6000000000 1.0000000000e-02 0.0000000000e+00 1
277 5 0.4000000000 1.0000000000e-02 0.0000000000e+00 1
278 5 0.2000000000 1.0000000000e-02 0.0000000000e+00 1
279 4 1.0000000000 1.0000000000e-02 3.4672265059e-13 1
280 4 0.8000000000 1.0000000000e-02 0.0000000000e+00 1
281 4 0.6000000000 1.0000000000e-02 0.0000000000e+00 1
282 4 0.4000000000 1.0000000000e-02 0.0000000000e+00 1
283 4 0.2000000000 1.0000000000e-02 0.0000000000e+00 1
284 3 1.0000000000 1.0000000000e-02 2.7744473385e-13 1
285 3 0.8000000000 1.0000000000e-02 0.0000000000e+00 1
286 3 0.6000000000 1.0000000000e-02 0.0000000000e+00 1
287 3 0.4000000000 1.0000000000e-02 0.0000000000e+00 1
288 3 0.2000000000 1.0000000000e-02 0.0000000000e+00 1
289 2 1.0000000000 1.0000000000e-02 2.0800028366e-13 1
290 2 0.8000000000 1.0000000000e-02 0.0000000000e+00 1
291 2 0.6000000000 1.0000000000e-02 0.0000000000e+00 1
292 2 0.4000000000 1.0000000000e-02 0.0000000000e+00 1
293 2 0.2000000000 1.0000000000e-02 0.0000000000e+00 1
294 1 1.0000000000 1.0000000000e-02 1.3872236693e-13 1
295 1 0.8000000000 1.0000000000e-02 0.0000000000e+00 1
296 1 0.6000000000 1.0000000000e-02 0.0000000000e+00 1
297 1 0.4000000000 1.0000000000e-02 0.0000000000e+00 1
298 1 0.2000000000 1.0000000000e-02 0.0000000000e+00 1
299 0 1.0000000000 1.0000000000e-02 6.9277916737e-14 1
300 0 0.8000000000 1.0000000000e-02 0.0000000000e+00 1
301 0 0.6000000000 1.0000000000e-02 0.0000000000e+00 1
302 0 0.4000000000 1.0000000000e-02 0.0000000000e+00 1
303 0 0.2000000000 1.0000000000e-02 0.0000000000e+00 1
304 0 0.0000000000 1.0000000000e-02 0.0000000000e+00 1
305 0 0.0000000000 5.0000000000e-03 0.0000000000e+00 1
306 0 0.0000000000 2.5418903093e-14 0.0000000000e+00 1
307 0 0.0000000000 -5.0000000000e-03 0.0000000000e+00 1
308 0 0.0000000000 -1.0000000000e-02 0.0000000000e+00 1
309 0 0.2000000000 -1.0000000000e-02 0.0000000000e+00 1
310 0 0.4000000000 -1.0000000000e-02 0.0000000000e+00 1
311 0 0.6000000000 -1.0000000000e-02 0.0000000000e+00 1
312 0 0.8000000000 -1.0000000000e-02 0.0000000000e+00 1
313 0 1.0000000000 -1.0000000000e-02 0.0000000000e+00 1
314 1 0.2000000000 -1.0000000000e-02 0.0000000000e+00 1
315 1 0.4000000000 -1.0000000000e-02 0.0000000000e+00 1
316 1 0.6000000000 -1.0000000000e-02 0.0000000000e+00 1
317 1 0.8000000000 -1.0000000000e-02 0.0000000000e+00 1
318 1 1.0000000000 -1.0000000000e-02 0.0000000000e+00 1
319 2 0.2000000000 -1.0000000000e-02 0.0000000000e+00 1
320 2 0.4000000000 -1.0000000000e-02 0.0000000000e+00 1
321 2 0.6000000000 -1.0000000000e-02 0.0000000000e+00 1
322 2 0.8000000000 -1.0000000000e-02 0.0000000000e+00 1
323 2 1.0000000000 -1.0000000000e-02 0.0000000000e+00 1
324 3 0.2000000000 -1.0000000000e-02 0.0000000000e+00 1
325 3 0.4000000000 -1.0000000000e-02 0.0000000000e+00 1
326 3 0.6000000000 -1.0000000000e-02 0.0000000000e+00 1
327 3 0.8000000000 -1.0000000000e-02 0.0000000000e+00 1
328 3 1.0000000000 -1.0000000000e-02 0.0000000000e+00 1
329 4 0.2000000000 -1.0000000000e-02 0.0000000000e+00 1
330 4 0.4000000000 -1.0000000000e-02 0.0000000000e+00 1
331 4 0.6000000000 -1.0000000000e-02 0.0000000000e+00 1
332 4 0.8000000000 -1.0000000000e-02 0.0000000000e+00 1
333 4 1.0000000000 -1.0000000000e-02 0.0000000000e+00 1
334 5 0.2000000000 -1.0000000000e-02 0.0000000000e+00 1
335 5 0.4000000000 -1.0000000000e-02 0.0000000000e+00 1
336 5 0.6000000000 -1.0000000000e-02 0.0000000000e+00 1
337 5 0.8000000000 -1.0000000000e-02 0.0000000000e+00 1
338 5 1.0000000000 -1.0000000000e-02 0.0000000000e+00 1
339 6 0.2000000000 -1.0000000000e-02 0.0000000000e+00 1
340 6 0.4000000000 -1.0000000000e-02 0.0000000000e+00 1
341 6 0.6000000000 -1.0000000000e-02 0.0000000000e+00 1
342 6 0.8000000000 -1.0000000000e-02 0.0000000000e+00 1
343 6 1.0000000000 -1.0000000000e-02 0.0000000000e+00 1
344 7 0.2000000000 -1.0000000000e-02 0.0000000000e+00 1
345 7 0.4000000000 -1.0000000000e-02 0.0000000000e+00 1
346 7 0.6000000000 -1.0000000000e-02 0.0000000000e+00 1
347 7 0.8000000000 -1.0000000000e-02 0.0000000000e+00 1
348 7 1.0000000000 -1.0000000000e-02 0.0000000000e+00 1
349 8 0.2000000000 -1.0000000000e-02 0.0000000000e+00 1
350 8 0.4000000000 -1.0000000000e-02 0.0000000000e+00 1
351 8 0.6000000000 -1.0000000000e-02 0.0000000000e+00 1
352 8 0.8000000000 -1.0000000000e-02 0.0000000000e+00 1
353 8 1.0000000000 -1.0000000000e-02 0.0000000000e+00 1
354 9 0.2000000000 -1.0000000000e-02 0.0000000000e+00 1
355 9 0.4000000000 -1.0000000000e-02 0.0000000000e+00 1
356 9 0.6000000000 -1.0000000000e-02 0.0000000000e+00 1
357 9 0.8000000000 -1.0000000000e-02 0.0000000000e+00 1
358 9 1.0000000000 -1.0000000000e-02 0.0000000000e+00 1
359 10 0.2000000000 -1.0000000000e-02 0.0000000000e+00 1
360 10 0.4000000000 -1.0000000000e-02 0.0000000000e+00 1
361 10 0.6000000000 -1.0000000000e-02 0.0000000000e+00 1
362 10 0.8000000000 -1.0000000000e-02 0.0000000000e+00 1
363 10 1.0000000000 -1.0000000000e-02 0.0000000000e+00 1
364 11 0.2000000000 -1.0000000000e-02 0.0000000000e+00 1
365 11 0.4000000000 -1.0000000000e-02 0.0000000000e+00 1
366 11 0.6000000000 -1.0000000000e-02 0.0000000000e+00 1
367 11 0.8000000000 -1.0000000000e-02 0.0000000000e+00 1
368 11 1.0000000000 -1.0000000000e-02 0.0000000000e+00 1
369 12 0.2000000000 -1.0000000000e-02 0.0000000000e+00 1
370 12 0.4000000000 -1.0000000000e-02 0.0000000000e+00 1
371 12 0.6000000000 -1.0000000000e-02 0.0000000000e+00 1
372 12 0.8000000000 -1.0000000000e-02 0.0000000000e+00 1
373 12 1.0000000000 -1.0000000000e-02 0.0000000000e+00 1
374 13 0.2000000000 -1.0000000000e-02 0.0000000000e+00 1
375 13 0.4000000000 -1.0000000000e-02 0.0000000000e+00 1
376 13 0.6000000000 -1.0000000000e-02 0.0000000000e+00 1
377 13 0.8000000000 -1.0000000000e-02 0.0000000000e+00 1
378 13 1.0000000000 -1.0000000000e-02 0.0000000000e+00 1
379 14 0.2000000000 -1.0000000000e-02 0.0000000000e+00 1
380 14 0.4000000000 -1.0000000000e-02 0.0000000000e+00 1
381 14 0.6000000000 -1.0000000000e-02 0.0000000000e+00 1
382 14 0.8000000000 -1.0000000000e-02 0.0000000000e+00 1
383 14 1.0000000000 -1.0000000000e-02 0.0000000000e+00 1
384 15 0.2000000000 -1.0000000000e-02 0.0000000000e+00 1
385 15 0.4000000000 -1.0000000000e-02 0.0000000000e+00 1
386 15 0.6000000000 -1.0000000000e-02 0.0000000000e+00 1
387 15 0.8000000000 -1.0000000000e-02 0.0000000000e+00 1
388 15 1.0000000000 -1.0000000000e-02 0.0000000000e+00 1
389 16 0.2000000000 -1.0000000000e-02 0.0000000000e+00 1
390 16 0.4000000000 -1.0000000000e-02 0.0000000000e+00 1
391 16 0.6000000000 -1.0000000000e-02 0.0000000000e+00 1
392 16 0.8000000000 -1.0000000000e-02 0.0000000000e+00 1
393 16 1.0000000000 -1.0000000000e-02 0.0000000000e+00 1
394 17 0.2000000000 -1.0000000000e-02 0.0000000000e+00 1
395 17 0.4000000000 -1.0000000000e-02 0.0000000000e+00 1
396 17 0.6000000000 -1.0000000000e-02 0.0000000000e+00 1
397 17 0.8000000000 -1.0000000000e-02 0.0000000000e+00 1
398 17 1.0000000000 -1.0000000000e-02 0.0000000000e+00 1
399 18 0.1999999999 -1.0000000000e-02 0.0000000000e+00 1
400 18 0.3999999999 -1.0000000000e-02 0.0000000000e+00 1
401 18 0.5999999999 -1.0000000000e-02 0.0000000000e+00 1
402 18 0.7999999999 -1.0000000000e-02 0.0000000000e+00 1
403 18 0.9999999999 -1.0000000000e-02 0.0000000000e+00 1
404 19 0.1999999999 -1.0000000000e-02 0.0000000000e+00 1
405 19 0.3999999999 -1.0000000000e-02 0.0000000000e+00 1
406 19 0.5999999999 -1.0000000000e-02 -1.7347234760e-18 1
407 19 0.7999999999 -1.0000000000e-02 0.0000000000e+00 1
408 19 0.9999999999 -1.0000000000e-02 0.0000000000e+00 1

# SECTION SPARTA_LINE_TOPOLOGY
# sparta_elem  sparta_node1  sparta_node2
1 1 2
2 2 3
3 3 4
4 4 5
5 5 6
6 6 7
7 7 8
8 8 9
9 9 10
10 10 11
11 11 12
12 12 13
13 13 14
14 14 15
15 15 16
16 16 17
17 17 18
18 18 19
19 19 20
20 20 21
21 21 22
22 22 23
23 23 24
24 24 25
25 25 26
26 26 27
27 27 28
28 28 29
29 29 30
30 30 31
31 31 32
32 32 33
33 33 34
34 34 35
35 35 36
36 36 37
37 37 38
38 38 39
39 39 40
40 40 41
41 41 42
42 42 43
43 43 44
44 44 45
45 45 46
46 46 47
47 47 48
48 48 49
49 49 50
50 50 51
51 51 52
52 52 53
53 53 54
54 54 55
55 55 56
56 56 57
57 57 58
58 58 59
59 59 60
60 60 61
61 61 62
62 62 63
63 63 64
64 64 65
65 65 66
66 66 67
67 67 68
68 68 69
69 69 70
70 70 71
71 71 72
72 72 73
73 73 74
74 74 75
75 75 76
76 76 77
77 77 78
78 78 79
79 79 80
80 80 81
81 81 82
82 82 83
83 83 84
84 84 85
85 85 86
86 86 87
87 87 88
88 88 89
89 89 90
90 90 91
91 91 92
92 92 93
93 93 94
94 94 95
95 95 96
96 96 97
97 97 98
98 98 99
99 99 100
100 100 101
101 101 102
102 102 103
103 103 104
104 104 105
105 105 106
106 106 107
107 107 108
108 108 109
109 109 110
110 110 111
111 111 112
112 112 113
113 113 114
114 114 115
115 115 116
116 116 117
117 117 118
118 118 119
119 119 120
120 120 121
121 121 122
122 122 123
123 123 124
124 124 125
125 125 126
126 126 127
127 127 128
128 128 129
129 129 130
130 130 131
131 131 132
132 132 133
133 133 134
134 134 135
135 135 136
136 136 137
137 137 138
138 138 139
139 139 140
140 140 141
141 141 142
142 142 143
143 143 144
144 144 145
145 145 146
146 146 147
147 147 148
148 148 149
149 149 150
150 150 151
151 151 152
152 152 153
153 153 154
154 154 155
155 155 156
156 156 157
157 157 158
158 158 159
159 159 160
160 160 161
161 161 162
162 162 163
163 163 164
164 164 165
165 165 166
166 166 167
167 167 168
168 168 169
169 169 170
170 170 171
171 171 172
172 172 173
173 173 174
174 174 175
175 175 176
176 176 177
177 177 178
178 178 179
179 179 180
180 180 181
181 181 182
182 182 183
183 183 184
184 184 185
185 185 186
186 186 187
187 187 188
188 188 189
189 189 190
190 190 191
191 191 192
192 192 193
193 193 194
194 194 195
195 195 196
196 196 197
197 197 198
198 198 199
199 199 200
200 200 201
201 201 202
202 202 203
203 203 204
204 204 205
205 205 206
206 206 207
207 207 208
208 208 209
209 209 210
210 210 211
211 211 212
212 212 213
213 213 214
214 214 215
215 215 216
216 216 217
217 217 218
218 218 219
219 219 220
220 220 221
221 221 222
222 222 223
223 223 224
224 224 225
225 225 226
226 226 227
227 227 228
228 228 229
229 229 230
230 230 231
231 231 232
232 232 233
233 233 234
234 234 235
235 235 236
236 236 237
237 237 238
238 238 239
239 239 240
240 240 241
241 241 242
242 242 243
243 243 244
244 244 245
245 245 246
246 246 247
247 247 248
248 248 249
249 249 250
250 250 251
251 251 252
252 252 253
253 253 254
254 254 255
255 255 256
256 256 257
257 257 258
258 258 259
259 259 260
260 260 261
261 261 262
262 262 263
263 263 264
264 264 265
265 265 266
266 266 267
267 267 268
268 268 269
269 269 270
270 270 271
271 271 272
272 272 273
273 273 274
274 274 275
275 275 276
276 276 277
277 277 278
278 278 279
279 279 280
280 280 281
281 281 282
282 282 283
283 283 284
284 284 285
285 285 286
286 286 287
287 287 288
288 288 289
289 289 290
290 290 291
291 291 292
292 292 293
293 293 294
294 294 295
295 295 296
296 296 297
297 297 298
298 298 299
299 299 300
300 300 301
301 301 302
302 302 303
303 303 304
304 304 305
305 305 306
306 306 307
307 307 308
308 308 309
309 309 310
310 310 311
311 311 312
312 312 313
313 313 314
314 314 315
315 315 316
316 316 317
317 317 318
318 318 319
319 319 320
320 320 321
321 321 322
322 322 323
323 323 324
324 324 325
325 325 326
326 326 327
327 327 328
328 328 329
329 329 330
330 330 331
331 331 332
332 332 333
333 333 334
334 334 335
335 335 336
336 336 337
337 337 338
338 338 339
339 339 340
340 340 341
341 341 342
342 342 343
343 343 344
344 344 345
345 345 346
346 346 347
347 347 348
348 348 349
349 349 350
350 350 351
351 351 352
352 352 353
353 353 354
354 354 355
355 355 356
356 356 357
357 357 358
358 358 359
359 359 360
360 360 361
361 361 362
362 362 363
363 363 364
364 364 365
365 365 366
366 366 367
367 367 368
368 368 369
369 369 370
370 370 371
371 371 372
372 372 373
373 373 374
374 374 375
375 375 376
376 376 377
377 377 378
378 378 379
379 379 380
380 380 381
381 381 382
382 382 383
383 383 384
384 384 385
385 385 386
386 386 387
387 387 388
388 388 389
389 389 390
390 390 391
391 391 392
392 392 393
393 393 394
394 394 395
395 395 396
396 396 397
397 397 398
398 398 399
399 399 400
400 400 401
401 401 402
402 402 403
403 403 404
404 404 405
405 405 406
406 406 407
407 407 408
408 408 1

# SECTION NODE_ADJACENT_ELEMENTS
# sparta_node_id  sparta_elem_prev  sparta_elem_next
1 408 1
2 1 2
3 2 3
4 3 4
5 4 5
6 5 6
7 6 7
8 7 8
9 8 9
10 9 10
11 10 11
12 11 12
13 12 13
14 13 14
15 14 15
16 15 16
17 16 17
18 17 18
19 18 19
20 19 20
21 20 21
22 21 22
23 22 23
24 23 24
25 24 25
26 25 26
27 26 27
28 27 28
29 28 29
30 29 30
31 30 31
32 31 32
33 32 33
34 33 34
35 34 35
36 35 36
37 36 37
38 37 38
39 38 39
40 39 40
41 40 41
42 41 42
43 42 43
44 43 44
45 44 45
46 45 46
47 46 47
48 47 48
49 48 49
50 49 50
51 50 51
52 51 52
53 52 53
54 53 54
55 54 55
56 55 56
57 56 57
58 57 58
59 58 59
60 59 60
61 60 61
62 61 62
63 62 63
64 63 64
65 64 65
66 65 66
67 66 67
68 67 68
69 68 69
70 69 70
71 70 71
72 71 72
73 72 73
74 73 74
75 74 75
76 75 76
77 76 77
78 77 78
79 78 79
80 79 80
81 80 81
82 81 82
83 82 83
84 83 84
85 84 85
86 85 86
87 86 87
88 87 88
89 88 89
90 89 90
91 90 91
92 91 92
93 92 93
94 93 94
95 94 95
96 95 96
97 96 97
98 97 98
99 98 99
100 99 100
101 100 101
102 101 102
103 102 103
104 103 104
105 104 105
106 105 106
107 106 107
108 107 108
109 108 109
110 109 110
111 110 111
112 111 112
113 112 113
114 113 114
115 114 115
116 115 116
117 116 117
118 117 118
119 118 119
120 119 120
121 120 121
122 121 122
123 122 123
124 123 124
125 124 125
126 125 126
127 126 127
128 127 128
129 128 129
130 129 130
131 130 131
132 131 132
133 132 133
134 133 134
135 134 135
136 135 136
137 136 137
138 137 138
139 138 139
140 139 140
141 140 141
142 141 142
143 142 143
144 143 144
145 144 145
146 145 146
147 146 147
148 147 148
149 148 149
150 149 150
151 150 151
152 151 152
153 152 153
154 153 154
155 154 155
156 155 156
157 156 157
158 157 158
159 158 159
160 159 160
161 160 161
162 161 162
163 162 163
164 163 164
165 164 165
166 165 166
167 166 167
168 167 168
169 168 169
170 169 170
171 170 171
172 171 172
173 172 173
174 173 174
175 174 175
176 175 176
177 176 177
178 177 178
179 178 179
180 179 180
181 180 181
182 181 182
183 182 183
184 183 184
185 184 185
186 185 186
187 186 187
188 187 188
189 188 189
190 189 190
191 190 191
192 191 192
193 192 193
194 193 194
195 194 195
196 195 196
197 196 197
198 197 198
199 198 199
200 199 200
201 200 201
202 201 202
203 202 203
204 203 204
205 204 205
206 205 206
207 206 207
208 207 208
209 208 209
210 209 210
211 210 211
212 211 212
213 212 213
214 213 214
215 214 215
216 215 216
217 216 217
218 217 218
219 218 219
220 219 220
221 220 221
222 221 222
223 222 223
224 223 224
225 224 225
226 225 226
227 226 227
228 227 228
229 228 229
230 229 230
231 230 231
232 231 232
233 232 233
234 233 234
235 234 235
236 235 236
237 236 237
238 237 238
239 238 239
240 239 240
241 240 241
242 241 242
243 242 243
244 243 244
245 244 245
246 245 246
247 246 247
248 247 248
249 248 249
250 249 250
251 250 251
252 251 252
253 252 253
254 253 254
255 254 255
256 255 256
257 256 257
258 257 258
259 258 259
260 259 260
261 260 261
262 261 262
263 262 263
264 263 264
265 264 265
266 265 266
267 266 267
268 267 268
269 268 269
270 269 270
271 270 271
272 271 272
273 272 273
274 273 274
275 274 275
276 275 276
277 276 277
278 277 278
279 278 279
280 279 280
281 280 281
282 281 282
283 282 283
284 283 284
285 284 285
286 285 286
287 286 287
288 287 288
289 288 289
290 289 290
291 290 291
292 291 292
293 292 293
294 293 294
295 294 295
296 295 296
297 296 297
298 297 298
299 298 299
300 299 300
301 300 301
302 301 302
303 302 303
304 303 304
305 304 305
306 305 306
307 306 307
308 307 308
309 308 309
310 309 310
311 310 311
312 311 312
313 312 313
314 313 314
315 314 315
316 315 316
317 316 317
318 317 318
319 318 319
320 319 320
321 320 321
322 321 322
323 322 323
324 323 324
325 324 325
326 325 326
327 326 327
328 327 328
329 328 329
330 329 330
331 330 331
332 331 332
333 332 333
334 333 334
335 334 335
336 335 336
337 336 337
338 337 338
339 338 339
340 339 340
341 340 341
342 341 342
343 342 343
344 343 344
345 344 345
346 345 346
347 346 347
348 347 348
349 348 349
350 349 350
351 350 351
352 351 352
353 352 353
354 353 354
355 354 355
356 355 356
357 356 357
358 357 358
359 358 359
360 359 360
361 360 361
362 361 362
363 362 363
364 363 364
365 364 365
366 365 366
367 366 367
368 367 368
369 368 369
370 369 370
371 370 371
372 371 372
373 372 373
374 373 374
375 374 375
376 375 376
377 376 377
378 377 378
379 378 379
380 379 380
381 380 381
382 381 382
383 382 383
384 383 384
385 384 385
386 385 386
387 386 387
388 387 388
389 388 389
390 389 390
391 390 391
392 391 392
393 392 393
394 393 394
395 394 395
396 395 396
397 396 397
398 397 398
399 398 399
400 399 400
401 400 401
402 401 402
403 402 403
404 403 404
405 404 405
406 405 406
407 406 407
408 407 408
