NODE
1 0.0 -0.5 0.0
2 0.0 -0.475 0.0
3 0.0 -0.45 0.0
4 0.0 -0.425 0.0
5 0.0 -0.4 0.0
6 0.0 -0.375 0.0
7 0.0 -0.35 0.0
8 0.0 -0.325 0.0
9 0.0 -0.3 0.0
10 0.0 -0.275 0.0
11 0.0 -0.25 0.0
12 0.0 -0.22499999999999998 0.0
13 0.0 -0.2 0.0
14 0.0 -0.175 0.0
15 0.0 -0.15000000000000002 0.0
16 0.0 -0.125 0.0
17 0.0 -0.09999999999999998 0.0
18 0.0 -0.07500000000000001 0.0
19 0.0 -0.04999999999999999 0.0
20 0.0 -0.025000000000000022 0.0
21 0.0 0.0 0.0
22 0.0 0.025000000000000022 0.0
23 0.0 0.050000000000000044 0.0
24 0.0 0.07499999999999996 0.0
25 0.0 0.09999999999999998 0.0
26 0.0 0.125 0.0
27 0.0 0.15000000000000002 0.0
28 0.0 0.17500000000000004 0.0
29 0.0 0.19999999999999996 0.0
30 0.0 0.22499999999999998 0.0
31 0.0 0.25 0.0
32 0.0 0.275 0.0
33 0.0 0.30000000000000004 0.0
34 0.0 0.32499999999999996 0.0
35 0.0 0.35 0.0
36 0.0 0.375 0.0
37 0.0 0.4 0.0
38 0.0 0.42500000000000004 0.0
39 0.0 0.44999999999999996 0.0
40 0.0 0.475 0.0
41 0.0 0.5 0.0
*
TOPO
1 6 1 2
2 6 2 3
3 6 3 4
4 6 4 5
5 6 5 6
6 6 6 7
7 6 7 8
8 6 8 9
9 6 9 10
10 6 10 11
11 6 11 12
12 6 12 13
13 6 13 14
14 6 14 15
15 6 15 16
16 6 16 17
17 6 17 18
18 6 18 19
19 6 19 20
20 6 20 21
21 6 21 22
22 6 22 23
23 6 23 24
24 6 24 25
25 6 25 26
26 6 26 27
27 6 27 28
28 6 28 29
29 6 29 30
30 6 30 31
31 6 31 32
32 6 32 33
33 6 33 34
34 6 34 35
35 6 35 36
36 6 36 37
37 6 37 38
38 6 38 39
39 6 39 40
40 6 40 41
*
ATTR
1 40 1
*
MATERIAL
1 0.02 618000.0 0.0 0.0058 0.0 0.0 0.0 0.0 0.0 0.0 0.0 1e-09 1e-09 6.666666666666668e-07 0.0 0.0 0.0 0.0
*
EFRAMES
1 0 0 0 -1.0 0.0 0.0 0 0 0
2 0 0 0 -1.0 0.0 0.0 0 0 0
3 0 0 0 -1.0 0.0 0.0 0 0 0
4 0 0 0 -1.0 0.0 0.0 0 0 0
5 0 0 0 -1.0 0.0 0.0 0 0 0
6 0 0 0 -1.0 0.0 0.0 0 0 0
7 0 0 0 -1.0 0.0 0.0 0 0 0
8 0 0 0 -1.0 0.0 0.0 0 0 0
9 0 0 0 -1.0 0.0 0.0 0 0 0
10 0 0 0 -1.0 0.0 0.0 0 0 0
11 0 0 0 -1.0 0.0 0.0 0 0 0
12 0 0 0 -1.0 0.0 0.0 0 0 0
13 0 0 0 -1.0 0.0 0.0 0 0 0
14 0 0 0 -1.0 0.0 0.0 0 0 0
15 0 0 0 -1.0 0.0 0.0 0 0 0
16 0 0 0 -1.0 0.0 0.0 0 0 0
17 0 0 0 -1.0 0.0 0.0 0 0 0
18 0 0 0 -1.0 0.0 0.0 0 0 0
19 0 0 0 -1.0 0.0 0.0 0 0 0
20 0 0 0 -1.0 0.0 0.0 0 0 0
21 0 0 0 -1.0 0.0 0.0 0 0 0
22 0 0 0 -1.0 0.0 0.0 0 0 0
23 0 0 0 -1.0 0.0 0.0 0 0 0
24 0 0 0 -1.0 0.0 0.0 0 0 0
25 0 0 0 -1.0 0.0 0.0 0 0 0
26 0 0 0 -1.0 0.0 0.0 0 0 0
27 0 0 0 -1.0 0.0 0.0 0 0 0
28 0 0 0 -1.0 0.0 0.0 0 0 0
29 0 0 0 -1.0 0.0 0.0 0 0 0
30 0 0 0 -1.0 0.0 0.0 0 0 0
31 0 0 0 -1.0 0.0 0.0 0 0 0
32 0 0 0 -1.0 0.0 0.0 0 0 0
33 0 0 0 -1.0 0.0 0.0 0 0 0
34 0 0 0 -1.0 0.0 0.0 0 0 0
35 0 0 0 -1.0 0.0 0.0 0 0 0
36 0 0 0 -1.0 0.0 0.0 0 0 0
37 0 0 0 -1.0 0.0 0.0 0 0 0
38 0 0 0 -1.0 0.0 0.0 0 0 0
39 0 0 0 -1.0 0.0 0.0 0 0 0
40 0 0 0 -1.0 0.0 0.0 0 0 0
*
ITEMPERATURES
1 300.0
2 300.0
3 300.0
4 300.0
5 300.0
6 300.0
7 300.0
8 300.0
9 300.0
10 300.0
11 300.0
12 300.0
13 300.0
14 300.0
15 300.0
16 300.0
17 300.0
18 300.0
19 300.0
20 300.0
21 300.0
22 300.0
23 300.0
24 300.0
25 300.0
26 300.0
27 300.0
28 300.0
29 300.0
30 300.0
31 300.0
32 300.0
33 300.0
34 300.0
35 300.0
36 300.0
37 300.0
38 300.0
39 300.0
40 300.0
41 300.0
*
DISP
1 1 0
1 2 0
1 3 0
1 4 0
1 5 0
1 6 0
2 3 0
2 4 0
2 5 0
3 3 0
3 4 0
3 5 0
4 3 0
4 4 0
4 5 0
5 3 0
5 4 0
5 5 0
6 3 0
6 4 0
6 5 0
7 3 0
7 4 0
7 5 0
8 3 0
8 4 0
8 5 0
9 3 0
9 4 0
9 5 0
10 3 0
10 4 0
10 5 0
11 3 0
11 4 0
11 5 0
12 3 0
12 4 0
12 5 0
13 3 0
13 4 0
13 5 0
14 3 0
14 4 0
14 5 0
15 3 0
15 4 0
15 5 0
16 3 0
16 4 0
16 5 0
17 3 0
17 4 0
17 5 0
18 3 0
18 4 0
18 5 0
19 3 0
19 4 0
19 5 0
20 3 0
20 4 0
20 5 0
21 3 0
21 4 0
21 5 0
22 3 0
22 4 0
22 5 0
23 3 0
23 4 0
23 5 0
24 3 0
24 4 0
24 5 0
25 3 0
25 4 0
25 5 0
26 3 0
26 4 0
26 5 0
27 3 0
27 4 0
27 5 0
28 3 0
28 4 0
28 5 0
29 3 0
29 4 0
29 5 0
30 3 0
30 4 0
30 5 0
31 3 0
31 4 0
31 5 0
32 3 0
32 4 0
32 5 0
33 3 0
33 4 0
33 5 0
34 3 0
34 4 0
34 5 0
35 3 0
35 4 0
35 5 0
36 3 0
36 4 0
36 5 0
37 3 0
37 4 0
37 5 0
38 3 0
38 4 0
38 5 0
39 3 0
39 4 0
39 5 0
40 3 0
40 4 0
40 5 0
41 3 0
41 4 0
41 5 0
