shape_56

180 points
180 lines

Points

1 -2.769813111252292e-03 -4.331476364262182e-03
2 -2.781370379387595e-03 -4.398975939036845e-03
3 -2.785199152318453e-03 -4.453957726516342e-03
4 -2.781570978019267e-03 -4.496816104871538e-03
5 -2.770757404464438e-03 -4.527945452273300e-03
6 -2.753029979628367e-03 -4.547740146892495e-03
7 -2.728660251485454e-03 -4.556594566899986e-03
8 -2.697919768010103e-03 -4.554903090466644e-03
9 -2.661080077176713e-03 -4.543060095763330e-03
10 -2.618412726959687e-03 -4.521459960960917e-03
11 -2.570189265333425e-03 -4.490497064230268e-03
12 -2.516681240272329e-03 -4.450565783742246e-03
13 -2.458160199750799e-03 -4.402060497667720e-03
14 -2.394897691743238e-03 -4.345375584177556e-03
15 -2.327165264224045e-03 -4.280905421442623e-03
16 -2.255234465167623e-03 -4.209044387633782e-03
17 -2.179376842548374e-03 -4.130186860921906e-03
18 -2.099863944340697e-03 -4.044727219477854e-03
19 -2.016967318518996e-03 -3.953059841472499e-03
20 -1.930958513057670e-03 -3.855579105076703e-03
21 -1.842109075931120e-03 -3.752679388461333e-03
22 -1.750690555113749e-03 -3.644755069797256e-03
23 -1.656974498579956e-03 -3.532200527255337e-03
24 -1.561232454304144e-03 -3.415410139006443e-03
25 -1.463735970260715e-03 -3.294778283221442e-03
26 -1.364756594424068e-03 -3.170699338071197e-03
27 -1.264565874768605e-03 -3.043567681726578e-03
28 -1.163435359268728e-03 -2.913777692358448e-03
29 -1.061636595898838e-03 -2.781723748137674e-03
30 -9.594411326333366e-04 -2.647800227235125e-03
31 -8.571205174466241e-04 -2.512401507821665e-03
32 -7.549462983131018e-04 -2.375921968068159e-03
33 -6.531900232071718e-04 -2.238755986145475e-03
34 -5.521232401032347e-04 -2.101297940224480e-03
35 -4.520174969756914e-04 -1.963942208476038e-03
36 -3.531443417989443e-04 -1.827083169071017e-03
37 -2.557753225473944e-04 -1.691115200180284e-03
38 -1.601819871954419e-04 -1.556432679974704e-03
39 -6.663588371748884e-05 -1.423429986625142e-03
40 2.459143991206371e-05 -1.292501498302467e-03
41 1.132284357188144e-04 -1.164041593177544e-03
42 1.990035557283621e-04 -1.038444649421238e-03
43 2.816452519663049e-04 -9.161050452044184e-04
44 3.608819764582428e-04 -7.974171586979487e-04
45 4.364421812297737e-04 -6.827753680726961e-04
46 5.080543183064967e-04 -5.725740514995270e-04
47 5.754468397140103e-04 -4.672075871493074e-04
48 6.383481974779134e-04 -3.670703531929042e-04
49 6.964868436238043e-04 -2.725567278011837e-04
50 7.495912301772825e-04 -1.840610891450111e-04
51 7.973898091639466e-04 -1.019778153952534e-04
52 8.374905126403379e-04 -2.986549728805566e-05
53 8.772143381330722e-04 4.554575057416102e-05
54 9.165513825992939e-04 1.240973872835437e-04
55 9.554917429961479e-04 2.056308719322384e-04
56 9.940255162807796e-04 2.899876636123917e-04
57 1.032142799410334e-03 3.770092214161497e-04
58 1.069833689341956e-03 4.665370044356595e-04
59 1.107088283032790e-03 5.584124717630670e-04
60 1.143896677439982e-03 6.524770824905190e-04
61 1.180248969520676e-03 7.485722957101617e-04
62 1.216135256232017e-03 8.465395705141416e-04
63 1.251545634531151e-03 9.462203659946051e-04
64 1.286470201375222e-03 1.047456141243699e-03
65 1.320899053721375e-03 1.150088355353569e-03
66 1.354822288526756e-03 1.253958467416362e-03
67 1.388230002748508e-03 1.358907936524225e-03
68 1.421112293343778e-03 1.464778221769303e-03
69 1.453459257269710e-03 1.571410782243744e-03
70 1.485260991483449e-03 1.678647077039694e-03
71 1.516507592942141e-03 1.786328565249299e-03
72 1.547189158602929e-03 1.894296705964705e-03
73 1.577295785422960e-03 2.002392958278061e-03
74 1.606817570359377e-03 2.110458781281509e-03
75 1.635744610369327e-03 2.218335634067200e-03
76 1.664067002409954e-03 2.325864975727278e-03
77 1.691774843438401e-03 2.432888265353889e-03
78 1.718858230411817e-03 2.539246962039181e-03
79 1.745307260287344e-03 2.644782524875300e-03
80 1.771112030022129e-03 2.749336412954392e-03
81 1.796262636573314e-03 2.852750085368603e-03
82 1.820749176898047e-03 2.954865001210081e-03
83 1.844561747953472e-03 3.055522619570972e-03
84 1.867690446696733e-03 3.154564399543421e-03
85 1.890125370084976e-03 3.251831800219575e-03
86 1.911856615075346e-03 3.347166280691582e-03
87 1.932874278624988e-03 3.440409300051587e-03
88 1.953168457691046e-03 3.531402317391737e-03
89 1.972729249230665e-03 3.619986791804178e-03
90 1.991546750200991e-03 3.706004182381057e-03
91 2.009611057559169e-03 3.789295948214519e-03
92 2.026912268262343e-03 3.869703548396713e-03
93 2.043440479267660e-03 3.947068442019783e-03
94 2.059185787532261e-03 4.021232088175878e-03
95 2.074138290013296e-03 4.092035945957141e-03
96 2.088288083667906e-03 4.159321474455721e-03
97 2.092487083337647e-03 4.187374269243166e-03
98 2.090450836720336e-03 4.201013683320247e-03
99 2.082664817879300e-03 4.201329650066413e-03
100 2.069614500877862e-03 4.189412102861119e-03
101 2.051785359779351e-03 4.166350975083815e-03
102 2.029662868647091e-03 4.133236200113949e-03
103 2.003732501544409e-03 4.091157711330977e-03
104 1.974479732534631e-03 4.041205442114346e-03
105 1.942390035681083e-03 3.984469325843509e-03
106 1.907948885047092e-03 3.922039295897917e-03
107 1.871641754695982e-03 3.855005285657019e-03
108 1.833954118691080e-03 3.784457228500269e-03
109 1.795371451095712e-03 3.711485057807116e-03
110 1.756379225973204e-03 3.637178706957012e-03
111 1.717462917386883e-03 3.562628109329409e-03
112 1.679107999400074e-03 3.488923198303756e-03
113 1.641799946076104e-03 3.417153907259506e-03
114 1.606024231478297e-03 3.348410169576108e-03
115 1.572266329669981e-03 3.283781918633014e-03
116 1.541011714714482e-03 3.224359087809676e-03
117 1.512745860675125e-03 3.171231610485544e-03
118 1.487954241615236e-03 3.125489420040069e-03
119 1.467122331598143e-03 3.088222449852703e-03
120 1.417843613826844e-03 3.003008272892772e-03
121 1.365770015318175e-03 2.914675630094551e-03
122 1.311010035927588e-03 2.823323955594938e-03
123 1.253672175510542e-03 2.729052683530836e-03
124 1.193864933922491e-03 2.631961248039146e-03
125 1.131696811018892e-03 2.532149083256770e-03
126 1.067276306655200e-03 2.429715623320608e-03
127 1.000711920686871e-03 2.324760302367564e-03
128 9.321121529693614e-04 2.217382554534536e-03
129 8.615855033581264e-04 2.107681813958429e-03
130 7.892404717086221e-04 1.995757514776141e-03
131 7.151855578763047e-04 1.881709091124576e-03
132 6.395292617166297e-04 1.765635977140634e-03
133 5.623800830850530e-04 1.647637606961216e-03
134 4.838465218370304e-04 1.527813414723225e-03
135 4.040370778280180e-04 1.406262834563562e-03
136 3.230602509134713e-04 1.283085300619127e-03
137 2.410245409488463e-04 1.158380247026823e-03
138 1.580384477895988e-04 1.032247107923551e-03
139 7.421047129118484e-05 9.047853174462120e-04
140 -1.035088869093986e-05 7.760943097317076e-04
141 -9.553713230131975e-05 6.462735189169384e-04
142 -1.812397596844983e-04 5.154223791388076e-04
143 -2.673502709850198e-04 3.836403245342153e-04
144 -3.537601663474288e-04 2.510267892400633e-04
145 -4.403609459162693e-04 1.176812073932529e-04
146 -5.270441098360854e-04 -1.629698686931455e-05
147 -6.137011582514212e-04 -1.508083594107378e-04
148 -7.002235913068210e-04 -2.857534760941151e-04
149 -7.865029091468288e-04 -4.210329027825454e-04
150 -8.724306119159890e-04 -5.565472053391266e-04
151 -9.578981997588450e-04 -6.921969496269578e-04
152 -1.042797172819941e-03 -8.278827015091376e-04
153 -1.127019031243823e-03 -9.635050268487646e-04
154 -1.210455275175033e-03 -1.098964491508938e-03
155 -1.292997404758116e-03 -1.234161661352754e-03
156 -1.374536920137617e-03 -1.368997102243315e-03
157 -1.454965321458078e-03 -1.503371380043717e-03
158 -1.534174108864044e-03 -1.637185060617059e-03
159 -1.612054782500061e-03 -1.770338709826440e-03
160 -1.688498842510670e-03 -1.902732893534957e-03
161 -1.763397789040418e-03 -2.034268177605711e-03
162 -1.836643122233847e-03 -2.164845127901800e-03
163 -1.908126342235503e-03 -2.294364310286322e-03
164 -1.977738949189929e-03 -2.422726290622376e-03
165 -2.045372443241670e-03 -2.549831634773059e-03
166 -2.110918324535268e-03 -2.675580908601472e-03
167 -2.174268093215269e-03 -2.799874677970712e-03
168 -2.235313249426217e-03 -2.922613508743879e-03
169 -2.293945293312657e-03 -3.043697966784070e-03
170 -2.350055725019131e-03 -3.163028617954384e-03
171 -2.403536044690185e-03 -3.280506028117920e-03
172 -2.454277752470362e-03 -3.396030763137778e-03
173 -2.502172348504206e-03 -3.509503388877054e-03
174 -2.547111332936262e-03 -3.620824471198848e-03
175 -2.588986205911074e-03 -3.729894575966257e-03
176 -2.627688467573186e-03 -3.836614269042382e-03
177 -2.663109618067142e-03 -3.940884116290321e-03
178 -2.695141157537487e-03 -4.042604683573171e-03
179 -2.723674586128764e-03 -4.141676536754034e-03
180 -2.748601403985517e-03 -4.238000241696003e-03

Lines

1 1 2
2 2 3
3 3 4
4 4 5
5 5 6
6 6 7
7 7 8
8 8 9
9 9 10
10 10 11
11 11 12
12 12 13
13 13 14
14 14 15
15 15 16
16 16 17
17 17 18
18 18 19
19 19 20
20 20 21
21 21 22
22 22 23
23 23 24
24 24 25
25 25 26
26 26 27
27 27 28
28 28 29
29 29 30
30 30 31
31 31 32
32 32 33
33 33 34
34 34 35
35 35 36
36 36 37
37 37 38
38 38 39
39 39 40
40 40 41
41 41 42
42 42 43
43 43 44
44 44 45
45 45 46
46 46 47
47 47 48
48 48 49
49 49 50
50 50 51
51 51 52
52 52 53
53 53 54
54 54 55
55 55 56
56 56 57
57 57 58
58 58 59
59 59 60
60 60 61
61 61 62
62 62 63
63 63 64
64 64 65
65 65 66
66 66 67
67 67 68
68 68 69
69 69 70
70 70 71
71 71 72
72 72 73
73 73 74
74 74 75
75 75 76
76 76 77
77 77 78
78 78 79
79 79 80
80 80 81
81 81 82
82 82 83
83 83 84
84 84 85
85 85 86
86 86 87
87 87 88
88 88 89
89 89 90
90 90 91
91 91 92
92 92 93
93 93 94
94 94 95
95 95 96
96 96 97
97 97 98
98 98 99
99 99 100
100 100 101
101 101 102
102 102 103
103 103 104
104 104 105
105 105 106
106 106 107
107 107 108
108 108 109
109 109 110
110 110 111
111 111 112
112 112 113
113 113 114
114 114 115
115 115 116
116 116 117
117 117 118
118 118 119
119 119 120
120 120 121
121 121 122
122 122 123
123 123 124
124 124 125
125 125 126
126 126 127
127 127 128
128 128 129
129 129 130
130 130 131
131 131 132
132 132 133
133 133 134
134 134 135
135 135 136
136 136 137
137 137 138
138 138 139
139 139 140
140 140 141
141 141 142
142 142 143
143 143 144
144 144 145
145 145 146
146 146 147
147 147 148
148 148 149
149 149 150
150 150 151
151 151 152
152 152 153
153 153 154
154 154 155
155 155 156
156 156 157
157 157 158
158 158 159
159 159 160
160 160 161
161 161 162
162 162 163
163 163 164
164 164 165
165 165 166
166 166 167
167 167 168
168 168 169
169 169 170
170 170 171
171 171 172
172 172 173
173 173 174
174 174 175
175 175 176
176 176 177
177 177 178
178 178 179
179 179 180
180 180 1
