shape_10

159 points
159 lines

Points

1 1.161880211036741e-04 -5.206322483850311e-03
2 2.127097883519914e-04 -5.248643518880093e-03
3 3.134186443394871e-04 -5.273718379246533e-03
4 4.179314471528903e-04 -5.282352054813316e-03
5 5.258650548789296e-04 -5.275349535444130e-03
6 6.368363256043342e-04 -5.253515811002658e-03
7 7.504621174158328e-04 -5.217655871352579e-03
8 8.663592884001547e-04 -5.168574706357587e-03
9 9.841446966440284e-04 -5.107077305881361e-03
10 1.103435200234183e-03 -5.033968659787587e-03
11 1.223847657257348e-03 -4.950053757939951e-03
12 1.344998925800251e-03 -4.856137590202132e-03
13 1.466505863949622e-03 -4.753025146437820e-03
14 1.587985329792190e-03 -4.641521416510699e-03
15 1.709054181414683e-03 -4.522431390284453e-03
16 1.829329276903831e-03 -4.396560057622767e-03
17 1.948427474346362e-03 -4.264712408389324e-03
18 2.065965631829006e-03 -4.127693432447810e-03
19 2.181560607438490e-03 -3.986308119661910e-03
20 2.294829259261546e-03 -3.841361459895306e-03
21 2.405388445384900e-03 -3.693658443011686e-03
22 2.512855023895282e-03 -3.544004058874733e-03
23 2.616845852879421e-03 -3.393203297348131e-03
24 2.716977790424046e-03 -3.242061148295566e-03
25 2.812867694615886e-03 -3.091382601580722e-03
26 2.904132423541670e-03 -2.941972647067285e-03
27 2.990388835288127e-03 -2.794636274618937e-03
28 3.071253787941985e-03 -2.650178474099363e-03
29 3.146344139589973e-03 -2.509404235372250e-03
30 3.215276748318821e-03 -2.373118548301281e-03
31 3.277668472215259e-03 -2.242126402750140e-03
32 3.333136169366013e-03 -2.117232788582513e-03
33 3.381296697857813e-03 -1.999242695662084e-03
34 3.421766915777388e-03 -1.888961113852537e-03
35 3.461207966652035e-03 -1.769590255518081e-03
36 3.500545654497644e-03 -1.641196926114522e-03
37 3.539552362104779e-03 -1.504407259383669e-03
38 3.578000472263997e-03 -1.359847389067330e-03
39 3.615662367765864e-03 -1.208143448907316e-03
40 3.652310431400934e-03 -1.049921572645435e-03
41 3.687717045959772e-03 -8.858078940234964e-04
42 3.721654594232937e-03 -7.164285467833099e-04
43 3.753895459010990e-03 -5.424096646666850e-04
44 3.784212023084493e-03 -3.643773814154303e-04
45 3.812376669244004e-03 -1.829578307713560e-04
46 3.838161780280086e-03 1.222853523729417e-06
47 3.861339738983297e-03 1.875385377280168e-04
48 3.881682928144201e-03 3.753630880996956e-04
49 3.898963730553357e-03 5.640703708969582e-04
50 3.912954529001324e-03 7.530342523779945e-04
51 3.923427706278665e-03 9.416285988009952e-04
52 3.930155645175941e-03 1.129227276424151e-03
53 3.932910728483710e-03 1.315204151505653e-03
54 3.931465338992536e-03 1.498933090303692e-03
55 3.925591859492976e-03 1.679787959076457e-03
56 3.915062672775593e-03 1.857142624082141e-03
57 3.899650161630947e-03 2.030370951578933e-03
58 3.879126708849599e-03 2.198846807825026e-03
59 3.853264697222109e-03 2.361944059078609e-03
60 3.821836509539038e-03 2.519036571597872e-03
61 3.784614528590947e-03 2.669498211641007e-03
62 3.741371137168396e-03 2.812702845466204e-03
63 3.691878718061946e-03 2.948024339331655e-03
64 3.635909654062157e-03 3.074836559495550e-03
65 3.573236327959591e-03 3.192513372216079e-03
66 3.503631122544808e-03 3.300428643751434e-03
67 3.426866420608368e-03 3.397956240359805e-03
68 3.342714604940831e-03 3.484470028299381e-03
69 3.250948058332761e-03 3.559343873828356e-03
70 3.151339163574715e-03 3.621951643204919e-03
71 3.017211336953578e-03 3.689577546469959e-03
72 2.871405554426408e-03 3.753334227001012e-03
73 2.714588251028481e-03 3.813190445027932e-03
74 2.547425861795076e-03 3.869114960780580e-03
75 2.370584821761467e-03 3.921076534488812e-03
76 2.184731565962932e-03 3.969043926382482e-03
77 1.990532529434747e-03 4.012985896691453e-03
78 1.788654147212189e-03 4.052871205645578e-03
79 1.579762854330535e-03 4.088668613474717e-03
80 1.364525085825060e-03 4.120346880408721e-03
81 1.143607276731042e-03 4.147874766677455e-03
82 9.176758620837577e-04 4.171221032510770e-03
83 6.873972769184840e-04 4.190354438138528e-03
84 4.534379562704960e-04 4.205243743790583e-03
85 2.164643351750715e-04 4.215857709696794e-03
86 -2.285715133251296e-05 4.222165096087016e-03
87 -2.638600682169815e-04 4.224134663191106e-03
88 -5.058779804430564e-04 4.221735171238925e-03
89 -7.482444529754627e-04 4.214935380460326e-03
90 -9.902930507789220e-04 4.203704051085170e-03
91 -1.231357338818159e-03 4.188009943343309e-03
92 -1.470770882057897e-03 4.167821817464604e-03
93 -1.707867245462857e-03 4.143108433678911e-03
94 -1.941979993997766e-03 4.113838552216087e-03
95 -2.172442692627345e-03 4.079980933305989e-03
96 -2.398588906316318e-03 4.041504337178476e-03
97 -2.619752200029409e-03 3.998377524063402e-03
98 -2.835266138731341e-03 3.950569254190627e-03
99 -3.044464287386837e-03 3.898048287790007e-03
100 -3.246680210960621e-03 3.840783385091398e-03
101 -3.441247474417414e-03 3.778743306324659e-03
102 -3.627499642721944e-03 3.711896811719646e-03
103 -3.804770280838932e-03 3.640212661506217e-03
104 -3.972392953733099e-03 3.563659615914228e-03
105 -4.129701226369173e-03 3.482206435173538e-03
106 -4.276028663711872e-03 3.395821879514002e-03
107 -4.410708830725925e-03 3.304474709165478e-03
108 -4.533075292376052e-03 3.208133684357823e-03
109 -4.642461613626977e-03 3.106767565320895e-03
110 -4.738201359443424e-03 3.000345112284550e-03
111 -4.819628094790114e-03 2.888835085478646e-03
112 -4.886075384631774e-03 2.772206245133039e-03
113 -4.936876793933126e-03 2.650427351477587e-03
114 -4.975829393161035e-03 2.516423599547349e-03
115 -5.003206701521942e-03 2.375594610323536e-03
116 -5.019355869953153e-03 2.228299280384608e-03
117 -5.024624049391979e-03 2.074896506309026e-03
118 -5.019358390775734e-03 1.915745184675253e-03
119 -5.003906045041724e-03 1.751204212061749e-03
120 -4.978614163127260e-03 1.581632485046975e-03
121 -4.943829895969653e-03 1.407388900209393e-03
122 -4.899900394506214e-03 1.228832354127465e-03
123 -4.847172809674250e-03 1.046321743379650e-03
124 -4.785994292411072e-03 8.602159645444095e-04
125 -4.716711993653993e-03 6.708739142002071e-04
126 -4.639673064340317e-03 4.786544889255005e-04
127 -4.555224655407362e-03 2.839165852987547e-04
128 -4.463713917792433e-03 8.701909989842790e-05
129 -4.365488002432838e-03 -1.116790706970176e-04
130 -4.260894060265892e-03 -3.118190299091195e-04
131 -4.150279242228904e-03 -5.130418811594186e-04
132 -4.033990699259181e-03 -7.149887278694526e-04
133 -3.912375582294039e-03 -9.173006734607605e-04
134 -3.785781042270781e-03 -1.119618821354881e-03
135 -3.654554230126721e-03 -1.321584274973352e-03
136 -3.519042296799170e-03 -1.522838137737714e-03
137 -3.379592393225435e-03 -1.723021513069505e-03
138 -3.236551670342828e-03 -1.921775504390263e-03
139 -3.090267279088658e-03 -2.118741215121530e-03
140 -2.941086370400237e-03 -2.313559748684839e-03
141 -2.789356095214873e-03 -2.505872208501734e-03
142 -2.635423604469877e-03 -2.695319697993752e-03
143 -2.479636049102558e-03 -2.881543320582432e-03
144 -2.322340580050228e-03 -3.064184179689311e-03
145 -2.163884348250197e-03 -3.242883378735930e-03
146 -2.004614504639772e-03 -3.417282021143829e-03
147 -1.844878200156267e-03 -3.587021210334542e-03
148 -1.685022585736989e-03 -3.751742049729612e-03
149 -1.525394812319249e-03 -3.911085642750576e-03
150 -1.366342030840358e-03 -4.064693092818973e-03
151 -1.208211392237627e-03 -4.212205503356343e-03
152 -1.051350047448363e-03 -4.353263977784224e-03
153 -8.961051474098772e-04 -4.487509619524153e-03
154 -7.428238430594813e-04 -4.614583531997672e-03
155 -5.918532853344831e-04 -4.734126818626318e-03
156 -4.435406251721935e-04 -4.845780582831628e-03
157 -2.982330135099230e-04 -4.949185928035145e-03
158 -1.562776012849822e-04 -5.043983957658405e-03
159 -1.802153943467954e-05 -5.129815775122947e-03

Lines

1 1 2
2 2 3
3 3 4
4 4 5
5 5 6
6 6 7
7 7 8
8 8 9
9 9 10
10 10 11
11 11 12
12 12 13
13 13 14
14 14 15
15 15 16
16 16 17
17 17 18
18 18 19
19 19 20
20 20 21
21 21 22
22 22 23
23 23 24
24 24 25
25 25 26
26 26 27
27 27 28
28 28 29
29 29 30
30 30 31
31 31 32
32 32 33
33 33 34
34 34 35
35 35 36
36 36 37
37 37 38
38 38 39
39 39 40
40 40 41
41 41 42
42 42 43
43 43 44
44 44 45
45 45 46
46 46 47
47 47 48
48 48 49
49 49 50
50 50 51
51 51 52
52 52 53
53 53 54
54 54 55
55 55 56
56 56 57
57 57 58
58 58 59
59 59 60
60 60 61
61 61 62
62 62 63
63 63 64
64 64 65
65 65 66
66 66 67
67 67 68
68 68 69
69 69 70
70 70 71
71 71 72
72 72 73
73 73 74
74 74 75
75 75 76
76 76 77
77 77 78
78 78 79
79 79 80
80 80 81
81 81 82
82 82 83
83 83 84
84 84 85
85 85 86
86 86 87
87 87 88
88 88 89
89 89 90
90 90 91
91 91 92
92 92 93
93 93 94
94 94 95
95 95 96
96 96 97
97 97 98
98 98 99
99 99 100
100 100 101
101 101 102
102 102 103
103 103 104
104 104 105
105 105 106
106 106 107
107 107 108
108 108 109
109 109 110
110 110 111
111 111 112
112 112 113
113 113 114
114 114 115
115 115 116
116 116 117
117 117 118
118 118 119
119 119 120
120 120 121
121 121 122
122 122 123
123 123 124
124 124 125
125 125 126
126 126 127
127 127 128
128 128 129
129 129 130
130 130 131
131 131 132
132 132 133
133 133 134
134 134 135
135 135 136
136 136 137
137 137 138
138 138 139
139 139 140
140 140 141
141 141 142
142 142 143
143 143 144
144 144 145
145 145 146
146 146 147
147 147 148
148 148 149
149 149 150
150 150 151
151 151 152
152 152 153
153 153 154
154 154 155
155 155 156
156 156 157
157 157 158
158 158 159
159 159 1
