shape_69

179 points
179 lines

Points

1 -3.828392237630462e-03 -4.956761557535669e-04
2 -3.742028133996525e-03 -5.803046107717017e-04
3 -3.650073770224813e-03 -6.660903032456776e-04
4 -3.552717430472831e-03 -7.529000325060444e-04
5 -3.450147398898089e-03 -8.406005978833537e-04
6 -3.342551959658093e-03 -9.290587987081547e-04
7 -3.230119396910351e-03 -1.018141434311000e-03
8 -3.113037994812370e-03 -1.107715304022438e-03
9 -2.991496037521660e-03 -1.197647207173021e-03
10 -2.865681809195724e-03 -1.287803943093299e-03
11 -2.735783593992074e-03 -1.378052311113822e-03
12 -2.601989676068216e-03 -1.468259110565143e-03
13 -2.464488339581657e-03 -1.558291140777810e-03
14 -2.323467868689906e-03 -1.648015201082375e-03
15 -2.179116547550469e-03 -1.737298090809388e-03
16 -2.031622660320854e-03 -1.826006609289399e-03
17 -1.881174491158570e-03 -1.914007555852960e-03
18 -1.727960324221122e-03 -2.001167729830622e-03
19 -1.572168443666020e-03 -2.087353930552934e-03
20 -1.413987133650771e-03 -2.172432957350448e-03
21 -1.253604678332881e-03 -2.256271609553714e-03
22 -1.091209361869859e-03 -2.338736686493282e-03
23 -9.269894684192135e-04 -2.419694987499704e-03
24 -7.611332821384500e-04 -2.499013311903529e-03
25 -5.938290871850768e-04 -2.576558459035309e-03
26 -4.252651677166027e-04 -2.652197228225595e-03
27 -2.556298078905343e-04 -2.725796418804937e-03
28 -8.511129186437862e-05 -2.797222830103883e-03
29 8.610209620435641e-05 -2.866343261452989e-03
30 2.578220721581619e-04 -2.933024512182801e-03
31 4.298603518395324e-04 -2.997133381623872e-03
32 6.020286510909583e-04 -3.058536669106753e-03
33 7.741386857549339e-04 -3.117101173961992e-03
34 9.460021716739506e-04 -3.172693695520142e-03
35 1.117430824690500e-03 -3.225181033111753e-03
36 1.288236360647077e-03 -3.274429986067375e-03
37 1.458230495386170e-03 -3.320307353717559e-03
38 1.627224944750276e-03 -3.362679935392857e-03
39 1.795031424581884e-03 -3.401414530423817e-03
40 1.961461650723488e-03 -3.436377938140993e-03
41 2.126327339017580e-03 -3.467436957874932e-03
42 2.289440205306653e-03 -3.494458388956187e-03
43 2.450611965433199e-03 -3.517309030715308e-03
44 2.609654335239709e-03 -3.535855682482845e-03
45 2.766379030568678e-03 -3.549965143589350e-03
46 2.920597767262596e-03 -3.559504213365372e-03
47 3.072122261163959e-03 -3.564339691141463e-03
48 3.220764228115254e-03 -3.564338376248173e-03
49 3.366335383958979e-03 -3.559367068016053e-03
50 3.508647444537622e-03 -3.549292565775654e-03
51 3.647512125693678e-03 -3.533981668857524e-03
52 3.782741143269638e-03 -3.513301176592217e-03
53 3.914146213107995e-03 -3.487117888310283e-03
54 4.041539051051243e-03 -3.455298603342271e-03
55 4.164731372941871e-03 -3.417710121018732e-03
56 4.283534894622374e-03 -3.374219240670218e-03
57 4.397761331935244e-03 -3.324692761627279e-03
58 4.486289462064739e-03 -3.276098458421595e-03
59 4.561104944076284e-03 -3.220328683600714e-03
60 4.622661903553978e-03 -3.157678749960132e-03
61 4.671414466081917e-03 -3.088443970295344e-03
62 4.707816757244197e-03 -3.012919657401845e-03
63 4.732322902624914e-03 -2.931401124075129e-03
64 4.745387027808168e-03 -2.844183683110693e-03
65 4.747463258378052e-03 -2.751562647304031e-03
66 4.739005719918664e-03 -2.653833329450639e-03
67 4.720468538014101e-03 -2.551291042346011e-03
68 4.692305838248459e-03 -2.444231098785644e-03
69 4.654971746205833e-03 -2.332948811565030e-03
70 4.608920387470325e-03 -2.217739493479668e-03
71 4.554605887626024e-03 -2.098898457325049e-03
72 4.492482372257032e-03 -1.976721015896672e-03
73 4.423003966947444e-03 -1.851502481990031e-03
74 4.346624797281357e-03 -1.723538168400620e-03
75 4.263798988842867e-03 -1.593123387923935e-03
76 4.174980667216071e-03 -1.460553453355470e-03
77 4.080623957985066e-03 -1.326123677490724e-03
78 3.981182986733947e-03 -1.190129373125186e-03
79 3.877111879046812e-03 -1.052865853054357e-03
80 3.768864760507759e-03 -9.146284300737277e-04
81 3.656895756700881e-03 -7.757124169787962e-04
82 3.541658993210277e-03 -6.364131265650565e-04
83 3.423608595620044e-03 -4.970258716280042e-04
84 3.303198689514278e-03 -3.578459649631338e-04
85 3.180883400477074e-03 -2.191687193659400e-04
86 3.057116854092530e-03 -8.128944763191969e-05
87 2.932353175944744e-03 5.549653744343290e-05
88 2.807046491617810e-03 1.908939230646228e-04
89 2.681650926695826e-03 3.246073964361546e-04
90 2.556620606762889e-03 4.563416447625334e-04
91 2.432409657403095e-03 5.858013552482638e-04
92 2.309472204200540e-03 7.126912150978506e-04
93 2.188262372739321e-03 8.367159115157990e-04
94 2.069234288603534e-03 9.575801317066141e-04
95 1.952842077377278e-03 1.074988562874800e-03
96 1.839539864644648e-03 1.188645892224861e-03
97 1.729781775989740e-03 1.298256806961304e-03
98 1.624021936996652e-03 1.403525994288632e-03
99 1.522714473249479e-03 1.504158141411351e-03
100 1.426313510332319e-03 1.599857935533964e-03
101 1.335273173829268e-03 1.690330063860979e-03
102 1.250047589324422e-03 1.775279213596898e-03
103 1.171090882401879e-03 1.854410071946227e-03
104 1.106212652857986e-03 1.918455603723861e-03
105 1.036438953200477e-03 1.984971979033972e-03
106 9.620275571479448e-04 2.053680718299361e-03
107 8.832362384189845e-04 2.124303341942834e-03
108 8.003227707321885e-04 2.196561370387193e-03
109 7.135449278061508e-04 2.270176324055239e-03
110 6.231604833594662e-04 2.344869723369778e-03
111 5.294272111107280e-04 2.420363088753613e-03
112 4.326028847785297e-04 2.496377940629545e-03
113 3.329452780814655e-04 2.572635799420379e-03
114 2.307121647381286e-04 2.648858185548917e-03
115 1.261613184671134e-04 2.724766619437963e-03
116 1.955051298701375e-05 2.800082621510318e-03
117 -8.886247798357715e-05 2.874527712188788e-03
118 -1.988198807260651e-04 2.947823411896175e-03
119 -3.100639215218559e-04 3.019691241055281e-03
120 -4.223368266523563e-04 3.089852720088911e-03
121 -5.353808223989727e-04 3.158029369419868e-03
122 -6.489381350431110e-04 3.223942709470953e-03
123 -7.627509908661771e-04 3.287314260664970e-03
124 -8.765616161495773e-04 3.347865543424723e-03
125 -9.901122371747187e-04 3.405318078173015e-03
126 -1.103145080223006e-03 3.459393385332649e-03
127 -1.215402371575847e-03 3.509812985326427e-03
128 -1.326626337514646e-03 3.556298398577154e-03
129 -1.436559204320811e-03 3.598571145507632e-03
130 -1.544943198275747e-03 3.636352746540664e-03
131 -1.651520545660861e-03 3.669364722099053e-03
132 -1.756033472757559e-03 3.697328592605603e-03
133 -1.858224205847247e-03 3.719965878483117e-03
134 -1.957834971211331e-03 3.736998100154396e-03
135 -2.054607995131217e-03 3.748146778042246e-03
136 -2.148285503888313e-03 3.753133432569469e-03
137 -2.238609723764023e-03 3.751679584158869e-03
138 -2.325322881039754e-03 3.743506753233247e-03
139 -2.408167201996912e-03 3.728336460215407e-03
140 -2.486884912916905e-03 3.705890225528154e-03
141 -2.561218240081136e-03 3.675889569594288e-03
142 -2.635147351781070e-03 3.636421612029156e-03
143 -2.709395089585423e-03 3.587620051474823e-03
144 -2.783758787633366e-03 3.529953635544235e-03
145 -2.858035780064068e-03 3.463891111850332e-03
146 -2.932023401016700e-03 3.389901228006060e-03
147 -3.005518984630433e-03 3.308452731624362e-03
148 -3.078319865044437e-03 3.220014370318179e-03
149 -3.150223376397882e-03 3.125054891700459e-03
150 -3.221026852829937e-03 3.024043043384140e-03
151 -3.290527628479775e-03 2.917447572982169e-03
152 -3.358523037486564e-03 2.805737228107489e-03
153 -3.424810413989476e-03 2.689380756373042e-03
154 -3.489187092127680e-03 2.568846905391772e-03
155 -3.551450406040346e-03 2.444604422776623e-03
156 -3.611397689866647e-03 2.317122056140538e-03
157 -3.668826277745750e-03 2.186868553096460e-03
158 -3.723533503816826e-03 2.054312661257332e-03
159 -3.775316702219047e-03 1.919923128236100e-03
160 -3.823973207091580e-03 1.784168701645703e-03
161 -3.869300352573600e-03 1.647518129099088e-03
162 -3.911095472804273e-03 1.510440158209197e-03
163 -3.949155901922771e-03 1.373403536588973e-03
164 -3.983278974068266e-03 1.236877011851360e-03
165 -4.013262023379924e-03 1.101329331609302e-03
166 -4.038902383996919e-03 9.672292434757416e-04
167 -4.059997390058420e-03 8.350454950636217e-04
168 -4.076344375703597e-03 7.052468339858863e-04
169 -4.087740675071621e-03 5.783020078554786e-04
170 -4.093983622301662e-03 4.546797642853421e-04
171 -4.094870551532891e-03 3.348488508884204e-04
172 -4.090198796904475e-03 2.192780152776564e-04
173 -4.079765692555588e-03 1.084360050659934e-04
174 -4.063368572625401e-03 2.791567866375203e-06
175 -4.040804771253080e-03 -9.718654870825508e-05
176 -4.011871622577798e-03 -1.910295970449534e-04
177 -3.976366460738725e-03 -2.782688295307774e-04
178 -3.934086619875031e-03 -3.584354985527832e-04
179 -3.884829434125887e-03 -4.310608564980276e-04

Lines

1 1 2
2 2 3
3 3 4
4 4 5
5 5 6
6 6 7
7 7 8
8 8 9
9 9 10
10 10 11
11 11 12
12 12 13
13 13 14
14 14 15
15 15 16
16 16 17
17 17 18
18 18 19
19 19 20
20 20 21
21 21 22
22 22 23
23 23 24
24 24 25
25 25 26
26 26 27
27 27 28
28 28 29
29 29 30
30 30 31
31 31 32
32 32 33
33 33 34
34 34 35
35 35 36
36 36 37
37 37 38
38 38 39
39 39 40
40 40 41
41 41 42
42 42 43
43 43 44
44 44 45
45 45 46
46 46 47
47 47 48
48 48 49
49 49 50
50 50 51
51 51 52
52 52 53
53 53 54
54 54 55
55 55 56
56 56 57
57 57 58
58 58 59
59 59 60
60 60 61
61 61 62
62 62 63
63 63 64
64 64 65
65 65 66
66 66 67
67 67 68
68 68 69
69 69 70
70 70 71
71 71 72
72 72 73
73 73 74
74 74 75
75 75 76
76 76 77
77 77 78
78 78 79
79 79 80
80 80 81
81 81 82
82 82 83
83 83 84
84 84 85
85 85 86
86 86 87
87 87 88
88 88 89
89 89 90
90 90 91
91 91 92
92 92 93
93 93 94
94 94 95
95 95 96
96 96 97
97 97 98
98 98 99
99 99 100
100 100 101
101 101 102
102 102 103
103 103 104
104 104 105
105 105 106
106 106 107
107 107 108
108 108 109
109 109 110
110 110 111
111 111 112
112 112 113
113 113 114
114 114 115
115 115 116
116 116 117
117 117 118
118 118 119
119 119 120
120 120 121
121 121 122
122 122 123
123 123 124
124 124 125
125 125 126
126 126 127
127 127 128
128 128 129
129 129 130
130 130 131
131 131 132
132 132 133
133 133 134
134 134 135
135 135 136
136 136 137
137 137 138
138 138 139
139 139 140
140 140 141
141 141 142
142 142 143
143 143 144
144 144 145
145 145 146
146 146 147
147 147 148
148 148 149
149 149 150
150 150 151
151 151 152
152 152 153
153 153 154
154 154 155
155 155 156
156 156 157
157 157 158
158 158 159
159 159 160
160 160 161
161 161 162
162 162 163
163 163 164
164 164 165
165 165 166
166 166 167
167 167 168
168 168 169
169 169 170
170 170 171
171 171 172
172 172 173
173 173 174
174 174 175
175 175 176
176 176 177
177 177 178
178 178 179
179 179 1
