shape_41

234 points
234 lines

Points

1 -4.402416738648158e-03 -2.734022820198899e-03
2 -4.321475821102713e-03 -2.748258989188837e-03
3 -4.237423876845840e-03 -2.760718404957088e-03
4 -4.150356662698880e-03 -2.771426832588516e-03
5 -4.060369935483166e-03 -2.780410037167975e-03
6 -3.967559452020038e-03 -2.787693783780329e-03
7 -3.872020969130829e-03 -2.793303837510433e-03
8 -3.773850243636879e-03 -2.797265963443148e-03
9 -3.673143032359522e-03 -2.799605926663334e-03
10 -3.569995092120097e-03 -2.800349492255850e-03
11 -3.464502179739940e-03 -2.799522425305556e-03
12 -3.356760052040386e-03 -2.797150490897308e-03
13 -3.246864465842773e-03 -2.793259454115967e-03
14 -3.134911177968436e-03 -2.787875080046392e-03
15 -3.020995945238715e-03 -2.781023133773443e-03
16 -2.905214524474945e-03 -2.772729380381980e-03
17 -2.787662672498460e-03 -2.763019584956860e-03
18 -2.668436146130601e-03 -2.751919512582942e-03
19 -2.547630702192702e-03 -2.739454928345089e-03
20 -2.425342097506101e-03 -2.725651597328156e-03
21 -2.301666088892131e-03 -2.710535284617004e-03
22 -2.176698433172135e-03 -2.694131755296492e-03
23 -2.050534887167444e-03 -2.676466774451479e-03
24 -1.923271207699399e-03 -2.657566107166825e-03
25 -1.795003151589333e-03 -2.637455518527389e-03
26 -1.665826475658583e-03 -2.616160773618029e-03
27 -1.535836936728488e-03 -2.593707637523605e-03
28 -1.405130291620383e-03 -2.570121875328977e-03
29 -1.273802297155607e-03 -2.545429252119003e-03
30 -1.141948710155493e-03 -2.519655532978544e-03
31 -1.009665287441379e-03 -2.492826482992457e-03
32 -8.770477858346018e-04 -2.464967867245601e-03
33 -7.441919621564991e-04 -2.436105450822837e-03
34 -6.111935732284066e-04 -2.406264998809024e-03
35 -4.781483758716603e-04 -2.375472276289020e-03
36 -3.451521269075976e-04 -2.343753048347685e-03
37 -2.123005831575558e-04 -2.311133080069880e-03
38 -7.968950144287084e-05 -2.277638136540461e-03
39 5.258536141512099e-05 -2.243293982844288e-03
40 1.844282485950827e-04 -2.208126384066222e-03
41 3.157434032756780e-04 -2.172161105291120e-03
42 4.464350686355692e-04 -2.135423911603843e-03
43 5.764074878534200e-04 -2.097940568089249e-03
44 7.055649041078951e-04 -2.059736839832198e-03
45 8.338115605776562e-04 -2.020838491917549e-03
46 9.610517004413682e-04 -1.981271289430160e-03
47 1.087189566877692e-03 -1.941060997454892e-03
48 1.212129403065294e-03 -1.900233381076604e-03
49 1.335775452182836e-03 -1.858814205380154e-03
50 1.458031957408980e-03 -1.816829235450402e-03
51 1.578803161922393e-03 -1.774304236372207e-03
52 1.697993308901734e-03 -1.731264973230429e-03
53 1.815506641525671e-03 -1.687737211109925e-03
54 1.931247402972862e-03 -1.643746715095557e-03
55 2.045119836421975e-03 -1.599319250272183e-03
56 2.157028185051672e-03 -1.554480581724662e-03
57 2.266876692040614e-03 -1.509256474537853e-03
58 2.374569600567468e-03 -1.463672693796616e-03
59 2.480011153810894e-03 -1.417755004585810e-03
60 2.583105594949559e-03 -1.371529171990293e-03
61 2.683757167162123e-03 -1.325020961094926e-03
62 2.781870113627252e-03 -1.278256136984567e-03
63 2.877348677523607e-03 -1.231260464744076e-03
64 2.970097102029853e-03 -1.184059709458311e-03
65 3.060019630324652e-03 -1.136679636212133e-03
66 3.147020505586668e-03 -1.089146010090400e-03
67 3.231003970994566e-03 -1.041484596177971e-03
68 3.311874269727007e-03 -9.937211595597070e-04
69 3.389535644962655e-03 -9.458814653204648e-04
70 3.463892339880173e-03 -8.979912785451048e-04
71 3.534848597658226e-03 -8.500763643184863e-04
72 3.602308661475476e-03 -8.021624877254683e-04
73 3.666176774510587e-03 -7.542754138509097e-04
74 3.708346279268861e-03 -7.177351895975656e-04
75 3.748479141802694e-03 -6.749431779026618e-04
76 3.786579129822785e-03 -6.261790364088598e-04
77 3.822650011039836e-03 -5.717224227588195e-04
78 3.856695553164546e-03 -5.118529945952023e-04
79 3.888719523907614e-03 -4.468504095606684e-04
80 3.918725690979744e-03 -3.769943252978790e-04
81 3.946717822091632e-03 -3.025643994494949e-04
82 3.972699684953986e-03 -2.238402896581767e-04
83 3.996675047277499e-03 -1.411016535665852e-04
84 4.018647676772871e-03 -5.462814881738126e-05
85 4.038621341150809e-03 3.530056694677442e-05
86 4.056599808122010e-03 1.284048360832211e-04
87 4.072586845397172e-03 2.244050009492977e-04
88 4.086586220686999e-03 3.230214039023439e-04
89 4.098601701702190e-03 4.239743872996985e-04
90 4.108637056153447e-03 5.269842934987010e-04
91 4.116696051751469e-03 6.317714648566903e-04
92 4.122782456206955e-03 7.380562437310060e-04
93 4.126900037230608e-03 8.455589724789874e-04
94 4.129052562533128e-03 9.539999934579727e-04
95 4.129243799825214e-03 1.063099649025303e-03
96 4.127477516817567e-03 1.172578281538316e-03
97 4.123757481220889e-03 1.282156233354351e-03
98 4.118087460745878e-03 1.391553846830747e-03
99 4.110471223103236e-03 1.500491464324845e-03
100 4.100912536003663e-03 1.608689428193982e-03
101 4.089415167157860e-03 1.715868080795499e-03
102 4.075982884276528e-03 1.821747764486733e-03
103 4.060619455070366e-03 1.926048821625026e-03
104 4.043328647250074e-03 2.028491594567716e-03
105 4.024114228526355e-03 2.128796425672142e-03
106 4.002979966609906e-03 2.226683657295643e-03
107 3.979929629211430e-03 2.321873631795558e-03
108 3.954966984041626e-03 2.414086691529227e-03
109 3.928095798811196e-03 2.503043178853989e-03
110 3.899319841230840e-03 2.588463436127183e-03
111 3.868642879011258e-03 2.670067805706150e-03
112 3.836068679863149e-03 2.747576629948226e-03
113 3.801601011497217e-03 2.820710251210752e-03
114 3.765243641624158e-03 2.889189011851067e-03
115 3.727000337954677e-03 2.952733254226511e-03
116 3.686874868199472e-03 3.011063320694422e-03
117 3.644871000069242e-03 3.063899553612140e-03
118 3.600992501274692e-03 3.110962295337004e-03
119 3.555243139526518e-03 3.151971888226352e-03
120 3.507626682535422e-03 3.186648674637525e-03
121 3.458146898012104e-03 3.214712996927863e-03
122 3.406807553667266e-03 3.235885197454702e-03
123 3.353612417211607e-03 3.249885618575384e-03
124 3.281712867794551e-03 3.261695921630513e-03
125 3.207240250397880e-03 3.270254752998833e-03
126 3.130281543831775e-03 3.275636247549324e-03
127 3.050923726906424e-03 3.277914540150964e-03
128 2.969253778432008e-03 3.277163765672730e-03
129 2.885358677218710e-03 3.273458058983597e-03
130 2.799325402076714e-03 3.266871554952546e-03
131 2.711240931816205e-03 3.257478388448552e-03
132 2.621192245247365e-03 3.245352694340595e-03
133 2.529266321180378e-03 3.230568607497649e-03
134 2.435550138425426e-03 3.213200262788692e-03
135 2.340130675792696e-03 3.193321795082705e-03
136 2.243094912092370e-03 3.171007339248663e-03
137 2.144529826134630e-03 3.146331030155542e-03
138 2.044522396729661e-03 3.119367002672319e-03
139 1.943159602687647e-03 3.090189391667978e-03
140 1.840528422818771e-03 3.058872332011489e-03
141 1.736715835933215e-03 3.025489958571831e-03
142 1.631808820841165e-03 2.990116406217983e-03
143 1.525894356352805e-03 2.952825809818925e-03
144 1.419059421278316e-03 2.913692304243630e-03
145 1.311390994427882e-03 2.872790024361075e-03
146 1.202976054611688e-03 2.830193105040241e-03
147 1.093901580639917e-03 2.785975681150104e-03
148 9.842545513227530e-04 2.740211887559641e-03
149 8.741219454703780e-04 2.692975859137830e-03
150 7.635907418929765e-04 2.644341730753646e-03
151 6.527479194007332e-04 2.594383637276071e-03
152 5.416804568038301e-04 2.543175713574079e-03
153 4.304753329124503e-04 2.490792094516648e-03
154 3.192195265367789e-04 2.437306914972755e-03
155 2.080000164869995e-04 2.382794309811380e-03
156 9.690378157329452e-05 2.327328413901499e-03
157 -1.398219939415234e-05 2.270983362112088e-03
158 -1.245709476051572e-04 2.213833289312125e-03
159 -2.347754842495358e-04 2.155952330370589e-03
160 -3.445088305171052e-04 2.097414620156457e-03
161 -4.536840075976823e-04 2.038294293538705e-03
162 -5.622140366810833e-04 1.978665485386311e-03
163 -6.700119389571237e-04 1.918602330568253e-03
164 -7.769907356156209e-04 1.858178963953508e-03
165 -8.830634478463919e-04 1.797469520411054e-03
166 -9.881430968392520e-04 1.736548134809868e-03
167 -1.092142703784018e-03 1.675488942018927e-03
168 -1.194975289870505e-03 1.614366076907210e-03
169 -1.296553876288533e-03 1.553253674343692e-03
170 -1.396791484227916e-03 1.492225869197353e-03
171 -1.495601134878469e-03 1.431356796337168e-03
172 -1.592895849430010e-03 1.370720590632117e-03
173 -1.688588649072357e-03 1.310391386951175e-03
174 -1.782592554995325e-03 1.250443320163321e-03
175 -1.874820588388730e-03 1.190950525137532e-03
176 -1.965185770442388e-03 1.131987136742786e-03
177 -2.053601122346118e-03 1.073627289848059e-03
178 -2.139979665289733e-03 1.015945119322329e-03
179 -2.224234420463052e-03 9.590147600345741e-04
180 -2.306278409055890e-03 9.029103468537717e-04
181 -2.386024652258065e-03 8.477060146488982e-04
182 -2.463386171259392e-03 7.934758982889317e-04
183 -2.538275987249688e-03 7.402941326428501e-04
184 -2.610607121418769e-03 6.882348525796305e-04
185 -2.680292594956452e-03 6.373721929682499e-04
186 -2.747245429052554e-03 5.877802886776857e-04
187 -2.811378644896889e-03 5.395332745769162e-04
188 -2.872605263679277e-03 4.927052855349185e-04
189 -2.917247832188481e-03 4.565699344450006e-04
190 -2.964380326116567e-03 4.151945099320589e-04
191 -3.013801697136502e-03 3.688340938811241e-04
192 -3.065310896921260e-03 3.177437681772277e-04
193 -3.118706877143811e-03 2.621786147054008e-04
194 -3.173788589477128e-03 2.023937153506748e-04
195 -3.230354985594179e-03 1.386441519980807e-04
196 -3.288205017167937e-03 7.118500653264991e-05
197 -3.347137635871375e-03 2.713608394136842e-07
198 -3.406951793377461e-03 -7.384170319659691e-05
199 -3.467446441359166e-03 -1.508991036903506e-04
200 -3.528420531489464e-03 -2.306457587568159e-04
201 -3.589673015441322e-03 -3.128265865109622e-04
202 -3.651002844887716e-03 -3.971865050677574e-04
203 -3.712208971501615e-03 -4.834704325421710e-04
204 -3.773090346955988e-03 -5.714232870491714e-04
205 -3.833445922923809e-03 -6.607899867037275e-04
206 -3.893074651078049e-03 -7.513154496208082e-04
207 -3.951775483091676e-03 -8.427445939153817e-04
208 -4.009347370637666e-03 -9.348223377024178e-04
209 -4.065589265388986e-03 -1.027293599096884e-03
210 -4.120300119018610e-03 -1.119903296213750e-03
211 -4.173278883199507e-03 -1.212396347167985e-03
212 -4.224324509604650e-03 -1.304517670074556e-03
213 -4.273235949907007e-03 -1.396012183048433e-03
214 -4.319812155779553e-03 -1.486624804204585e-03
215 -4.363852078895257e-03 -1.576100451657980e-03
216 -4.405154670927091e-03 -1.664184043523587e-03
217 -4.443518883548025e-03 -1.750620497916376e-03
218 -4.478743668431032e-03 -1.835154732951314e-03
219 -4.510627977249081e-03 -1.917531666743370e-03
220 -4.538970761675145e-03 -1.997496217407514e-03
221 -4.563570973382194e-03 -2.074793303058714e-03
222 -4.584227564043197e-03 -2.149167841811938e-03
223 -4.600739485331131e-03 -2.220364751782156e-03
224 -4.612905688918961e-03 -2.288128951084336e-03
225 -4.620525126479662e-03 -2.352205357833447e-03
226 -4.623396749686204e-03 -2.412338890144458e-03
227 -4.621319510211557e-03 -2.468274466132338e-03
228 -4.614092359728693e-03 -2.519757003912055e-03
229 -4.601514249910585e-03 -2.566531421598579e-03
230 -4.583384132430202e-03 -2.608342637306877e-03
231 -4.559500958960515e-03 -2.644935569151918e-03
232 -4.529663681174497e-03 -2.676055135248673e-03
233 -4.493671250745117e-03 -2.701446253712108e-03
234 -4.451322619345347e-03 -2.720853842657194e-03

Lines

1 1 2
2 2 3
3 3 4
4 4 5
5 5 6
6 6 7
7 7 8
8 8 9
9 9 10
10 10 11
11 11 12
12 12 13
13 13 14
14 14 15
15 15 16
16 16 17
17 17 18
18 18 19
19 19 20
20 20 21
21 21 22
22 22 23
23 23 24
24 24 25
25 25 26
26 26 27
27 27 28
28 28 29
29 29 30
30 30 31
31 31 32
32 32 33
33 33 34
34 34 35
35 35 36
36 36 37
37 37 38
38 38 39
39 39 40
40 40 41
41 41 42
42 42 43
43 43 44
44 44 45
45 45 46
46 46 47
47 47 48
48 48 49
49 49 50
50 50 51
51 51 52
52 52 53
53 53 54
54 54 55
55 55 56
56 56 57
57 57 58
58 58 59
59 59 60
60 60 61
61 61 62
62 62 63
63 63 64
64 64 65
65 65 66
66 66 67
67 67 68
68 68 69
69 69 70
70 70 71
71 71 72
72 72 73
73 73 74
74 74 75
75 75 76
76 76 77
77 77 78
78 78 79
79 79 80
80 80 81
81 81 82
82 82 83
83 83 84
84 84 85
85 85 86
86 86 87
87 87 88
88 88 89
89 89 90
90 90 91
91 91 92
92 92 93
93 93 94
94 94 95
95 95 96
96 96 97
97 97 98
98 98 99
99 99 100
100 100 101
101 101 102
102 102 103
103 103 104
104 104 105
105 105 106
106 106 107
107 107 108
108 108 109
109 109 110
110 110 111
111 111 112
112 112 113
113 113 114
114 114 115
115 115 116
116 116 117
117 117 118
118 118 119
119 119 120
120 120 121
121 121 122
122 122 123
123 123 124
124 124 125
125 125 126
126 126 127
127 127 128
128 128 129
129 129 130
130 130 131
131 131 132
132 132 133
133 133 134
134 134 135
135 135 136
136 136 137
137 137 138
138 138 139
139 139 140
140 140 141
141 141 142
142 142 143
143 143 144
144 144 145
145 145 146
146 146 147
147 147 148
148 148 149
149 149 150
150 150 151
151 151 152
152 152 153
153 153 154
154 154 155
155 155 156
156 156 157
157 157 158
158 158 159
159 159 160
160 160 161
161 161 162
162 162 163
163 163 164
164 164 165
165 165 166
166 166 167
167 167 168
168 168 169
169 169 170
170 170 171
171 171 172
172 172 173
173 173 174
174 174 175
175 175 176
176 176 177
177 177 178
178 178 179
179 179 180
180 180 181
181 181 182
182 182 183
183 183 184
184 184 185
185 185 186
186 186 187
187 187 188
188 188 189
189 189 190
190 190 191
191 191 192
192 192 193
193 193 194
194 194 195
195 195 196
196 196 197
197 197 198
198 198 199
199 199 200
200 200 201
201 201 202
202 202 203
203 203 204
204 204 205
205 205 206
206 206 207
207 207 208
208 208 209
209 209 210
210 210 211
211 211 212
212 212 213
213 213 214
214 214 215
215 215 216
216 216 217
217 217 218
218 218 219
219 219 220
220 220 221
221 221 222
222 222 223
223 223 224
224 224 225
225 225 226
226 226 227
227 227 228
228 228 229
229 229 230
230 230 231
231 231 232
232 232 233
233 233 234
234 234 1
