shape_63

185 points
185 lines

Points

1 -7.354318624316008e-04 -1.535991269783457e-03
2 -7.291642799680493e-04 -1.610723004408311e-03
3 -7.208589133199536e-04 -1.693686619746470e-03
4 -7.105868130692412e-04 -1.784257575398602e-03
5 -6.984190297978395e-04 -1.881811330965374e-03
6 -6.844266140876762e-04 -1.985723346047454e-03
7 -6.686806165206795e-04 -2.095369080245511e-03
8 -6.512520876787766e-04 -2.210123993160210e-03
9 -6.322120781438957e-04 -2.329363544392223e-03
10 -6.116316384979641e-04 -2.452463193542213e-03
11 -5.895818193229097e-04 -2.578798400210851e-03
12 -5.661336712006603e-04 -2.707744623998803e-03
13 -5.413582447131433e-04 -2.838677324506737e-03
14 -5.153265904422868e-04 -2.970971961335322e-03
15 -4.881097589700180e-04 -3.104003994085224e-03
16 -4.597788008782653e-04 -3.237148882357111e-03
17 -4.304047667489558e-04 -3.369782085751652e-03
18 -4.000587071640176e-04 -3.501279063869514e-03
19 -3.688116727053782e-04 -3.631015276311366e-03
20 -3.367347139549652e-04 -3.758366182677872e-03
21 -3.038988814947068e-04 -3.882707242569704e-03
22 -2.703752259065303e-04 -4.003413915587527e-03
23 -2.362347977723634e-04 -4.119861661332009e-03
24 -2.015486476741339e-04 -4.231425939403819e-03
25 -1.663878261937696e-04 -4.337482209403624e-03
26 -1.308233839131983e-04 -4.437405930932092e-03
27 -9.492637141434742e-05 -4.530572563589889e-03
28 -5.876783927914475e-05 -4.616357566977685e-03
29 -2.241883808951810e-05 -4.694136400696148e-03
30 1.404958157260483e-05 -4.763284524345944e-03
31 5.056636912529624e-05 -4.823177397527741e-03
32 8.706047398662868e-05 -4.873190479842208e-03
33 1.234608455746743e-04 -4.912699230890011e-03
34 1.596964333075054e-04 -4.941079110271820e-03
35 1.956961866031942e-04 -4.957705577588300e-03
36 2.313890548798128e-04 -4.961954092440120e-03
37 2.667039875554340e-04 -4.953200114427948e-03
38 3.015699340481298e-04 -4.930819103152452e-03
39 3.359158437759724e-04 -4.894186518214298e-03
40 3.696706661570343e-04 -4.842677819214156e-03
41 4.119246366293255e-04 -4.763837782819500e-03
42 4.519226598808190e-04 -4.680986947238467e-03
43 4.897168760146595e-04 -4.594280317716018e-03
44 5.253594251339923e-04 -4.503872899497118e-03
45 5.589024473419625e-04 -4.409919697826728e-03
46 5.903980827417147e-04 -4.312575717949809e-03
47 6.198984714363949e-04 -4.211995965111329e-03
48 6.474557535291472e-04 -4.108335444556245e-03
49 6.731220691231171e-04 -4.001749161529520e-03
50 6.969495583214499e-04 -3.892392121276123e-03
51 7.189903612272902e-04 -3.780419329041009e-03
52 7.392966179437832e-04 -3.665985790069143e-03
53 7.579204685740742e-04 -3.549246509605490e-03
54 7.749140532213081e-04 -3.430356492895010e-03
55 7.903295119886296e-04 -3.309470745182666e-03
56 8.042189849791846e-04 -3.186744271713422e-03
57 8.166346122961176e-04 -3.062332077732240e-03
58 8.276285340425734e-04 -2.936389168484081e-03
59 8.372528903216978e-04 -2.809070549213910e-03
60 8.455598212366353e-04 -2.680531225166689e-03
61 8.526014668905312e-04 -2.550926201587378e-03
62 8.584299673865300e-04 -2.420410483720943e-03
63 8.630974628277780e-04 -2.289139076812345e-03
64 8.666560933174189e-04 -2.157266986106546e-03
65 8.691579989585985e-04 -2.024949216848511e-03
66 8.706553198544623e-04 -1.892340774283202e-03
67 8.712001961081543e-04 -1.759596663655579e-03
68 8.708447678228203e-04 -1.626871890210607e-03
69 8.696411751016049e-04 -1.494321459193248e-03
70 8.676415580476538e-04 -1.362100375848464e-03
71 8.648980567641112e-04 -1.230363645421219e-03
72 8.614628113541230e-04 -1.099266273156475e-03
73 8.573879619208338e-04 -9.689632642991936e-04
74 8.527256485673887e-04 -8.396096240943391e-04
75 8.475280113969328e-04 -7.113603577868726e-04
76 8.418471905126114e-04 -5.843704706217580e-04
77 8.357353260175693e-04 -4.587949678439569e-04
78 8.292445580149512e-04 -3.347888546984320e-04
79 8.224270266079032e-04 -2.125071364301470e-04
80 8.153348718995695e-04 -9.210481828406301e-05
81 8.080202339930952e-04 2.626309449485659e-05
82 8.005352529916260e-04 1.424415966616487e-04
83 7.929320689983061e-04 2.562756829713519e-04
84 7.852628221162813e-04 3.676103481790028e-04
85 7.775796524486962e-04 4.762905870396384e-04
86 7.699347000986961e-04 5.821613943082973e-04
87 7.623801051694260e-04 6.850677647400154e-04
88 7.549680077640310e-04 7.848546930898318e-04
89 7.477505479856560e-04 8.813671741127827e-04
90 7.407798659374463e-04 9.744502025639052e-04
91 7.341081017225468e-04 1.063948773198238e-03
92 7.279409298808276e-04 1.140309287850973e-03
93 7.201559552189978e-04 1.225043681636819e-03
94 7.108022515963338e-04 1.317580025403848e-03
95 6.999288928721116e-04 1.417346390000135e-03
96 6.875849529056072e-04 1.523770846273751e-03
97 6.738195055560972e-04 1.636281465072772e-03
98 6.586816246828577e-04 1.754306317245270e-03
99 6.422203841451646e-04 1.877273473639318e-03
100 6.244848578022944e-04 2.004611005102990e-03
101 6.055241195135233e-04 2.135746982484360e-03
102 5.853872431381279e-04 2.270109476631501e-03
103 5.641233025353838e-04 2.407126558392486e-03
104 5.417813715645677e-04 2.546226298615389e-03
105 5.184105240849554e-04 2.686836768148284e-03
106 4.940598339558233e-04 2.828386037839241e-03
107 4.687783750364476e-04 2.970302178536337e-03
108 4.426152211861046e-04 3.112013261087646e-03
109 4.156194462640704e-04 3.252947356341238e-03
110 3.878401241296216e-04 3.392532535145188e-03
111 3.593263286420340e-04 3.530196868347571e-03
112 3.301271336605838e-04 3.665368426796457e-03
113 3.002916130445475e-04 3.797475281339923e-03
114 2.698688406532012e-04 3.925945502826040e-03
115 2.389078903458210e-04 4.050207162102882e-03
116 2.074578359816833e-04 4.169688330018522e-03
117 1.755677514200642e-04 4.283817077421036e-03
118 1.432867105202402e-04 4.392021475158493e-03
119 1.106637871414870e-04 4.493729594078971e-03
120 7.774805514308116e-05 4.588369505030539e-03
121 4.458858838429904e-05 4.675369278861275e-03
122 1.123446072441653e-05 4.754156986419248e-03
123 -2.226525397729004e-05 4.824160698552534e-03
124 -5.586148186154437e-05 4.884808486109206e-03
125 -8.950514906907031e-05 4.935528419937337e-03
126 -1.231471817405914e-04 4.975748570885000e-03
127 -1.567385060168319e-04 5.004897009800270e-03
128 -1.902300480385152e-04 5.022401807531220e-03
129 -2.235727339463652e-04 5.027691034925922e-03
130 -2.567174898811057e-04 5.020192762832451e-03
131 -2.896152419834605e-04 4.999335062098879e-03
132 -3.222169163941533e-04 4.964546003573279e-03
133 -3.544734392539079e-04 4.915253658103727e-03
134 -3.945070082831791e-04 4.840344166506731e-03
135 -4.325680674346907e-04 4.760917646246941e-03
136 -4.686983352210434e-04 4.677133895139780e-03
137 -5.029395301548376e-04 4.589152711000672e-03
138 -5.353333707486734e-04 4.497133891645036e-03
139 -5.659215755151519e-04 4.401237234888296e-03
140 -5.947458629668732e-04 4.301622538545873e-03
141 -6.218479516164378e-04 4.198449600433193e-03
142 -6.472695599764463e-04 4.091878218365675e-03
143 -6.710524065594992e-04 3.982068190158742e-03
144 -6.932382098781968e-04 3.869179313627815e-03
145 -7.138686884451401e-04 3.753371386588319e-03
146 -7.329855607729289e-04 3.634804206855675e-03
147 -7.506305453741639e-04 3.513637572245305e-03
148 -7.668453607614458e-04 3.390031280572631e-03
149 -7.816717254473748e-04 3.264145129653077e-03
150 -7.951513579445517e-04 3.136138917302064e-03
151 -8.073259767655766e-04 3.006172441335015e-03
152 -8.182373004230506e-04 2.874405499567350e-03
153 -8.279270474295735e-04 2.740997889814495e-03
154 -8.364369362977462e-04 2.606109409891869e-03
155 -8.438086855401689e-04 2.469899857614896e-03
156 -8.500840136694426e-04 2.332529030798999e-03
157 -8.553046391981670e-04 2.194156727259597e-03
158 -8.595122806389429e-04 2.054942744812116e-03
159 -8.627486565043716e-04 1.915046881271977e-03
160 -8.650554853070522e-04 1.774628934454602e-03
161 -8.664744855595862e-04 1.633848702175414e-03
162 -8.670473757745737e-04 1.492865982249834e-03
163 -8.668158744646154e-04 1.351840572493286e-03
164 -8.658217001423113e-04 1.210932270721191e-03
165 -8.641065713202624e-04 1.070300874748971e-03
166 -8.617122065110690e-04 9.301061823920496e-04
167 -8.586803242273315e-04 7.905079914658491e-04
168 -8.550526429816507e-04 6.516660997857902e-04
169 -8.508708812866266e-04 5.137403051672969e-04
170 -8.461767576548600e-04 3.768904054257903e-04
171 -8.410119905989514e-04 2.412761983766933e-04
172 -8.354182986315012e-04 1.070574818354283e-04
173 -8.294374002651097e-04 -2.560594638258267e-05
174 -8.231110140123777e-04 -1.565542884619174e-04
175 -8.164808583859056e-04 -2.856277465871532e-04
176 -8.095886518982937e-04 -4.126665229428683e-04
177 -8.024761130621426e-04 -5.375108197136399e-04
178 -7.951849603900531e-04 -6.600008390840458e-04
179 -7.877569123946249e-04 -7.799767832386639e-04
180 -7.802336875884594e-04 -8.972788543620719e-04
181 -7.726570044841566e-04 -1.011747254638848e-03
182 -7.650685815943169e-04 -1.123222186253569e-03
183 -7.575101374315411e-04 -1.231543851390812e-03
184 -7.500233905084295e-04 -1.336552452235156e-03
185 -7.426500593375825e-04 -1.438088190971179e-03

Lines

1 1 2
2 2 3
3 3 4
4 4 5
5 5 6
6 6 7
7 7 8
8 8 9
9 9 10
10 10 11
11 11 12
12 12 13
13 13 14
14 14 15
15 15 16
16 16 17
17 17 18
18 18 19
19 19 20
20 20 21
21 21 22
22 22 23
23 23 24
24 24 25
25 25 26
26 26 27
27 27 28
28 28 29
29 29 30
30 30 31
31 31 32
32 32 33
33 33 34
34 34 35
35 35 36
36 36 37
37 37 38
38 38 39
39 39 40
40 40 41
41 41 42
42 42 43
43 43 44
44 44 45
45 45 46
46 46 47
47 47 48
48 48 49
49 49 50
50 50 51
51 51 52
52 52 53
53 53 54
54 54 55
55 55 56
56 56 57
57 57 58
58 58 59
59 59 60
60 60 61
61 61 62
62 62 63
63 63 64
64 64 65
65 65 66
66 66 67
67 67 68
68 68 69
69 69 70
70 70 71
71 71 72
72 72 73
73 73 74
74 74 75
75 75 76
76 76 77
77 77 78
78 78 79
79 79 80
80 80 81
81 81 82
82 82 83
83 83 84
84 84 85
85 85 86
86 86 87
87 87 88
88 88 89
89 89 90
90 90 91
91 91 92
92 92 93
93 93 94
94 94 95
95 95 96
96 96 97
97 97 98
98 98 99
99 99 100
100 100 101
101 101 102
102 102 103
103 103 104
104 104 105
105 105 106
106 106 107
107 107 108
108 108 109
109 109 110
110 110 111
111 111 112
112 112 113
113 113 114
114 114 115
115 115 116
116 116 117
117 117 118
118 118 119
119 119 120
120 120 121
121 121 122
122 122 123
123 123 124
124 124 125
125 125 126
126 126 127
127 127 128
128 128 129
129 129 130
130 130 131
131 131 132
132 132 133
133 133 134
134 134 135
135 135 136
136 136 137
137 137 138
138 138 139
139 139 140
140 140 141
141 141 142
142 142 143
143 143 144
144 144 145
145 145 146
146 146 147
147 147 148
148 148 149
149 149 150
150 150 151
151 151 152
152 152 153
153 153 154
154 154 155
155 155 156
156 156 157
157 157 158
158 158 159
159 159 160
160 160 161
161 161 162
162 162 163
163 163 164
164 164 165
165 165 166
166 166 167
167 167 168
168 168 169
169 169 170
170 170 171
171 171 172
172 172 173
173 173 174
174 174 175
175 175 176
176 176 177
177 177 178
178 178 179
179 179 180
180 180 181
181 181 182
182 182 183
183 183 184
184 184 185
185 185 1
