shape_81

174 points
174 lines

Points

1 -5.468829820439580e-03 -8.861660458005715e-05
2 -5.436429504928934e-03 -1.957267590744267e-04
3 -5.393744130319337e-03 -3.039115914790586e-04
4 -5.341126157457765e-03 -4.130058731175305e-04
5 -5.278928047191187e-03 -5.228443753134198e-04
6 -5.207502260366577e-03 -6.332618693903044e-04
7 -5.127201257830904e-03 -7.440931266717609e-04
8 -5.038377500431147e-03 -8.551729184813677e-04
9 -4.941383449014276e-03 -9.663360161427018e-04
10 -4.836571564427265e-03 -1.077417190979341e-03
11 -4.724294307517085e-03 -1.188251214314863e-03
12 -4.604904139130706e-03 -1.298672857472845e-03
13 -4.478753520115108e-03 -1.408516891776864e-03
14 -4.346194911317260e-03 -1.517618088550498e-03
15 -4.207580773584131e-03 -1.625811219117326e-03
16 -4.063263567762701e-03 -1.732931054800923e-03
17 -3.913595754699938e-03 -1.838812366924868e-03
18 -3.758929795242816e-03 -1.943289926812738e-03
19 -3.599618150238310e-03 -2.046198505788111e-03
20 -3.436013280533389e-03 -2.147372875174565e-03
21 -3.268467646975027e-03 -2.246647806295676e-03
22 -3.097333710410198e-03 -2.343858070475022e-03
23 -2.922963931685874e-03 -2.438838439036181e-03
24 -2.745710771649027e-03 -2.531423683302730e-03
25 -2.565926691146631e-03 -2.621448574598247e-03
26 -2.383964151025658e-03 -2.708747884246309e-03
27 -2.200175612133082e-03 -2.793156383570495e-03
28 -2.014913535315873e-03 -2.874508843894381e-03
29 -1.828530381421008e-03 -2.952640036541544e-03
30 -1.641378611295457e-03 -3.027384732835562e-03
31 -1.453810685786193e-03 -3.098577704100015e-03
32 -1.266179065740189e-03 -3.166053721658478e-03
33 -1.078836212004417e-03 -3.229647556834529e-03
34 -8.921345854258517e-04 -3.289193980951744e-03
35 -7.064266468514642e-04 -3.344527765333703e-03
36 -5.220648571282277e-04 -3.395483681303983e-03
37 -3.394016771031164e-04 -3.441896500186161e-03
38 -1.587895676231008e-04 -3.483600993303815e-03
39 1.941901046484521e-05 -3.520431931980521e-03
40 1.948715963137490e-04 -3.552224087539858e-03
41 3.672157290766378e-04 -3.578812231305404e-03
42 5.360989479065385e-04 -3.600031134600735e-03
43 7.011687919564777e-04 -3.615715568749429e-03
44 8.620728003794844e-04 -3.625700305075065e-03
45 1.018458512328585e-03 -3.629820114901217e-03
46 1.169973466956807e-03 -3.627909769551467e-03
47 1.316265203417176e-03 -3.619804040349390e-03
48 1.456981260862721e-03 -3.605337698618562e-03
49 1.591769178446468e-03 -3.584345515682564e-03
50 1.720276495321447e-03 -3.556662262864971e-03
51 1.842150750640681e-03 -3.522122711489362e-03
52 1.950380381382872e-03 -3.481792096889897e-03
53 2.056529195096258e-03 -3.431211684938662e-03
54 2.160556552721671e-03 -3.370775043899492e-03
55 2.262421815199944e-03 -3.300875742036223e-03
56 2.362084343471911e-03 -3.221907347612693e-03
57 2.459503498478406e-03 -3.134263428892737e-03
58 2.554638641160263e-03 -3.038337554140192e-03
59 2.647449132458312e-03 -2.934523291618893e-03
60 2.737894333313392e-03 -2.823214209592676e-03
61 2.825933604666330e-03 -2.704803876325379e-03
62 2.911526307457965e-03 -2.579685860080836e-03
63 2.994631802629125e-03 -2.448253729122883e-03
64 3.075209451120648e-03 -2.310901051715358e-03
65 3.153218613873365e-03 -2.168021396122095e-03
66 3.228618651828110e-03 -2.020008330606932e-03
67 3.301368925925715e-03 -1.867255423433705e-03
68 3.371428797107016e-03 -1.710156242866249e-03
69 3.438757626312844e-03 -1.549104357168400e-03
70 3.503314774484035e-03 -1.384493334603994e-03
71 3.565059602561420e-03 -1.216716743436870e-03
72 3.623951471485832e-03 -1.046168151930860e-03
73 3.679949742198107e-03 -8.732411283498031e-04
74 3.733013775639077e-03 -6.983292409575340e-04
75 3.783102932749574e-03 -5.218260580178891e-04
76 3.830176574470433e-03 -3.441251477947046e-04
77 3.874194061742487e-03 -1.656200785518170e-04
78 3.915114755506569e-03 1.329558144693861e-05
79 3.952898016703513e-03 1.922282639377260e-04
80 3.987503206274152e-03 3.707844006567080e-04
81 4.018889685159318e-03 5.485704233400487e-04
82 4.047016814299849e-03 7.251927637239126e-04
83 4.071843954636573e-03 9.002578535444631e-04
84 4.093330467110327e-03 1.073372124537865e-03
85 4.111435712661941e-03 1.244142008440281e-03
86 4.126119052232251e-03 1.412173936987875e-03
87 4.137339846762090e-03 1.577074341916812e-03
88 4.145057457192291e-03 1.738449654963255e-03
89 4.149231244463688e-03 1.895906307863369e-03
90 4.149820569517113e-03 2.049050732353316e-03
91 4.146784793293399e-03 2.197489360169261e-03
92 4.140083276733383e-03 2.340828623047368e-03
93 4.129675380777895e-03 2.478674952723800e-03
94 4.115520466367768e-03 2.610634780934723e-03
95 4.097577894443838e-03 2.736314539416299e-03
96 4.075807025946936e-03 2.855320659904691e-03
97 4.050167221817896e-03 2.967259574136066e-03
98 4.024243185545072e-03 3.040917265706586e-03
99 3.987591054228651e-03 3.102321787632703e-03
100 3.940759960031750e-03 3.152040963294518e-03
101 3.884299035117476e-03 3.190642616072135e-03
102 3.818757411648944e-03 3.218694569345655e-03
103 3.744684221789264e-03 3.236764646495180e-03
104 3.662628597701551e-03 3.245420670900813e-03
105 3.573139671548910e-03 3.245230465942655e-03
106 3.476766575494462e-03 3.236761855000809e-03
107 3.374058441701311e-03 3.220582661455373e-03
108 3.265564402332573e-03 3.197260708686456e-03
109 3.151833589551358e-03 3.167363820074155e-03
110 3.033415135520779e-03 3.131459818998574e-03
111 2.910858172403949e-03 3.090116528839814e-03
112 2.784711832363977e-03 3.043901772977978e-03
113 2.655525247563977e-03 2.993383374793167e-03
114 2.523847550167060e-03 2.939129157665483e-03
115 2.390227872336338e-03 2.881706944975030e-03
116 2.255215346234923e-03 2.821684560101909e-03
117 2.119359104025926e-03 2.759629826426221e-03
118 1.983208277872460e-03 2.696110567328068e-03
119 1.847311999937637e-03 2.631694606187554e-03
120 1.712219402384567e-03 2.566949766384780e-03
121 1.578479617376364e-03 2.502443871299847e-03
122 1.446641777076139e-03 2.438744744312859e-03
123 1.317255013647005e-03 2.376420208803916e-03
124 1.190868459252071e-03 2.316038088153122e-03
125 1.068031246054451e-03 2.258166205740577e-03
126 9.492925062172566e-04 2.203372384946385e-03
127 8.352013719035994e-04 2.152224449150647e-03
128 7.263069752765913e-04 2.105290221733465e-03
129 6.231584484993443e-04 2.063137526074941e-03
130 5.263049237349700e-04 2.026334185555178e-03
131 4.362955331465806e-04 1.995448023554277e-03
132 3.200489874184051e-04 1.960096872901360e-03
133 1.951310399037536e-04 1.925704660333836e-03
134 6.210140585092415e-05 1.892162976803970e-03
135 -7.848019949178534e-05 1.859363413264027e-03
136 -2.260540608760766e-04 1.827197560666276e-03
137 -3.800604630536514e-04 1.795557009962982e-03
138 -5.399396907762122e-04 1.764333352106411e-03
139 -7.051320287954601e-04 1.733418178048828e-03
140 -8.750777618630977e-04 1.702703078742502e-03
141 -1.049217174730827e-03 1.672079645139695e-03
142 -1.226990552150349e-03 1.641439468192678e-03
143 -1.407838178873366e-03 1.610674138853713e-03
144 -1.591200339651581e-03 1.579675248075070e-03
145 -1.776517319236694e-03 1.548334386809012e-03
146 -1.963229402380409e-03 1.516543146007805e-03
147 -2.150776873834425e-03 1.484193116623718e-03
148 -2.338600018350446e-03 1.451175889609015e-03
149 -2.526139120680175e-03 1.417383055915962e-03
150 -2.712834465575312e-03 1.382706206496827e-03
151 -2.898126337787560e-03 1.347036932303875e-03
152 -3.081455022068619e-03 1.310266824289372e-03
153 -3.262260803170193e-03 1.272287473405584e-03
154 -3.439983965843982e-03 1.232990470604778e-03
155 -3.614064794841691e-03 1.192267406839219e-03
156 -3.783943574915019e-03 1.150009873061174e-03
157 -3.949060590815669e-03 1.106109460222910e-03
158 -4.108856127295342e-03 1.060457759276691e-03
159 -4.262770469105741e-03 1.012946361174785e-03
160 -4.410243900998569e-03 9.634668568694569e-04
161 -4.550716707725526e-03 9.119108373129733e-04
162 -4.683629174038314e-03 8.581698934576009e-04
163 -4.808421584688634e-03 8.021356162556054e-04
164 -4.924534224428191e-03 7.436995966592532e-04
165 -5.031407378008683e-03 6.827534256208100e-04
166 -5.128481330181817e-03 6.191886940925419e-04
167 -5.215196365699289e-03 5.528969930267159e-04
168 -5.290992769312806e-03 4.837699133755976e-04
169 -5.355310825774067e-03 4.116990460914530e-04
170 -5.407590819834775e-03 3.365759821265487e-04
171 -5.447273036246631e-03 2.582923124331501e-04
172 -5.473797759761338e-03 1.767396279635243e-04
173 -5.486605275130597e-03 9.180951966993709e-05
174 -5.485135867106110e-03 3.393578504654568e-06

Lines

1 1 2
2 2 3
3 3 4
4 4 5
5 5 6
6 6 7
7 7 8
8 8 9
9 9 10
10 10 11
11 11 12
12 12 13
13 13 14
14 14 15
15 15 16
16 16 17
17 17 18
18 18 19
19 19 20
20 20 21
21 21 22
22 22 23
23 23 24
24 24 25
25 25 26
26 26 27
27 27 28
28 28 29
29 29 30
30 30 31
31 31 32
32 32 33
33 33 34
34 34 35
35 35 36
36 36 37
37 37 38
38 38 39
39 39 40
40 40 41
41 41 42
42 42 43
43 43 44
44 44 45
45 45 46
46 46 47
47 47 48
48 48 49
49 49 50
50 50 51
51 51 52
52 52 53
53 53 54
54 54 55
55 55 56
56 56 57
57 57 58
58 58 59
59 59 60
60 60 61
61 61 62
62 62 63
63 63 64
64 64 65
65 65 66
66 66 67
67 67 68
68 68 69
69 69 70
70 70 71
71 71 72
72 72 73
73 73 74
74 74 75
75 75 76
76 76 77
77 77 78
78 78 79
79 79 80
80 80 81
81 81 82
82 82 83
83 83 84
84 84 85
85 85 86
86 86 87
87 87 88
88 88 89
89 89 90
90 90 91
91 91 92
92 92 93
93 93 94
94 94 95
95 95 96
96 96 97
97 97 98
98 98 99
99 99 100
100 100 101
101 101 102
102 102 103
103 103 104
104 104 105
105 105 106
106 106 107
107 107 108
108 108 109
109 109 110
110 110 111
111 111 112
112 112 113
113 113 114
114 114 115
115 115 116
116 116 117
117 117 118
118 118 119
119 119 120
120 120 121
121 121 122
122 122 123
123 123 124
124 124 125
125 125 126
126 126 127
127 127 128
128 128 129
129 129 130
130 130 131
131 131 132
132 132 133
133 133 134
134 134 135
135 135 136
136 136 137
137 137 138
138 138 139
139 139 140
140 140 141
141 141 142
142 142 143
143 143 144
144 144 145
145 145 146
146 146 147
147 147 148
148 148 149
149 149 150
150 150 151
151 151 152
152 152 153
153 153 154
154 154 155
155 155 156
156 156 157
157 157 158
158 158 159
159 159 160
160 160 161
161 161 162
162 162 163
163 163 164
164 164 165
165 165 166
166 166 167
167 167 168
168 168 169
169 169 170
170 170 171
171 171 172
172 172 173
173 173 174
174 174 1
