shape_77

153 points
153 lines

Points

1 -2.024108722273224e-03 3.147581595048019e-04
2 -1.941777341751781e-03 2.447305497440437e-04
3 -1.850701258875141e-03 1.659322263777538e-04
4 -1.751343876582900e-03 7.890158340901441e-05
5 -1.644168597814651e-03 -1.582298515909258e-05
6 -1.529638825509990e-03 -1.177030853234852e-04
7 -1.408217962608512e-03 -2.262003230810819e-04
8 -1.280369412049810e-03 -3.407763044288001e-04
9 -1.146556576773479e-03 -4.608926353635584e-04
10 -1.007242859719114e-03 -5.860109218822744e-04
11 -8.628916638263095e-04 -7.155927699818666e-04
12 -7.139663920346601e-04 -8.490997856592524e-04
13 -5.609304472837599e-04 -9.859935749113508e-04
14 -4.042472325132039e-04 -1.125735743735079e-03
15 -2.443801506625869e-04 -1.267787898127355e-03
16 -8.179260467150257e-05 -1.411611644085099e-03
17 8.305200252045356e-05 -1.556668587605226e-03
18 2.496902679736872e-04 -1.702420334684655e-03
19 4.176587887486045e-04 -1.848328491320305e-03
20 5.864941619056095e-04 -1.993854663509094e-03
21 7.557329845051088e-04 -2.138460457247938e-03
22 9.249118536075078e-04 -2.281607478533759e-03
23 1.093567366273212e-03 -2.422757333363471e-03
24 1.261236119562625e-03 -2.561371627733993e-03
25 1.427454710536155e-03 -2.696911967642245e-03
26 1.591759736254205e-03 -2.828839959085143e-03
27 1.753687793777182e-03 -2.956617208059607e-03
28 1.912775480165491e-03 -3.079705320562553e-03
29 2.068559392479537e-03 -3.197565902590900e-03
30 2.220576127779727e-03 -3.309660560141567e-03
31 2.368362283126465e-03 -3.415450899211471e-03
32 2.511454455580155e-03 -3.514398525797529e-03
33 2.649389242201206e-03 -3.605965045896662e-03
34 2.781703240050021e-03 -3.689612065505784e-03
35 2.907933046187006e-03 -3.764801190621817e-03
36 3.027615257672566e-03 -3.830994027241677e-03
37 3.140286471567108e-03 -3.887652181362283e-03
38 3.245483284931035e-03 -3.934237258980552e-03
39 3.342742294824754e-03 -3.970210866093402e-03
40 3.431600098308671e-03 -3.995034608697753e-03
41 3.511593292443189e-03 -4.008170092790519e-03
42 3.582258474288716e-03 -4.009078924368623e-03
43 3.643132240905659e-03 -3.997222709428982e-03
44 3.693751189354417e-03 -3.972063053968510e-03
45 3.733651916695401e-03 -3.933061563984129e-03
46 3.762371019989014e-03 -3.879679845472756e-03
47 3.779445096295663e-03 -3.811379504431309e-03
48 3.784410742675753e-03 -3.727622146856707e-03
49 3.776804556189688e-03 -3.627869378745866e-03
50 3.757089013965164e-03 -3.501452002694582e-03
51 3.730735318427571e-03 -3.373274058488967e-03
52 3.697930332311385e-03 -3.243424991991294e-03
53 3.658860918351086e-03 -3.111994249063839e-03
54 3.613713939281155e-03 -2.979071275568880e-03
55 3.562676257836073e-03 -2.844745517368693e-03
56 3.505934736750319e-03 -2.709106420325554e-03
57 3.443676238758371e-03 -2.572243430301737e-03
58 3.376087626594711e-03 -2.434245993159521e-03
59 3.303355762993819e-03 -2.295203554761182e-03
60 3.225667510690175e-03 -2.155205560968996e-03
61 3.143209732418257e-03 -2.014341457645238e-03
62 3.056169290912545e-03 -1.872700690652184e-03
63 2.964733048907523e-03 -1.730372705852112e-03
64 2.869087869137667e-03 -1.587446949107299e-03
65 2.769420614337457e-03 -1.444012866280018e-03
66 2.665918147241373e-03 -1.300159903232546e-03
67 2.558767330583897e-03 -1.155977505827162e-03
68 2.448155027099508e-03 -1.011555119926140e-03
69 2.334268099522683e-03 -8.669821913917554e-04
70 2.217293410587904e-03 -7.223481660862857e-04
71 2.097417823029654e-03 -5.777424898720073e-04
72 1.974828199582409e-03 -4.332546086111963e-04
73 1.849711402980649e-03 -2.889739681661279e-04
74 1.722254295958855e-03 -1.449900143990790e-04
75 1.592643741251506e-03 -1.392193172326274e-06
76 1.461066601593085e-03 1.417300496518540e-04
77 1.327709739718067e-03 2.842872682111874e-04
78 1.192760018360935e-03 4.261900166433962e-04
79 1.056404300256169e-03 5.673488490862035e-04
80 9.188294481382473e-04 7.076743196773340e-04
81 7.802223247416508e-04 8.470769825545127e-04
82 6.407697928008585e-04 9.854673918554618e-04
83 5.006587150503526e-04 1.122756101717905e-03
84 3.600759542246111e-04 1.258853666279566e-03
85 2.192083730581134e-04 1.393670639678171e-03
86 7.824283428533984e-05 1.527117576051441e-03
87 -6.263379935922820e-05 1.659105029537100e-03
88 -2.032346651411120e-04 1.789543554272872e-03
89 -3.433729003258328e-04 1.918343704396483e-03
90 -4.828616421789091e-04 2.045416034045655e-03
91 -6.215140279658611e-04 2.170671097358111e-03
92 -7.591431949522089e-04 2.294019448471576e-03
93 -8.955622804034740e-04 2.415371641523773e-03
94 -1.030584421585176e-03 2.534638230652428e-03
95 -1.164022755762833e-03 2.651729769995261e-03
96 -1.295690420201966e-03 2.766556813689999e-03
97 -1.425400552168098e-03 2.879029915874364e-03
98 -1.552966288926746e-03 2.989059630686081e-03
99 -1.678200767743430e-03 3.096556512262873e-03
100 -1.800917125883672e-03 3.201431114742463e-03
101 -1.920928500612991e-03 3.303593992262577e-03
102 -2.038048029196908e-03 3.402955698960938e-03
103 -2.152088848900941e-03 3.499426788975267e-03
104 -2.262864096990612e-03 3.592917816443292e-03
105 -2.370186910731441e-03 3.683339335502735e-03
106 -2.473870427388948e-03 3.770601900291320e-03
107 -2.518692068243850e-03 3.800919831204295e-03
108 -2.557717209902639e-03 3.812249680830780e-03
109 -2.591252101191865e-03 3.805864127354384e-03
110 -2.619602990938079e-03 3.783035848958726e-03
111 -2.643076127967830e-03 3.745037523827419e-03
112 -2.661977761107667e-03 3.693141830144075e-03
113 -2.676614139184141e-03 3.628621446092314e-03
114 -2.687291511023801e-03 3.552749049855745e-03
115 -2.694316125453197e-03 3.466797319617986e-03
116 -2.697994231298880e-03 3.372038933562650e-03
117 -2.698632077387398e-03 3.269746569873350e-03
118 -2.696535912545302e-03 3.161192906733703e-03
119 -2.692011985599141e-03 3.047650622327322e-03
120 -2.685366545375465e-03 2.930392394837822e-03
121 -2.676905840700825e-03 2.810690902448818e-03
122 -2.666936120401769e-03 2.689818823343923e-03
123 -2.655763633304848e-03 2.569048835706752e-03
124 -2.643694628236612e-03 2.449653617720920e-03
125 -2.631035354023610e-03 2.332905847570042e-03
126 -2.618092059492393e-03 2.220078203437731e-03
127 -2.605170993469509e-03 2.112443363507601e-03
128 -2.592578404781509e-03 2.011274005963269e-03
129 -2.580620542254942e-03 1.917842808988347e-03
130 -2.569603654716360e-03 1.833422450766450e-03
131 -2.559833990992310e-03 1.759285609481194e-03
132 -2.551617799909344e-03 1.696704963316192e-03
133 -2.544369083284641e-03 1.646435193628665e-03
134 -2.535033401925757e-03 1.591001962313281e-03
135 -2.523684815275355e-03 1.531000560126761e-03
136 -2.510397382776099e-03 1.467026277825823e-03
137 -2.495245163870655e-03 1.399674406167191e-03
138 -2.478302218001687e-03 1.329540235907582e-03
139 -2.459642604611860e-03 1.257219057803718e-03
140 -2.439340383143837e-03 1.183306162612317e-03
141 -2.417469613040284e-03 1.108396841090102e-03
142 -2.394104353743866e-03 1.033086383993792e-03
143 -2.369318664697247e-03 9.579700820801066e-04
144 -2.343186605343091e-03 8.836432261057666e-04
145 -2.315782235124063e-03 8.107011068274920e-04
146 -2.287179613482827e-03 7.397390150020032e-04
147 -2.257452799862049e-03 6.713522413860202e-04
148 -2.226675853704392e-03 6.061360767362634e-04
149 -2.194922834452522e-03 5.446858118094530e-04
150 -2.162267801549103e-03 4.875967373623088e-04
151 -2.128784814436799e-03 4.354641441515516e-04
152 -2.094547932558275e-03 3.888833229339011e-04
153 -2.059631215356195e-03 3.484495644660778e-04

Lines

1 1 2
2 2 3
3 3 4
4 4 5
5 5 6
6 6 7
7 7 8
8 8 9
9 9 10
10 10 11
11 11 12
12 12 13
13 13 14
14 14 15
15 15 16
16 16 17
17 17 18
18 18 19
19 19 20
20 20 21
21 21 22
22 22 23
23 23 24
24 24 25
25 25 26
26 26 27
27 27 28
28 28 29
29 29 30
30 30 31
31 31 32
32 32 33
33 33 34
34 34 35
35 35 36
36 36 37
37 37 38
38 38 39
39 39 40
40 40 41
41 41 42
42 42 43
43 43 44
44 44 45
45 45 46
46 46 47
47 47 48
48 48 49
49 49 50
50 50 51
51 51 52
52 52 53
53 53 54
54 54 55
55 55 56
56 56 57
57 57 58
58 58 59
59 59 60
60 60 61
61 61 62
62 62 63
63 63 64
64 64 65
65 65 66
66 66 67
67 67 68
68 68 69
69 69 70
70 70 71
71 71 72
72 72 73
73 73 74
74 74 75
75 75 76
76 76 77
77 77 78
78 78 79
79 79 80
80 80 81
81 81 82
82 82 83
83 83 84
84 84 85
85 85 86
86 86 87
87 87 88
88 88 89
89 89 90
90 90 91
91 91 92
92 92 93
93 93 94
94 94 95
95 95 96
96 96 97
97 97 98
98 98 99
99 99 100
100 100 101
101 101 102
102 102 103
103 103 104
104 104 105
105 105 106
106 106 107
107 107 108
108 108 109
109 109 110
110 110 111
111 111 112
112 112 113
113 113 114
114 114 115
115 115 116
116 116 117
117 117 118
118 118 119
119 119 120
120 120 121
121 121 122
122 122 123
123 123 124
124 124 125
125 125 126
126 126 127
127 127 128
128 128 129
129 129 130
130 130 131
131 131 132
132 132 133
133 133 134
134 134 135
135 135 136
136 136 137
137 137 138
138 138 139
139 139 140
140 140 141
141 141 142
142 142 143
143 143 144
144 144 145
145 145 146
146 146 147
147 147 148
148 148 149
149 149 150
150 150 151
151 151 152
152 152 153
153 153 1
