shape_46

176 points
176 lines

Points

1 -2.152967939345952e-03 -3.326647562946108e-03
2 -2.133505495711827e-03 -3.391843685067137e-03
3 -2.102913279713614e-03 -3.458622141728067e-03
4 -2.061904873335886e-03 -3.526612698466763e-03
5 -2.011193858563214e-03 -3.595445120821089e-03
6 -1.951493817380170e-03 -3.664749174328909e-03
7 -1.883518331771327e-03 -3.734154624528090e-03
8 -1.807980983721256e-03 -3.803291236956495e-03
9 -1.725595355214530e-03 -3.871788777151989e-03
10 -1.637075028235720e-03 -3.939277010652435e-03
11 -1.543133584769399e-03 -4.005385702995701e-03
12 -1.444484606800139e-03 -4.069744619719649e-03
13 -1.341841676312511e-03 -4.131983526362146e-03
14 -1.235918375291088e-03 -4.191732188461055e-03
15 -1.127428285720441e-03 -4.248620371554240e-03
16 -1.017084989585144e-03 -4.302277841179567e-03
17 -9.056020688697665e-04 -4.352334362874901e-03
18 -7.936931055588821e-04 -4.398419702178107e-03
19 -6.820716816370625e-04 -4.440163624627048e-03
20 -5.714513790888799e-04 -4.477195895759590e-03
21 -4.625457798989059e-04 -4.509146281113596e-03
22 -3.560684660517129e-04 -4.535644546226934e-03
23 -2.527330195318729e-04 -4.556320456637464e-03
24 -1.532530223239577e-04 -4.570803777883055e-03
25 -5.834205641253941e-05 -4.578724275501569e-03
26 3.128629621780984e-05 -4.579711715030873e-03
27 1.149184535825182e-04 -4.573395862008830e-03
28 1.918408336970133e-04 -4.559406481973304e-03
29 2.613398545767235e-04 -4.537373340462161e-03
30 3.227019342370766e-04 -4.506926203013266e-03
31 3.752134906935005e-04 -4.467694835164482e-03
32 4.181609419614234e-04 -4.419309002453676e-03
33 4.508307060562731e-04 -4.361398470418711e-03
34 5.000374935387378e-04 -4.245326619413539e-03
35 5.485495165915627e-04 -4.125202388631813e-03
36 5.963475753113505e-04 -4.001161942311247e-03
37 6.434124697947049e-04 -3.873341444689554e-03
38 6.897250001382288e-04 -3.741877060004447e-03
39 7.352659664385259e-04 -3.606904952493640e-03
40 7.800161687921988e-04 -3.468561286394843e-03
41 8.239564072958518e-04 -3.326982225945773e-03
42 8.670674820460867e-04 -3.182303935384141e-03
43 9.093301931395079e-04 -3.034662578947662e-03
44 9.507253406727184e-04 -2.884194320874046e-03
45 9.912337247423217e-04 -2.731035325401011e-03
46 1.030836145444920e-03 -2.575321756766265e-03
47 1.069513402877117e-03 -2.417189779207525e-03
48 1.107246297135517e-03 -2.256775556962503e-03
49 1.144015628316723e-03 -2.094215254268914e-03
50 1.179802196517336e-03 -1.929645035364466e-03
51 1.214586801833962e-03 -1.763201064486876e-03
52 1.248350244363203e-03 -1.595019505873859e-03
53 1.281073324201663e-03 -1.425236523763125e-03
54 1.312736841445944e-03 -1.253988282392388e-03
55 1.343321596192651e-03 -1.081410945999361e-03
56 1.372808388538386e-03 -9.076406788217589e-04
57 1.401178018579752e-03 -7.328136450972922e-04
58 1.428411286413352e-03 -5.570660090636763e-04
59 1.454488992135791e-03 -3.805339349586234e-04
60 1.479391935843672e-03 -2.033535870198477e-04
61 1.503100917633596e-03 -2.566112948506119e-05
62 1.525596737602169e-03 1.524072734080232e-04
63 1.546860195845993e-03 3.307154574216902e-04
64 1.566872092461670e-03 5.091272583182278e-04
65 1.585613227545806e-03 6.875065118599243e-04
66 1.603064401195002e-03 8.657170538090654e-04
67 1.619206413505862e-03 1.043622719927936e-03
68 1.634020064574990e-03 1.221087345978826e-03
69 1.647486154498988e-03 1.397974767724019e-03
70 1.659585483374459e-03 1.574148820925805e-03
71 1.670298851298008e-03 1.749473341346467e-03
72 1.679607058366237e-03 1.923812164748296e-03
73 1.687490904675751e-03 2.097029126893577e-03
74 1.693931190323150e-03 2.268988063544596e-03
75 1.698908715405040e-03 2.439552810463640e-03
76 1.702404280018023e-03 2.608587203412997e-03
77 1.704398684258703e-03 2.775955078154952e-03
78 1.704872728223682e-03 2.941520270451794e-03
79 1.703807212009565e-03 3.105146616065808e-03
80 1.701182935712954e-03 3.266697950759282e-03
81 1.696980699430452e-03 3.426038110294502e-03
82 1.691181303258664e-03 3.583030930433754e-03
83 1.683765547294191e-03 3.737540246939327e-03
84 1.674714231633638e-03 3.889429895573505e-03
85 1.664008156373608e-03 4.038563712098578e-03
86 1.651628121610703e-03 4.184805532276830e-03
87 1.637554927441528e-03 4.328019191870550e-03
88 1.621769373962684e-03 4.468068526642022e-03
89 1.604252261270777e-03 4.604817372353537e-03
90 1.584984389462409e-03 4.738129564767378e-03
91 1.563946558634182e-03 4.867868939645832e-03
92 1.541119568882701e-03 4.993899332751187e-03
93 1.516484220304569e-03 5.116084579845732e-03
94 1.496778038149204e-03 5.188267156860772e-03
95 1.472272066755638e-03 5.243123818378674e-03
96 1.443197314788493e-03 5.281357255653247e-03
97 1.409784790912395e-03 5.303670159938294e-03
98 1.372265503791968e-03 5.310765222487619e-03
99 1.330870462091836e-03 5.303345134555023e-03
100 1.285830674476625e-03 5.282112587394314e-03
101 1.237377149610958e-03 5.247770272259294e-03
102 1.185740896159461e-03 5.201020880403768e-03
103 1.131152922786757e-03 5.142567103081540e-03
104 1.073844238157472e-03 5.073111631546413e-03
105 1.014045850936229e-03 4.993357157052193e-03
106 9.519887697876547e-04 4.904006370852682e-03
107 8.879040033763720e-04 4.805761964201687e-03
108 8.220225603670065e-04 4.699326628353010e-03
109 7.545754494241817e-04 4.585403054560456e-03
110 6.857936792125229e-04 4.464693934077827e-03
111 6.159082583966546e-04 4.337901958158931e-03
112 5.451501956412012e-04 4.205729818057569e-03
113 4.737504996107870e-04 4.068880205027544e-03
114 4.019401789700370e-04 3.928055810322665e-03
115 3.299502423835759e-04 3.783959325196732e-03
116 2.580116985160275e-04 3.637293440903549e-03
117 1.863555560320173e-04 3.488760848696923e-03
118 1.152128235961696e-04 3.339064239830657e-03
119 4.481450987310857e-05 3.188906305558554e-03
120 -2.460837647254104e-05 3.038989737134419e-03
121 -9.282482677615457e-05 2.890017225812056e-03
122 -1.596038323731075e-04 2.742691462845269e-03
123 -2.247143845987749e-04 2.597715139487863e-03
124 -2.879254747885328e-04 2.455790946993640e-03
125 -3.490060942777565e-04 2.317621576616406e-03
126 -4.077252344018213e-04 2.183909719609965e-03
127 -4.638518864961027e-04 2.055358067228120e-03
128 -5.171550418959758e-04 1.932669310724677e-03
129 -5.674036919368165e-04 1.816546141353437e-03
130 -6.143668279540000e-04 1.707691250368207e-03
131 -6.578134412829020e-04 1.606807329022790e-03
132 -6.975125232588975e-04 1.514597068570990e-03
133 -7.332330652173621e-04 1.431763160266612e-03
134 -7.647440584936714e-04 1.359008295363459e-03
135 -7.970274990889006e-04 1.285169356396116e-03
136 -8.315818881599340e-04 1.206865314955241e-03
137 -8.682410616569865e-04 1.124300482364949e-03
138 -9.068388555302741e-04 1.037679169949353e-03
139 -9.472091057300111e-04 9.472056890325656e-04
140 -9.891856482064135e-04 8.530843509387015e-04
141 -1.032602318909696e-03 7.555194669918742e-04
142 -1.077292953790075e-03 6.547153485161972e-04
143 -1.123091388797764e-03 5.508763068357834e-04
144 -1.169831459882979e-03 4.442066532747461e-04
145 -1.217347002995935e-03 3.349106991571996e-04
146 -1.265471854086848e-03 2.231927558072570e-04
147 -1.314039849105933e-03 1.092571345490323e-04
148 -1.362884824003405e-03 -6.691853293361968e-06
149 -1.411840614729480e-03 -1.244498963958113e-04
150 -1.460741057234371e-03 -2.438126834342028e-04
151 -1.509419987468295e-03 -3.645759030844230e-04
152 -1.557711241381468e-03 -4.865352440223577e-04
153 -1.605448654924104e-03 -6.094863949238945e-04
154 -1.652466064046418e-03 -7.332250444649188e-04
155 -1.698597304698626e-03 -8.575468813213177e-04
156 -1.743676212830943e-03 -9.822475941689780e-04
157 -1.787536624393584e-03 -1.107122871683785e-03
158 -1.830012375336764e-03 -1.231968402541627e-03
159 -1.870937301610699e-03 -1.356579875418389e-03
160 -1.910145239165604e-03 -1.480752978989957e-03
161 -1.947470023951694e-03 -1.604283401932220e-03
162 -1.982745491919185e-03 -1.726966832921062e-03
163 -2.015805479018291e-03 -1.848598960632370e-03
164 -2.046483821199228e-03 -1.968975473742033e-03
165 -2.074614354412211e-03 -2.087892060925933e-03
166 -2.100030914607455e-03 -2.205144410859960e-03
167 -2.122567337735176e-03 -2.320528212220000e-03
168 -2.142057459745589e-03 -2.433839153681938e-03
169 -2.158335116588910e-03 -2.544872923921662e-03
170 -2.171234144215351e-03 -2.653425211615058e-03
171 -2.180588378575132e-03 -2.759291705438012e-03
172 -2.186231655618464e-03 -2.862268094066411e-03
173 -2.187997811295564e-03 -2.962150066176141e-03
174 -2.185720681556649e-03 -3.058733310443090e-03
175 -2.179234102351931e-03 -3.151813515543143e-03
176 -2.168371909631627e-03 -3.241186370152186e-03

Lines

1 1 2
2 2 3
3 3 4
4 4 5
5 5 6
6 6 7
7 7 8
8 8 9
9 9 10
10 10 11
11 11 12
12 12 13
13 13 14
14 14 15
15 15 16
16 16 17
17 17 18
18 18 19
19 19 20
20 20 21
21 21 22
22 22 23
23 23 24
24 24 25
25 25 26
26 26 27
27 27 28
28 28 29
29 29 30
30 30 31
31 31 32
32 32 33
33 33 34
34 34 35
35 35 36
36 36 37
37 37 38
38 38 39
39 39 40
40 40 41
41 41 42
42 42 43
43 43 44
44 44 45
45 45 46
46 46 47
47 47 48
48 48 49
49 49 50
50 50 51
51 51 52
52 52 53
53 53 54
54 54 55
55 55 56
56 56 57
57 57 58
58 58 59
59 59 60
60 60 61
61 61 62
62 62 63
63 63 64
64 64 65
65 65 66
66 66 67
67 67 68
68 68 69
69 69 70
70 70 71
71 71 72
72 72 73
73 73 74
74 74 75
75 75 76
76 76 77
77 77 78
78 78 79
79 79 80
80 80 81
81 81 82
82 82 83
83 83 84
84 84 85
85 85 86
86 86 87
87 87 88
88 88 89
89 89 90
90 90 91
91 91 92
92 92 93
93 93 94
94 94 95
95 95 96
96 96 97
97 97 98
98 98 99
99 99 100
100 100 101
101 101 102
102 102 103
103 103 104
104 104 105
105 105 106
106 106 107
107 107 108
108 108 109
109 109 110
110 110 111
111 111 112
112 112 113
113 113 114
114 114 115
115 115 116
116 116 117
117 117 118
118 118 119
119 119 120
120 120 121
121 121 122
122 122 123
123 123 124
124 124 125
125 125 126
126 126 127
127 127 128
128 128 129
129 129 130
130 130 131
131 131 132
132 132 133
133 133 134
134 134 135
135 135 136
136 136 137
137 137 138
138 138 139
139 139 140
140 140 141
141 141 142
142 142 143
143 143 144
144 144 145
145 145 146
146 146 147
147 147 148
148 148 149
149 149 150
150 150 151
151 151 152
152 152 153
153 153 154
154 154 155
155 155 156
156 156 157
157 157 158
158 158 159
159 159 160
160 160 161
161 161 162
162 162 163
163 163 164
164 164 165
165 165 166
166 166 167
167 167 168
168 168 169
169 169 170
170 170 171
171 171 172
172 172 173
173 173 174
174 174 175
175 175 176
176 176 1
