shape_54

176 points
176 lines

Points

1 -5.183401173885018e-03 -1.151265758616735e-03
2 -5.203376474030968e-03 -1.251386547032430e-03
3 -5.209705618151378e-03 -1.346167660789837e-03
4 -5.202840377670051e-03 -1.435742858983880e-03
5 -5.183232524010800e-03 -1.520245900709485e-03
6 -5.151333828597423e-03 -1.599810545061574e-03
7 -5.107596062853731e-03 -1.674570551135073e-03
8 -5.052470998203529e-03 -1.744659678024906e-03
9 -4.986410406070621e-03 -1.810211684825995e-03
10 -4.909866057878813e-03 -1.871360330633266e-03
11 -4.823289725051914e-03 -1.928239374541643e-03
12 -4.727133179013727e-03 -1.980982575646050e-03
13 -4.621848191188057e-03 -2.029723693041411e-03
14 -4.507886532998714e-03 -2.074596485822651e-03
15 -4.385699975869501e-03 -2.115734713084693e-03
16 -4.255740291224222e-03 -2.153272133922462e-03
17 -4.118459250486688e-03 -2.187342507430881e-03
18 -3.974308625080704e-03 -2.218079592704876e-03
19 -3.823740186430069e-03 -2.245617148839370e-03
20 -3.667205705958595e-03 -2.270088934929287e-03
21 -3.505156955090089e-03 -2.291628710069552e-03
22 -3.338045705248353e-03 -2.310370233355087e-03
23 -3.166323727857193e-03 -2.326447263880820e-03
24 -2.990442794340420e-03 -2.339993560741672e-03
25 -2.810854676121832e-03 -2.351142883032568e-03
26 -2.628011144625241e-03 -2.360028989848432e-03
27 -2.442363971274453e-03 -2.366785640284190e-03
28 -2.254364927493269e-03 -2.371546593434764e-03
29 -2.064465784705499e-03 -2.374445608395078e-03
30 -1.873118314334948e-03 -2.375616444260058e-03
31 -1.680774287805420e-03 -2.375192860124626e-03
32 -1.487885476540724e-03 -2.373308615083708e-03
33 -1.294903651964663e-03 -2.370097468232228e-03
34 -1.102280585501044e-03 -2.365693178665109e-03
35 -9.104680485736745e-04 -2.360229505477277e-03
36 -7.199178126063571e-04 -2.353840207763654e-03
37 -5.310816490229010e-04 -2.346659044619165e-03
38 -3.444113292471096e-04 -2.338819775138735e-03
39 -1.603586247027897e-04 -2.330456158417287e-03
40 2.062469318625210e-05 -2.321701953549746e-03
41 1.980868529962115e-04 -2.312690919631036e-03
42 3.715760833032817e-04 -2.303556815756081e-03
43 5.406406126836558e-04 -2.294433401019805e-03
44 7.048286697135305e-04 -2.285454434517132e-03
45 8.636884829690981e-04 -2.276753675342987e-03
46 1.016768281026552e-03 -2.268464882592294e-03
47 1.163616292462088e-03 -2.260721815359976e-03
48 1.303780745851899e-03 -2.253658232740958e-03
49 1.436809869772181e-03 -2.247407893830165e-03
50 1.562251892799127e-03 -2.242104557722520e-03
51 1.679655043508929e-03 -2.237881983512947e-03
52 1.788567550477785e-03 -2.234873930296372e-03
53 1.888537642281886e-03 -2.233214157167717e-03
54 1.933806101805848e-03 -2.228729084012802e-03
55 1.980854753649822e-03 -2.216504417925124e-03
56 2.029398729219283e-03 -2.197074814325820e-03
57 2.079153159919709e-03 -2.170974928636027e-03
58 2.129833177156575e-03 -2.138739416276881e-03
59 2.181153912335358e-03 -2.100902932669519e-03
60 2.232830496861534e-03 -2.058000133235079e-03
61 2.284578062140581e-03 -2.010565673394697e-03
62 2.336111739577974e-03 -1.959134208569510e-03
63 2.387146660579190e-03 -1.904240394180656e-03
64 2.437397956549704e-03 -1.846418885649270e-03
65 2.486580758894995e-03 -1.786204338396489e-03
66 2.534410199020537e-03 -1.724131407843452e-03
67 2.580601408331809e-03 -1.660734749411294e-03
68 2.624869518234285e-03 -1.596549018521151e-03
69 2.666929660133442e-03 -1.532108870594163e-03
70 2.706496965434757e-03 -1.467948961051464e-03
71 2.743286565543707e-03 -1.404603945314192e-03
72 2.777013591865767e-03 -1.342608478803484e-03
73 2.807393175806415e-03 -1.282497216940476e-03
74 2.834140448771126e-03 -1.224804815146306e-03
75 2.856970542165376e-03 -1.170065928842111e-03
76 2.875598587394644e-03 -1.118815213449026e-03
77 2.889739715864404e-03 -1.071587324388190e-03
78 2.911802241299043e-03 -9.905273004282634e-04
79 2.937498249399661e-03 -9.013686159445840e-04
80 2.966496104183526e-03 -8.046397385104296e-04
81 2.998464169667910e-03 -7.008691356990769e-04
82 3.033070809870083e-03 -5.905852750838036e-04
83 3.069984388807315e-03 -4.743166242378874e-04
84 3.108873270496880e-03 -3.525916507346059e-04
85 3.149405818956048e-03 -2.259388221472364e-04
86 3.191250398202087e-03 -9.488660604905645e-05
87 3.234075372252269e-03 4.003652998665654e-05
88 3.277549105123868e-03 1.783021183866250e-04
89 3.321339960834150e-03 3.193816915775714e-04
90 3.365116303400390e-03 4.627467819862180e-04
91 3.408546496839856e-03 6.078689220392878e-04
92 3.451298905169820e-03 7.542196441635026e-04
93 3.493041892407554e-03 9.012704807855858e-04
94 3.533443822570326e-03 1.048492964332259e-03
95 3.572173059675410e-03 1.195358627230246e-03
96 3.608897967740073e-03 1.341339001906267e-03
97 3.643286910781589e-03 1.485905620787047e-03
98 3.675008252817229e-03 1.628530016299307e-03
99 3.703730357864261e-03 1.768683720869770e-03
100 3.729121589939959e-03 1.905838266925158e-03
101 3.750850313061592e-03 2.039465186892194e-03
102 3.768584891246431e-03 2.169036013197600e-03
103 3.781993688511748e-03 2.294022278268099e-03
104 3.790745068874812e-03 2.413895514530414e-03
105 3.794507396352895e-03 2.528127254411267e-03
106 3.792949034963267e-03 2.636189030337379e-03
107 3.785738348723201e-03 2.737552374735475e-03
108 3.772543701649965e-03 2.831688820032277e-03
109 3.753033457760832e-03 2.918069898654505e-03
110 3.726875981073071e-03 2.996167143028884e-03
111 3.693739635603954e-03 3.065452085582135e-03
112 3.653292785370752e-03 3.125396258740983e-03
113 3.605203794390735e-03 3.175471194932148e-03
114 3.549141026681175e-03 3.215148426582353e-03
115 3.484772846259341e-03 3.243899486118322e-03
116 3.411767617142506e-03 3.261195905966774e-03
117 3.329793703347940e-03 3.266509218554435e-03
118 3.200541041843180e-03 3.263615338365974e-03
119 3.066815740281962e-03 3.257468985648548e-03
120 2.928826990298210e-03 3.248114366545066e-03
121 2.786783983525854e-03 3.235595687198440e-03
122 2.640895911598818e-03 3.219957153751580e-03
123 2.491371966151032e-03 3.201242972347400e-03
124 2.338421338816421e-03 3.179497349128804e-03
125 2.182253221228914e-03 3.154764490238710e-03
126 2.023076805022436e-03 3.127088601820024e-03
127 1.861101281830916e-03 3.096513890015658e-03
128 1.696535843288280e-03 3.063084560968523e-03
129 1.529589681028456e-03 3.026844820821532e-03
130 1.360471986685370e-03 2.987838875717590e-03
131 1.189391951892950e-03 2.946110931799613e-03
132 1.016558768285124e-03 2.901705195210511e-03
133 8.421816274958171e-04 2.854665872093193e-03
134 6.664697211589576e-04 2.805037168590570e-03
135 4.896322409084717e-04 2.752863290845553e-03
136 3.118783783782883e-04 2.698188445001054e-03
137 1.334173252023329e-04 2.641056837199983e-03
138 -4.554172698546689e-05 2.581512673585249e-03
139 -2.247895865511834e-04 2.519600160299765e-03
140 -4.041170618608907e-04 2.455363503486441e-03
141 -5.833149612806610e-04 2.388846909288188e-03
142 -7.621740931765662e-04 2.320094583847915e-03
143 -9.404852659146804e-04 2.249150733308537e-03
144 -1.118039287861076e-03 2.176059563812960e-03
145 -1.294626967381827e-03 2.100865281504097e-03
146 -1.470039112843004e-03 2.023612092524859e-03
147 -1.644066532610682e-03 1.944344203018157e-03
148 -1.816500035050931e-03 1.863105819126899e-03
149 -1.987130428529829e-03 1.779941146993999e-03
150 -2.155748521413444e-03 1.694894392762366e-03
151 -2.322145122067851e-03 1.608009762574912e-03
152 -2.486111038859123e-03 1.519331462574546e-03
153 -2.647437080153331e-03 1.428903698904180e-03
154 -2.805914054316550e-03 1.336770677706725e-03
155 -2.961332769714852e-03 1.242976605125091e-03
156 -3.113484034714311e-03 1.147565687302189e-03
157 -3.262158657680997e-03 1.050582130380930e-03
158 -3.407147446980987e-03 9.520701405042228e-04
159 -3.548241210980349e-03 8.520739238149816e-04
160 -3.685230758045162e-03 7.506376864561144e-04
161 -3.817906896541491e-03 6.478056345705340e-04
162 -3.946060434835416e-03 5.436219743011490e-04
163 -4.069482181293007e-03 4.381309117908720e-04
164 -4.187962944280336e-03 3.313766531826122e-04
165 -4.301293532163478e-03 2.234034046192811e-04
166 -4.409264753308503e-03 1.142553722437904e-04
167 -4.511667416081487e-03 3.976762199048815e-06
168 -4.608292328848500e-03 -1.073882193720306e-04
169 -4.698930299975618e-03 -2.197953663265394e-04
170 -4.783372137828910e-03 -3.332004725215649e-04
171 -4.861408650774453e-03 -4.475593318141980e-04
172 -4.932830647178318e-03 -5.628277380615263e-04
173 -4.997428935406576e-03 -6.789614851206409e-04
174 -5.054994323825304e-03 -7.959163668486290e-04
175 -5.105317620800570e-03 -9.136481771025817e-04
176 -5.148189634698451e-03 -1.032112709739587e-03

Lines

1 1 2
2 2 3
3 3 4
4 4 5
5 5 6
6 6 7
7 7 8
8 8 9
9 9 10
10 10 11
11 11 12
12 12 13
13 13 14
14 14 15
15 15 16
16 16 17
17 17 18
18 18 19
19 19 20
20 20 21
21 21 22
22 22 23
23 23 24
24 24 25
25 25 26
26 26 27
27 27 28
28 28 29
29 29 30
30 30 31
31 31 32
32 32 33
33 33 34
34 34 35
35 35 36
36 36 37
37 37 38
38 38 39
39 39 40
40 40 41
41 41 42
42 42 43
43 43 44
44 44 45
45 45 46
46 46 47
47 47 48
48 48 49
49 49 50
50 50 51
51 51 52
52 52 53
53 53 54
54 54 55
55 55 56
56 56 57
57 57 58
58 58 59
59 59 60
60 60 61
61 61 62
62 62 63
63 63 64
64 64 65
65 65 66
66 66 67
67 67 68
68 68 69
69 69 70
70 70 71
71 71 72
72 72 73
73 73 74
74 74 75
75 75 76
76 76 77
77 77 78
78 78 79
79 79 80
80 80 81
81 81 82
82 82 83
83 83 84
84 84 85
85 85 86
86 86 87
87 87 88
88 88 89
89 89 90
90 90 91
91 91 92
92 92 93
93 93 94
94 94 95
95 95 96
96 96 97
97 97 98
98 98 99
99 99 100
100 100 101
101 101 102
102 102 103
103 103 104
104 104 105
105 105 106
106 106 107
107 107 108
108 108 109
109 109 110
110 110 111
111 111 112
112 112 113
113 113 114
114 114 115
115 115 116
116 116 117
117 117 118
118 118 119
119 119 120
120 120 121
121 121 122
122 122 123
123 123 124
124 124 125
125 125 126
126 126 127
127 127 128
128 128 129
129 129 130
130 130 131
131 131 132
132 132 133
133 133 134
134 134 135
135 135 136
136 136 137
137 137 138
138 138 139
139 139 140
140 140 141
141 141 142
142 142 143
143 143 144
144 144 145
145 145 146
146 146 147
147 147 148
148 148 149
149 149 150
150 150 151
151 151 152
152 152 153
153 153 154
154 154 155
155 155 156
156 156 157
157 157 158
158 158 159
159 159 160
160 160 161
161 161 162
162 162 163
163 163 164
164 164 165
165 165 166
166 166 167
167 167 168
168 168 169
169 169 170
170 170 171
171 171 172
172 172 173
173 173 174
174 174 175
175 175 176
176 176 1
