shape_47

185 points
185 lines

Points

1 -6.122372906366412e-04 -5.009172558523136e-03
2 -5.059175214406782e-04 -5.037581488093907e-03
3 -3.966034424967073e-04 -5.053902495867140e-03
4 -2.844828149634519e-04 -5.058508667842758e-03
5 -1.697433999996367e-04 -5.051773090020703e-03
6 -5.257295876398559e-05 -5.034068848400903e-03
7 6.684074758477695e-05 -5.005769028983293e-03
8 1.883099578879268e-04 -4.967246717767810e-03
9 3.116469109867396e-04 -4.918875000754384e-03
10 4.366638457224913e-04 -4.861026963942948e-03
11 5.631730009364581e-04 -4.794075693333439e-03
12 6.909866154699150e-04 -4.718394274925790e-03
13 8.199169281641381e-04 -4.634355794719931e-03
14 9.497761778604033e-04 -4.542333338715799e-03
15 1.080376603399987e-03 -4.442699992913328e-03
16 1.211530443624163e-03 -4.335828843312446e-03
17 1.343049937374209e-03 -4.222092975913095e-03
18 1.474747323491401e-03 -4.101865476715204e-03
19 1.606434840817013e-03 -3.975519431718704e-03
20 1.737924728192322e-03 -3.843427926923534e-03
21 1.869029224458604e-03 -3.705964048329625e-03
22 1.999560568457134e-03 -3.563500881936910e-03
23 2.129330999029189e-03 -3.416411513745323e-03
24 2.258152755016043e-03 -3.265069029754799e-03
25 2.385838075258973e-03 -3.109846515965269e-03
26 2.512199198599254e-03 -2.951117058376668e-03
27 2.637048363878163e-03 -2.789253742988932e-03
28 2.760197809936975e-03 -2.624629655801991e-03
29 2.881459775616966e-03 -2.457617882815780e-03
30 3.000646499759411e-03 -2.288591510030232e-03
31 3.117570221205588e-03 -2.117923623445281e-03
32 3.232043178796770e-03 -1.945987309060862e-03
33 3.343877611374235e-03 -1.773155652876906e-03
34 3.452885757779257e-03 -1.599801740893348e-03
35 3.558879856853113e-03 -1.426298659110122e-03
36 3.661672147437078e-03 -1.253019493527161e-03
37 3.761074868372428e-03 -1.080337330144398e-03
38 3.856900258500440e-03 -9.086252549617683e-04
39 3.948960556662389e-03 -7.382563539792037e-04
40 4.037068001699550e-03 -5.696037131966391e-04
41 4.121034832453199e-03 -4.030404186140070e-04
42 4.200673287764613e-03 -2.389395562312413e-04
43 4.275795606475066e-03 -7.767421204827674e-05
44 4.346214027425836e-03 8.038252793495510e-05
45 4.411740789458198e-03 2.348575777185193e-04
46 4.472188131413425e-03 3.853778513024814e-04
47 4.527368292132797e-03 5.315702626869101e-04
48 4.577093510457587e-03 6.730617258718697e-04
49 4.621176025229073e-03 8.094791548574283e-04
50 4.659428075288527e-03 9.404494636436518e-04
51 4.691661899477229e-03 1.065599566230605e-03
52 4.717689736636453e-03 1.184556376618357e-03
53 4.737323825607475e-03 1.296946808806972e-03
54 4.741698092069650e-03 1.373391227000237e-03
55 4.730799439301525e-03 1.439966354078624e-03
56 4.705349556123998e-03 1.497153830169591e-03
57 4.666070131357962e-03 1.545435295400600e-03
58 4.613682853824310e-03 1.585292389899110e-03
59 4.548909412343933e-03 1.617206753792579e-03
60 4.472471495737727e-03 1.641660027208468e-03
61 4.385090792826588e-03 1.659133850274237e-03
62 4.287488992431407e-03 1.670109863117346e-03
63 4.180387783373075e-03 1.675069705865254e-03
64 4.064508854472491e-03 1.674495018645421e-03
65 3.940573894550546e-03 1.668867441585307e-03
66 3.809304592428134e-03 1.658668614812372e-03
67 3.671422636926147e-03 1.644380178454074e-03
68 3.527649716865479e-03 1.626483772637875e-03
69 3.378707521067027e-03 1.605461037491234e-03
70 3.225317738351682e-03 1.581793613141611e-03
71 3.068202057540337e-03 1.555963139716464e-03
72 2.908082167453886e-03 1.528451257343255e-03
73 2.745679756913224e-03 1.499739606149442e-03
74 2.581716514739245e-03 1.470309826262487e-03
75 2.416914129752839e-03 1.440643557809847e-03
76 2.251994290774904e-03 1.411222440918983e-03
77 2.087678686626330e-03 1.382528115717356e-03
78 1.924689006128014e-03 1.355042222332424e-03
79 1.763746938100846e-03 1.329246400891647e-03
80 1.605574171365722e-03 1.305622291522485e-03
81 1.450892394743536e-03 1.284651534352399e-03
82 1.300423297055181e-03 1.266815769508847e-03
83 1.154888567121549e-03 1.252596637119289e-03
84 1.015009893763536e-03 1.242475777311185e-03
85 8.815089658020346e-04 1.236934830211996e-03
86 7.551074720579386e-04 1.236455435949180e-03
87 6.365271013521409e-04 1.241519234650197e-03
88 5.264895425055360e-04 1.252607866442507e-03
89 4.257164843390177e-04 1.270202971453570e-03
90 3.349296156734791e-04 1.294786189810846e-03
91 2.440827426425881e-04 1.329688347004848e-03
92 1.479595917002109e-04 1.375755168533676e-03
93 4.693649740514698e-05 1.432245888853419e-03
94 -5.861020568380444e-05 1.498419742420166e-03
95 -1.683041830078440e-04 1.573535963690005e-03
96 -2.817691000081723e-04 1.656853787119024e-03
97 -3.986286221259902e-04 1.747632447163313e-03
98 -5.185064148024985e-04 1.845131178278959e-03
99 -6.410261434788971e-04 1.948609214922052e-03
100 -7.658114735963876e-04 2.057325791548679e-03
101 -8.924860705961704e-04 2.170540142614930e-03
102 -1.020673599919446e-03 2.287511502576893e-03
103 -1.149997727007415e-03 2.407499105890657e-03
104 -1.280082117301278e-03 2.529762187012309e-03
105 -1.410550436242236e-03 2.653559980397940e-03
106 -1.541026349271490e-03 2.778151720503637e-03
107 -1.671133521830240e-03 2.902796641785488e-03
108 -1.800495619359687e-03 3.026753978699585e-03
109 -1.928736307301031e-03 3.149282965702011e-03
110 -2.055479251095474e-03 3.269642837248859e-03
111 -2.180348116184215e-03 3.387092827796217e-03
112 -2.302966568008457e-03 3.500892171800172e-03
113 -2.422958272009398e-03 3.610300103716812e-03
114 -2.539946893628241e-03 3.714575858002230e-03
115 -2.653556098306184e-03 3.812978669112508e-03
116 -2.763409551484431e-03 3.904767771503741e-03
117 -2.869130918604181e-03 3.989202399632013e-03
118 -2.970343865106634e-03 4.065541787953414e-03
119 -3.066672056432991e-03 4.133045170924034e-03
120 -3.157739158024453e-03 4.190971782999959e-03
121 -3.243168835322221e-03 4.238580858637281e-03
122 -3.322584753767495e-03 4.275131632292085e-03
123 -3.395610578801477e-03 4.299883338420461e-03
124 -3.461869975865366e-03 4.312095211478496e-03
125 -3.520986610400363e-03 4.311026485922283e-03
126 -3.572584147847670e-03 4.295936396207907e-03
127 -3.616286253648486e-03 4.266084176791457e-03
128 -3.651716593244013e-03 4.220729062129022e-03
129 -3.678498832075450e-03 4.159130286676690e-03
130 -3.696256635583999e-03 4.080547084890551e-03
131 -3.713029614459155e-03 3.954752460837936e-03
132 -3.726653193492265e-03 3.821941037373686e-03
133 -3.737157198426282e-03 3.682428855276929e-03
134 -3.744571455004167e-03 3.536531955326796e-03
135 -3.748925788968877e-03 3.384566378302411e-03
136 -3.750250026063372e-03 3.226848164982909e-03
137 -3.748573992030609e-03 3.063693356147414e-03
138 -3.743927512613547e-03 2.895417992575056e-03
139 -3.736340413555140e-03 2.722338115044965e-03
140 -3.725842520598351e-03 2.544769764336269e-03
141 -3.712463659486137e-03 2.363028981228098e-03
142 -3.696233655961455e-03 2.177431806499579e-03
143 -3.677182335767264e-03 1.988294280929843e-03
144 -3.655339524646520e-03 1.795932445298016e-03
145 -3.630735048342185e-03 1.600662340383229e-03
146 -3.603398732597213e-03 1.402800006964610e-03
147 -3.573360403154564e-03 1.202661485821288e-03
148 -3.540649885757198e-03 1.000562817732392e-03
149 -3.505297006148071e-03 7.968200434770514e-04
150 -3.467331590070140e-03 5.917492038343935e-04
151 -3.426783463266364e-03 3.856663395835479e-04
152 -3.383682451479703e-03 1.788874915036440e-04
153 -3.338058380453113e-03 -2.827129962618983e-05
154 -3.289941075929551e-03 -2.354939930268251e-04
155 -3.239360363651980e-03 -4.424645479191317e-04
156 -3.186346069363355e-03 -6.488669235239820e-04
157 -3.130928018806631e-03 -8.543850790622468e-04
158 -3.073136037724771e-03 -1.058702973754798e-03
159 -3.012999951860731e-03 -1.261504566822505e-03
160 -2.950549586957470e-03 -1.462473817486241e-03
161 -2.885814768757944e-03 -1.661294684966876e-03
162 -2.818825323005114e-03 -1.857651128485281e-03
163 -2.749611075441936e-03 -2.051227107262328e-03
164 -2.678201851811370e-03 -2.241706580518888e-03
165 -2.604627477856371e-03 -2.428773507475831e-03
166 -2.528917779319901e-03 -2.612111847354029e-03
167 -2.451102581944915e-03 -2.791405559374354e-03
168 -2.371211711474373e-03 -2.966338602757675e-03
169 -2.289274993651232e-03 -3.136594936724866e-03
170 -2.205322254218449e-03 -3.301858520496795e-03
171 -2.119383318918985e-03 -3.461813313294337e-03
172 -2.031488013495797e-03 -3.616143274338360e-03
173 -1.941666163691842e-03 -3.764532362849735e-03
174 -1.849947595250079e-03 -3.906664538049336e-03
175 -1.756362133913466e-03 -4.042223759158031e-03
176 -1.660939605424961e-03 -4.170893985396694e-03
177 -1.563709835527523e-03 -4.292359175986193e-03
178 -1.464702649964108e-03 -4.406303290147401e-03
179 -1.363947874477676e-03 -4.512410287101191e-03
180 -1.261475334811185e-03 -4.610364126068431e-03
181 -1.157314856707592e-03 -4.699848766269994e-03
182 -1.051496265909856e-03 -4.780548166926751e-03
183 -9.440493881609349e-04 -4.852146287259573e-03
184 -8.350040492037871e-04 -4.914327086489329e-03
185 -7.243900747813697e-04 -4.966774523836894e-03

Lines

1 1 2
2 2 3
3 3 4
4 4 5
5 5 6
6 6 7
7 7 8
8 8 9
9 9 10
10 10 11
11 11 12
12 12 13
13 13 14
14 14 15
15 15 16
16 16 17
17 17 18
18 18 19
19 19 20
20 20 21
21 21 22
22 22 23
23 23 24
24 24 25
25 25 26
26 26 27
27 27 28
28 28 29
29 29 30
30 30 31
31 31 32
32 32 33
33 33 34
34 34 35
35 35 36
36 36 37
37 37 38
38 38 39
39 39 40
40 40 41
41 41 42
42 42 43
43 43 44
44 44 45
45 45 46
46 46 47
47 47 48
48 48 49
49 49 50
50 50 51
51 51 52
52 52 53
53 53 54
54 54 55
55 55 56
56 56 57
57 57 58
58 58 59
59 59 60
60 60 61
61 61 62
62 62 63
63 63 64
64 64 65
65 65 66
66 66 67
67 67 68
68 68 69
69 69 70
70 70 71
71 71 72
72 72 73
73 73 74
74 74 75
75 75 76
76 76 77
77 77 78
78 78 79
79 79 80
80 80 81
81 81 82
82 82 83
83 83 84
84 84 85
85 85 86
86 86 87
87 87 88
88 88 89
89 89 90
90 90 91
91 91 92
92 92 93
93 93 94
94 94 95
95 95 96
96 96 97
97 97 98
98 98 99
99 99 100
100 100 101
101 101 102
102 102 103
103 103 104
104 104 105
105 105 106
106 106 107
107 107 108
108 108 109
109 109 110
110 110 111
111 111 112
112 112 113
113 113 114
114 114 115
115 115 116
116 116 117
117 117 118
118 118 119
119 119 120
120 120 121
121 121 122
122 122 123
123 123 124
124 124 125
125 125 126
126 126 127
127 127 128
128 128 129
129 129 130
130 130 131
131 131 132
132 132 133
133 133 134
134 134 135
135 135 136
136 136 137
137 137 138
138 138 139
139 139 140
140 140 141
141 141 142
142 142 143
143 143 144
144 144 145
145 145 146
146 146 147
147 147 148
148 148 149
149 149 150
150 150 151
151 151 152
152 152 153
153 153 154
154 154 155
155 155 156
156 156 157
157 157 158
158 158 159
159 159 160
160 160 161
161 161 162
162 162 163
163 163 164
164 164 165
165 165 166
166 166 167
167 167 168
168 168 169
169 169 170
170 170 171
171 171 172
172 172 173
173 173 174
174 174 175
175 175 176
176 176 177
177 177 178
178 178 179
179 179 180
180 180 181
181 181 182
182 182 183
183 183 184
184 184 185
185 185 1
