shape_83

177 points
177 lines

Points

1 -2.474253900510889e-03 -3.983750786327157e-03
2 -2.458448416006685e-03 -4.056733882640795e-03
3 -2.429596530543299e-03 -4.124155959980225e-03
4 -2.388453524895808e-03 -4.186129053376913e-03
5 -2.335774679839294e-03 -4.242765197862331e-03
6 -2.272315276148835e-03 -4.294176428467948e-03
7 -2.198830594599510e-03 -4.340474780225226e-03
8 -2.116075915966399e-03 -4.381772288165640e-03
9 -2.024806521024580e-03 -4.418180987320652e-03
10 -1.925777690549135e-03 -4.449812912721736e-03
11 -1.819744705315140e-03 -4.476780099400355e-03
12 -1.707462846097678e-03 -4.499194582387981e-03
13 -1.589687393671825e-03 -4.517168396716079e-03
14 -1.467173628812662e-03 -4.530813577416121e-03
15 -1.340676832295269e-03 -4.540242159519573e-03
16 -1.210952284894723e-03 -4.545566178057902e-03
17 -1.078755267386105e-03 -4.546897668062579e-03
18 -9.448410605444944e-04 -4.544348664565070e-03
19 -8.099649451449701e-04 -4.538031202596843e-03
20 -6.748822019626114e-04 -4.528057317189367e-03
21 -5.403481117724978e-04 -4.514539043374111e-03
22 -4.071179553497088e-04 -4.497588416182543e-03
23 -2.759470134693232e-04 -4.477317470646129e-03
24 -1.475905669064207e-04 -4.453838241796338e-03
25 -2.280389643608089e-05 -4.427262764664641e-03
26 9.765771716661748e-05 -4.397703074282503e-03
27 2.130389931265948e-04 -4.365271205681393e-03
28 3.225846506687718e-04 -4.330079193892780e-03
29 4.255394090180693e-04 -4.292239073948131e-03
30 5.211479873994076e-04 -4.251862880878914e-03
31 6.086551050377075e-04 -4.209062649716599e-03
32 6.873054811578899e-04 -4.163950415492654e-03
33 7.563438349848752e-04 -4.116638213238545e-03
34 8.150148857435840e-04 -4.067238077985742e-03
35 8.625633526589373e-04 -4.015862044765712e-03
36 9.196871185513655e-04 -3.941133478231002e-03
37 9.765824203662287e-04 -3.860578771281504e-03
38 1.033193369026786e-03 -3.774424522938779e-03
39 1.089464075456298e-03 -3.682897332224391e-03
40 1.145338650578026e-03 -3.586223798159907e-03
41 1.200761205315230e-03 -3.484630519766890e-03
42 1.255675850591171e-03 -3.378344096066905e-03
43 1.310026697329108e-03 -3.267591126081513e-03
44 1.363757856452303e-03 -3.152598208832283e-03
45 1.416813438884016e-03 -3.033591943340776e-03
46 1.469137555547507e-03 -2.910798928628556e-03
47 1.520674317366036e-03 -2.784445763717191e-03
48 1.571367835262865e-03 -2.654759047628239e-03
49 1.621162220161254e-03 -2.521965379383271e-03
50 1.670001582984463e-03 -2.386291358003848e-03
51 1.717830034655752e-03 -2.247963582511534e-03
52 1.764591686098382e-03 -2.107208651927894e-03
53 1.810230648235614e-03 -1.964253165274493e-03
54 1.854691031990708e-03 -1.819323721572893e-03
55 1.897916948286925e-03 -1.672646919844661e-03
56 1.939852508047524e-03 -1.524449359111360e-03
57 1.980441822195766e-03 -1.374957638394553e-03
58 2.019629001654913e-03 -1.224398356715807e-03
59 2.057358157348223e-03 -1.072998113096684e-03
60 2.093573400198959e-03 -9.209835065587486e-04
61 2.128218841130379e-03 -7.685811361235659e-04
62 2.161238591065746e-03 -6.160176008127008e-04
63 2.192576760928318e-03 -4.635194996477157e-04
64 2.222177461641357e-03 -3.113134316501755e-04
65 2.249984804128123e-03 -1.596259958416451e-04
66 2.275942899311876e-03 -8.683791243689173e-06
67 2.299995858115877e-03 1.412865831221294e-04
68 2.322087791463387e-03 2.900585282342459e-04
69 2.342162810277665e-03 4.374054450710949e-04
70 2.360165025481973e-03 5.831007346111140e-04
71 2.376038547999572e-03 7.269177978327378e-04
72 2.389727488753719e-03 8.686300357144023e-04
73 2.401175958667678e-03 1.008010849234542e-03
74 2.410328068664708e-03 1.144833639371595e-03
75 2.417127929668069e-03 1.278871807103996e-03
76 2.421519652601022e-03 1.409898753410179e-03
77 2.423447348386829e-03 1.537687879268583e-03
78 2.422855127948746e-03 1.662012585657641e-03
79 2.419687102210039e-03 1.782646273555790e-03
80 2.413887382093966e-03 1.899362343941464e-03
81 2.405400078523786e-03 2.011934197793102e-03
82 2.394169302422762e-03 2.120135236089137e-03
83 2.380671098994056e-03 2.207430774512764e-03
84 2.360337264706267e-03 2.301480291684975e-03
85 2.333486683698656e-03 2.401691563798701e-03
86 2.300438240110487e-03 2.507472367046872e-03
87 2.261510818081019e-03 2.618230477622418e-03
88 2.217023301749517e-03 2.733373671718268e-03
89 2.167294575255241e-03 2.852309725527353e-03
90 2.112643522737454e-03 2.974446415242605e-03
91 2.053389028335417e-03 3.099191517056953e-03
92 1.989849976188392e-03 3.225952807163326e-03
93 1.922345250435642e-03 3.354138061754654e-03
94 1.851193735216428e-03 3.483155057023870e-03
95 1.776714314670012e-03 3.612411569163901e-03
96 1.699225872935657e-03 3.741315374367679e-03
97 1.619047294152625e-03 3.869274248828135e-03
98 1.536497462460176e-03 3.995695968738196e-03
99 1.451895261997574e-03 4.119988310290795e-03
100 1.365559576904079e-03 4.241559049678863e-03
101 1.277809291318954e-03 4.359815963095326e-03
102 1.188963289381462e-03 4.474166826733119e-03
103 1.099340455230864e-03 4.584019416785167e-03
104 1.009259673006421e-03 4.688781509444405e-03
105 9.190398268473975e-04 4.787860880903763e-03
106 8.289998008930531e-04 4.880665307356166e-03
107 7.394584792826507e-04 4.966602564994548e-03
108 6.507347461554523e-04 5.045080430011842e-03
109 5.631474856507191e-04 5.115506678600972e-03
110 4.770155819077140e-04 5.177289086954874e-03
111 3.926579190656988e-04 5.229835431266473e-03
112 3.103933812639348e-04 5.272553487728702e-03
113 2.305408526416850e-04 5.304851032534491e-03
114 1.534192173382107e-04 5.326135841876771e-03
115 7.934735949277391e-05 5.335815691948470e-03
116 8.644163244636728e-06 5.333298358942520e-03
117 -5.837148726693925e-05 5.317991619051851e-03
118 -1.213807079026915e-04 5.289303248469390e-03
119 -1.800646145233583e-04 5.246641023388073e-03
120 -2.341043229896780e-04 5.189412720000826e-03
121 -3.126499971993708e-04 5.087772614637678e-03
122 -3.902346317218185e-04 4.981102855933363e-03
123 -4.668346687101313e-04 4.869566652974527e-03
124 -5.424265503174198e-04 4.753327214847820e-03
125 -6.169867186967946e-04 4.632547750639896e-03
126 -6.904916160013659e-04 4.507391469437404e-03
127 -7.629176843842439e-04 4.378021580326993e-03
128 -8.342413659985395e-04 4.244601292395317e-03
129 -9.044391029973629e-04 4.107293814729025e-03
130 -9.734873375338247e-04 3.966262356414767e-03
131 -1.041362511761034e-03 3.821670126539191e-03
132 -1.108041067832104e-03 3.673680334188954e-03
133 -1.173499447900143e-03 3.522456188450701e-03
134 -1.237714094118262e-03 3.368160898411083e-03
135 -1.300661448639571e-03 3.210957673156753e-03
136 -1.362317953617181e-03 3.051009721774361e-03
137 -1.422660051204202e-03 2.888480253350556e-03
138 -1.481664183553745e-03 2.723532476971990e-03
139 -1.539306792818920e-03 2.556329601725311e-03
140 -1.595564321152838e-03 2.387034836697173e-03
141 -1.650413210708608e-03 2.215811390974226e-03
142 -1.703829903639341e-03 2.042822473643118e-03
143 -1.755790842098149e-03 1.868231293790501e-03
144 -1.806272468238141e-03 1.692201060503026e-03
145 -1.855251224212426e-03 1.514894982867343e-03
146 -1.902703552174118e-03 1.336476269970101e-03
147 -1.948605894276325e-03 1.157108130897955e-03
148 -1.992934692672157e-03 9.769537747375508e-04
149 -2.035666389514726e-03 7.961764105755407e-04
150 -2.076777426957142e-03 6.149392474985752e-04
151 -2.116244247152514e-03 4.334054945933061e-04
152 -2.154043292253955e-03 2.517383609463823e-04
153 -2.190151004414574e-03 7.010105564445362e-05
154 -2.224543825787480e-03 -1.113432122258264e-04
155 -2.257198198525786e-03 -2.924312335778103e-04
156 -2.288090564782602e-03 -4.729997993248462e-04
157 -2.317197366711036e-03 -6.528857003802828e-04
158 -2.344495046464201e-03 -8.319257276574719e-04
159 -2.369960046195207e-03 -1.009956672069761e-03
160 -2.393568808057164e-03 -1.186815324530500e-03
161 -2.415297774203181e-03 -1.362338475953039e-03
162 -2.435123386786372e-03 -1.536362917250726e-03
163 -2.453022087959843e-03 -1.708725439336913e-03
164 -2.468970319876708e-03 -1.879262833124946e-03
165 -2.482944524690076e-03 -2.047811889528177e-03
166 -2.494921144553059e-03 -2.214209399459956e-03
167 -2.504876621618764e-03 -2.378292153833630e-03
168 -2.512787398040304e-03 -2.539896943562551e-03
169 -2.518629915970788e-03 -2.698860559560067e-03
170 -2.522380617563328e-03 -2.855019792739526e-03
171 -2.524015944971034e-03 -3.008211434014281e-03
172 -2.523512340347016e-03 -3.158272274297679e-03
173 -2.520846245844384e-03 -3.305039104503071e-03
174 -2.515994103616249e-03 -3.448348715543805e-03
175 -2.508932355815722e-03 -3.588037898333232e-03
176 -2.499637444595913e-03 -3.723943443784698e-03
177 -2.488085812109932e-03 -3.855902142811557e-03

Lines

1 1 2
2 2 3
3 3 4
4 4 5
5 5 6
6 6 7
7 7 8
8 8 9
9 9 10
10 10 11
11 11 12
12 12 13
13 13 14
14 14 15
15 15 16
16 16 17
17 17 18
18 18 19
19 19 20
20 20 21
21 21 22
22 22 23
23 23 24
24 24 25
25 25 26
26 26 27
27 27 28
28 28 29
29 29 30
30 30 31
31 31 32
32 32 33
33 33 34
34 34 35
35 35 36
36 36 37
37 37 38
38 38 39
39 39 40
40 40 41
41 41 42
42 42 43
43 43 44
44 44 45
45 45 46
46 46 47
47 47 48
48 48 49
49 49 50
50 50 51
51 51 52
52 52 53
53 53 54
54 54 55
55 55 56
56 56 57
57 57 58
58 58 59
59 59 60
60 60 61
61 61 62
62 62 63
63 63 64
64 64 65
65 65 66
66 66 67
67 67 68
68 68 69
69 69 70
70 70 71
71 71 72
72 72 73
73 73 74
74 74 75
75 75 76
76 76 77
77 77 78
78 78 79
79 79 80
80 80 81
81 81 82
82 82 83
83 83 84
84 84 85
85 85 86
86 86 87
87 87 88
88 88 89
89 89 90
90 90 91
91 91 92
92 92 93
93 93 94
94 94 95
95 95 96
96 96 97
97 97 98
98 98 99
99 99 100
100 100 101
101 101 102
102 102 103
103 103 104
104 104 105
105 105 106
106 106 107
107 107 108
108 108 109
109 109 110
110 110 111
111 111 112
112 112 113
113 113 114
114 114 115
115 115 116
116 116 117
117 117 118
118 118 119
119 119 120
120 120 121
121 121 122
122 122 123
123 123 124
124 124 125
125 125 126
126 126 127
127 127 128
128 128 129
129 129 130
130 130 131
131 131 132
132 132 133
133 133 134
134 134 135
135 135 136
136 136 137
137 137 138
138 138 139
139 139 140
140 140 141
141 141 142
142 142 143
143 143 144
144 144 145
145 145 146
146 146 147
147 147 148
148 148 149
149 149 150
150 150 151
151 151 152
152 152 153
153 153 154
154 154 155
155 155 156
156 156 157
157 157 158
158 158 159
159 159 160
160 160 161
161 161 162
162 162 163
163 163 164
164 164 165
165 165 166
166 166 167
167 167 168
168 168 169
169 169 170
170 170 171
171 171 172
172 172 173
173 173 174
174 174 175
175 175 176
176 176 177
177 177 1
