shape_33

181 points
181 lines

Points

1 1.813529176896894e-05 -5.054676607261429e-03
2 1.205812901387080e-04 -4.978567701021297e-03
3 2.198658114945383e-04 -4.896033395784359e-03
4 3.160322610717301e-04 -4.807270393670120e-03
5 4.091240441055537e-04 -4.712475396798079e-03
6 4.991845658312790e-04 -4.611845107287744e-03
7 5.862572314841765e-04 -4.505576227258618e-03
8 6.703854462995163e-04 -4.393865458830206e-03
9 7.516126155125690e-04 -4.276909504122009e-03
10 8.299821443586040e-04 -4.154905065253530e-03
11 9.055374380728929e-04 -4.028048844344278e-03
12 9.783219018907035e-04 -3.896537543513751e-03
13 1.048378941047308e-03 -3.760567864881456e-03
14 1.115751960777977e-03 -3.620336510566898e-03
15 1.180484366317980e-03 -3.476040182689578e-03
16 1.242619562902586e-03 -3.327875583369000e-03
17 1.302200955767067e-03 -3.176039414724669e-03
18 1.359271950146691e-03 -3.020728378876090e-03
19 1.413875951276731e-03 -2.862139177942763e-03
20 1.466056364392456e-03 -2.700468514044194e-03
21 1.515856594729136e-03 -2.535913089299887e-03
22 1.563320047522041e-03 -2.368669605829346e-03
23 1.608490128006441e-03 -2.198934765752073e-03
24 1.651410241417607e-03 -2.026905271187574e-03
25 1.692123792990809e-03 -1.852777824255352e-03
26 1.730674187961318e-03 -1.676749127074910e-03
27 1.767104831564402e-03 -1.499015881765753e-03
28 1.801459129035333e-03 -1.319774790447383e-03
29 1.833780485609381e-03 -1.139222555239307e-03
30 1.864112306521816e-03 -9.575558782610252e-04
31 1.892497997007909e-03 -7.749714616320437e-04
32 1.918980962302929e-03 -5.916660074718659e-04
33 1.943604607642146e-03 -4.078362178999946e-04
34 1.966412338260832e-03 -2.236787950359343e-04
35 1.987447559394255e-03 -3.939044099918869e-05
36 2.006753676277687e-03 1.448321420907384e-04
37 2.024374094146397e-03 3.287922521143426e-04
38 2.040352218235655e-03 5.122931869521228e-04
39 2.054731453780733e-03 6.951382444845711e-04
40 2.067555206016900e-03 8.771307225921867e-04
41 2.078866880179426e-03 1.058073919155464e-03
42 2.088709881503582e-03 1.237771132054900e-03
43 2.097127615224638e-03 1.416025659170992e-03
44 2.104163486577863e-03 1.592640798384235e-03
45 2.109860900798529e-03 1.767419847575126e-03
46 2.114263263121904e-03 1.940166104624160e-03
47 2.117413978783261e-03 2.110682867411834e-03
48 2.119356453017869e-03 2.278773433818643e-03
49 2.120134091060997e-03 2.444241101725085e-03
50 2.119790298147917e-03 2.606889169011655e-03
51 2.118368479513898e-03 2.766520933558851e-03
52 2.115912040394211e-03 2.922939693247167e-03
53 2.112464386024126e-03 3.075948745957100e-03
54 2.108068921638913e-03 3.225351389569148e-03
55 2.102769052473842e-03 3.370950921963804e-03
56 2.096608183764184e-03 3.512550641021566e-03
57 2.089629720745208e-03 3.649953844622929e-03
58 2.081877068652185e-03 3.782963830648392e-03
59 2.073393632720386e-03 3.911383896978448e-03
60 2.064222818185080e-03 4.035017341493594e-03
61 2.054408030281537e-03 4.153667462074329e-03
62 2.043992674245028e-03 4.267137556601145e-03
63 2.033020155310824e-03 4.375230922954543e-03
64 2.022654859543212e-03 4.435160479531191e-03
65 2.006158577637687e-03 4.480087360781935e-03
66 1.983783269963917e-03 4.510656019973214e-03
67 1.955780896891568e-03 4.527510910371464e-03
68 1.922403418790309e-03 4.531296485243126e-03
69 1.883902796029807e-03 4.522657197854639e-03
70 1.840530988979731e-03 4.502237501472444e-03
71 1.792539958009748e-03 4.470681849362976e-03
72 1.740181663489524e-03 4.428634694792677e-03
73 1.683708065788729e-03 4.376740491027984e-03
74 1.623371125277031e-03 4.315643691335341e-03
75 1.559422802324095e-03 4.245988748981181e-03
76 1.492115057299592e-03 4.168420117231947e-03
77 1.421699850573187e-03 4.083582249354075e-03
78 1.348429142514549e-03 3.992119598614008e-03
79 1.272554893493346e-03 3.894676618278184e-03
80 1.194329063879245e-03 3.791897761613039e-03
81 1.114003614041915e-03 3.684427481885016e-03
82 1.031830504351021e-03 3.572910232360551e-03
83 9.480616951762339e-04 3.457990466306087e-03
84 8.629491468872193e-04 3.340312636988060e-03
85 7.767448198536454e-04 3.220521197672909e-03
86 6.897006744451802e-04 3.099260601627074e-03
87 6.020686710314912e-04 2.977175302116996e-03
88 5.141007699822468e-04 2.854909752409111e-03
89 4.260489316671138e-04 2.733108405769859e-03
90 3.381651164557602e-04 2.612415715465681e-03
91 2.507012847178534e-04 2.493476134763012e-03
92 1.639093968230619e-04 2.376934116928296e-03
93 7.804141314105325e-05 2.263434115227969e-03
94 -6.650705958505513e-06 2.153620582928472e-03
95 -8.991500010594625e-05 2.048137973296242e-03
96 -1.714995089316012e-04 1.947630739597720e-03
97 -2.511522720658027e-04 1.852743335099344e-03
98 -3.286213291388828e-04 1.764120213067554e-03
99 -4.036547197811742e-04 1.682405826768788e-03
100 -4.760004836230090e-04 1.608244629469486e-03
101 -5.454066602947196e-04 1.542281074436087e-03
102 -6.116212894266382e-04 1.485159614935029e-03
103 -6.743924106490965e-04 1.437524704232753e-03
104 -7.233784572469879e-04 1.409158468862219e-03
105 -7.809809694860336e-04 1.385929479696418e-03
106 -8.463990546379062e-04 1.367377228646012e-03
107 -9.188318199742792e-04 1.353041207621664e-03
108 -9.974783727668237e-04 1.342460908534038e-03
109 -1.081537820287214e-03 1.335175823293796e-03
110 -1.170209269807122e-03 1.330725443811602e-03
111 -1.262691828598220e-03 1.328649261998119e-03
112 -1.358184603932181e-03 1.328486769764010e-03
113 -1.455886703080679e-03 1.329777459019937e-03
114 -1.554997233315385e-03 1.332060821676565e-03
115 -1.654715301907971e-03 1.334876349644556e-03
116 -1.754240016130112e-03 1.337763534834573e-03
117 -1.852770483253478e-03 1.340261869157279e-03
118 -1.949505810549744e-03 1.341910844523337e-03
119 -2.043645105290582e-03 1.342249952843411e-03
120 -2.134387474747664e-03 1.340818686028163e-03
121 -2.220932026192663e-03 1.337156535988257e-03
122 -2.302477866897252e-03 1.330802994634356e-03
123 -2.378224104133103e-03 1.321297553877122e-03
124 -2.447369845171890e-03 1.308179705627220e-03
125 -2.509114197285283e-03 1.290988941795311e-03
126 -2.562656267744958e-03 1.269264754292059e-03
127 -2.607195163822585e-03 1.242546635028128e-03
128 -2.641929992789839e-03 1.210374075914180e-03
129 -2.666059861918391e-03 1.172286568860877e-03
130 -2.678783878479913e-03 1.127823605778885e-03
131 -2.679301149746080e-03 1.076524678578864e-03
132 -2.667763734839414e-03 9.731558047488927e-04
133 -2.654295044506386e-03 8.614684727982773e-04
134 -2.638912046232577e-03 7.419307089158924e-04
135 -2.621631707503576e-03 6.150105392906129e-04
136 -2.602470995804970e-03 4.811759901113126e-04
137 -2.581446878622344e-03 3.408950875668661e-04
138 -2.558576323441287e-03 1.946358578461478e-04
139 -2.533876297747384e-03 4.286632713803223e-05
140 -2.507363769026221e-03 -1.139454783686062e-04
141 -2.479055704763386e-03 -2.753315324848938e-04
142 -2.448969072444464e-03 -4.408238090219553e-04
143 -2.417120839555044e-03 -6.099542817909167e-04
144 -2.383527973580710e-03 -7.822549246029034e-04
145 -2.348207442007050e-03 -9.572577112690419e-04
146 -2.311176212319650e-03 -1.134494615600456e-03
147 -2.272451252004097e-03 -1.313497611408274e-03
148 -2.232049528545979e-03 -1.493798672503619e-03
149 -2.189988009430878e-03 -1.674929772697618e-03
150 -2.146283662144386e-03 -1.856422885801395e-03
151 -2.100953454172086e-03 -2.037809985626079e-03
152 -2.054014352999566e-03 -2.218623045982791e-03
153 -2.005483326112412e-03 -2.398394040682661e-03
154 -1.955377340996213e-03 -2.576654943536813e-03
155 -1.903713365136551e-03 -2.752937728356370e-03
156 -1.850508366019016e-03 -2.926774368952462e-03
157 -1.795779311129195e-03 -3.097696839136212e-03
158 -1.739543167952672e-03 -3.265237112718746e-03
159 -1.681816903975034e-03 -3.428927163511190e-03
160 -1.622617486681870e-03 -3.588298965324669e-03
161 -1.561961883558765e-03 -3.742884491970310e-03
162 -1.499867062091305e-03 -3.892215717259236e-03
163 -1.436349989765078e-03 -4.035824615002576e-03
164 -1.371427634065669e-03 -4.173243159011453e-03
165 -1.305116962478665e-03 -4.304003323096993e-03
166 -1.237434942489654e-03 -4.427637081070324e-03
167 -1.168398541584221e-03 -4.543676406742568e-03
168 -1.098024727247953e-03 -4.651653273924853e-03
169 -1.026330466966437e-03 -4.751099656428304e-03
170 -9.533327282252593e-04 -4.841547528064045e-03
171 -8.790484785100063e-04 -4.922528862643206e-03
172 -8.034946853062648e-04 -4.993575633976908e-03
173 -7.266883160996218e-04 -5.054219815876279e-03
174 -6.486463383756629e-04 -5.103993382152444e-03
175 -5.693857196199753e-04 -5.142428306616529e-03
176 -4.889234273181460e-04 -5.169056563079661e-03
177 -4.072764289557607e-04 -5.183410125352962e-03
178 -3.244616920184067e-04 -5.185020967247558e-03
179 -2.404961839916698e-04 -5.173421062574580e-03
180 -1.553968723611372e-04 -5.148142385145147e-03
181 -6.918072461239568e-05 -5.108716908770389e-03

Lines

1 1 2
2 2 3
3 3 4
4 4 5
5 5 6
6 6 7
7 7 8
8 8 9
9 9 10
10 10 11
11 11 12
12 12 13
13 13 14
14 14 15
15 15 16
16 16 17
17 17 18
18 18 19
19 19 20
20 20 21
21 21 22
22 22 23
23 23 24
24 24 25
25 25 26
26 26 27
27 27 28
28 28 29
29 29 30
30 30 31
31 31 32
32 32 33
33 33 34
34 34 35
35 35 36
36 36 37
37 37 38
38 38 39
39 39 40
40 40 41
41 41 42
42 42 43
43 43 44
44 44 45
45 45 46
46 46 47
47 47 48
48 48 49
49 49 50
50 50 51
51 51 52
52 52 53
53 53 54
54 54 55
55 55 56
56 56 57
57 57 58
58 58 59
59 59 60
60 60 61
61 61 62
62 62 63
63 63 64
64 64 65
65 65 66
66 66 67
67 67 68
68 68 69
69 69 70
70 70 71
71 71 72
72 72 73
73 73 74
74 74 75
75 75 76
76 76 77
77 77 78
78 78 79
79 79 80
80 80 81
81 81 82
82 82 83
83 83 84
84 84 85
85 85 86
86 86 87
87 87 88
88 88 89
89 89 90
90 90 91
91 91 92
92 92 93
93 93 94
94 94 95
95 95 96
96 96 97
97 97 98
98 98 99
99 99 100
100 100 101
101 101 102
102 102 103
103 103 104
104 104 105
105 105 106
106 106 107
107 107 108
108 108 109
109 109 110
110 110 111
111 111 112
112 112 113
113 113 114
114 114 115
115 115 116
116 116 117
117 117 118
118 118 119
119 119 120
120 120 121
121 121 122
122 122 123
123 123 124
124 124 125
125 125 126
126 126 127
127 127 128
128 128 129
129 129 130
130 130 131
131 131 132
132 132 133
133 133 134
134 134 135
135 135 136
136 136 137
137 137 138
138 138 139
139 139 140
140 140 141
141 141 142
142 142 143
143 143 144
144 144 145
145 145 146
146 146 147
147 147 148
148 148 149
149 149 150
150 150 151
151 151 152
152 152 153
153 153 154
154 154 155
155 155 156
156 156 157
157 157 158
158 158 159
159 159 160
160 160 161
161 161 162
162 162 163
163 163 164
164 164 165
165 165 166
166 166 167
167 167 168
168 168 169
169 169 170
170 170 171
171 171 172
172 172 173
173 173 174
174 174 175
175 175 176
176 176 177
177 177 178
178 178 179
179 179 180
180 180 181
181 181 1
