shape_45

159 points
159 lines

Points

1 -8.419485102059382e-04 -2.795990904175274e-03
2 -8.163757234310656e-04 -2.869603116000075e-03
3 -7.849106817011561e-04 -2.952544638183455e-03
4 -7.480023027776855e-04 -3.043796336146290e-03
5 -7.060995044221289e-04 -3.142339075309447e-03
6 -6.596512043959628e-04 -3.247153721093804e-03
7 -6.091063204606624e-04 -3.357221138920231e-03
8 -5.549137703777034e-04 -3.471522194209599e-03
9 -4.975224719085619e-04 -3.589037752382785e-03
10 -4.373813428147132e-04 -3.708748678860658e-03
11 -3.749393008576331e-04 -3.829635839064091e-03
12 -3.106452637987973e-04 -3.950680098413956e-03
13 -2.449481493996818e-04 -4.070862322331128e-03
14 -1.782968754217617e-04 -4.189163376236476e-03
15 -1.111403596265133e-04 -4.304564125550876e-03
16 -4.392751977541180e-05 -4.416045435695199e-03
17 2.289272637006660e-05 -4.522588172090315e-03
18 8.887146104844650e-05 -4.623173200157100e-03
19 1.535597664982523e-04 -4.716781385316428e-03
20 2.165087249580081e-04 -4.802393592989167e-03
21 2.772694186662383e-04 -4.878990688596192e-03
22 3.353929298614670e-04 -4.945553537558375e-03
23 3.904303407822185e-04 -5.001063005296587e-03
24 4.419327336670176e-04 -5.044499957231705e-03
25 4.894511907543881e-04 -5.074845258784597e-03
26 5.325367942828543e-04 -5.091079775376136e-03
27 5.707406264909411e-04 -5.092184372427198e-03
28 6.036137696171718e-04 -5.077139915358652e-03
29 6.307073059000714e-04 -5.044927269591371e-03
30 6.515723175781642e-04 -4.994527300546230e-03
31 6.856014269166156e-04 -4.876686684442521e-03
32 7.200587673558084e-04 -4.753048683508893e-03
33 7.548754093834143e-04 -4.623820578250316e-03
34 7.899824234871050e-04 -4.489209649171750e-03
35 8.253108801545521e-04 -4.349423176778164e-03
36 8.607918498734275e-04 -4.204668441574523e-03
37 8.963564031314029e-04 -4.055152724065792e-03
38 9.319356104161494e-04 -3.901083304756933e-03
39 9.674605422153396e-04 -3.742667464152916e-03
40 1.002862269016645e-03 -3.580112482758703e-03
41 1.038071861307737e-03 -3.413625641079262e-03
42 1.073020389576287e-03 -3.243414219619555e-03
43 1.107638924309968e-03 -3.069685498884550e-03
44 1.141858535996450e-03 -2.892646759379211e-03
45 1.175610295123406e-03 -2.712505281608503e-03
46 1.208825272178507e-03 -2.529468346077393e-03
47 1.241434537649425e-03 -2.343743233290844e-03
48 1.273369162023832e-03 -2.155537223753823e-03
49 1.304560215789400e-03 -1.965057597971293e-03
50 1.334938769433798e-03 -1.772511636448223e-03
51 1.364435893444702e-03 -1.578106619689575e-03
52 1.392982658309781e-03 -1.382049828200317e-03
53 1.420510134516707e-03 -1.184548542485410e-03
54 1.446949392553152e-03 -9.858100430498243e-04
55 1.472231502906787e-03 -7.860416103985215e-04
56 1.496287536065286e-03 -5.854505250364693e-04
57 1.519048562516317e-03 -3.842440674686302e-04
58 1.540445652747555e-03 -1.826295181999730e-04
59 1.560409877246671e-03 1.918584226454020e-05
60 1.578872306501336e-03 2.209947334199419e-04
61 1.595764010999221e-03 4.225898747612688e-04
62 1.611016061227999e-03 6.237639857835539e-04
63 1.624559527675342e-03 8.243097859818330e-04
64 1.636325480828921e-03 1.024019994851140e-03
65 1.646244991176407e-03 1.222687331886511e-03
66 1.654249129205472e-03 1.420104516582979e-03
67 1.660268965403790e-03 1.616064268435580e-03
68 1.664235570259030e-03 1.810359306939348e-03
69 1.666080014258865e-03 2.002782351589318e-03
70 1.665733367890965e-03 2.193126121880524e-03
71 1.663126701643004e-03 2.381183337308001e-03
72 1.658191086002653e-03 2.566746717366786e-03
73 1.650857591457582e-03 2.749608981551912e-03
74 1.641057288495466e-03 2.929562849358413e-03
75 1.628721247603974e-03 3.106401040281324e-03
76 1.613780539270779e-03 3.279916273815681e-03
77 1.596166233983552e-03 3.449901269456517e-03
78 1.575809402229965e-03 3.616148746698869e-03
79 1.552641114497689e-03 3.778451425037769e-03
80 1.526592441274397e-03 3.936602023968253e-03
81 1.497594453047760e-03 4.090393262985355e-03
82 1.465578220305450e-03 4.239617861584113e-03
83 1.430474813535138e-03 4.384068539259558e-03
84 1.392215303224497e-03 4.523538015506726e-03
85 1.350730759861198e-03 4.657819009820652e-03
86 1.317536376215014e-03 4.733538085988493e-03
87 1.273134181995291e-03 4.794130849595801e-03
88 1.218231175161516e-03 4.840240400465717e-03
89 1.153534353673177e-03 4.872509838421380e-03
90 1.079750715489764e-03 4.891582263285931e-03
91 9.975872585707638e-04 4.898100774882509e-03
92 9.077509808756646e-04 4.892708473034256e-03
93 8.109488803639539e-04 4.876048457564306e-03
94 7.078879549951212e-04 4.848763828295809e-03
95 5.992752027286529e-04 4.811497685051894e-03
96 4.858176215240387e-04 4.764893127655711e-03
97 3.682222093407652e-04 4.709593255930392e-03
98 2.471959641383214e-04 4.646241169699082e-03
99 1.234458838761953e-04 4.575479968784920e-03
100 -2.321033486125220e-06 4.497952753011043e-03
101 -1.293977899891522e-04 4.414302622200596e-03
102 -2.570773876733973e-04 4.325172676176715e-03
103 -3.846528285793725e-04 4.231206014762541e-03
104 -5.114171147475897e-04 4.133045737781215e-03
105 -6.366632482185611e-04 4.031334945055877e-03
106 -7.596842310327982e-04 3.926716736409665e-03
107 -8.797730652308131e-04 3.819834211665722e-03
108 -9.962227528531179e-04 3.711330470647185e-03
109 -1.108326295940223e-03 3.601848613177196e-03
110 -1.215376696532643e-03 3.492031739078895e-03
111 -1.316666956670889e-03 3.382522948175421e-03
112 -1.411490078395471e-03 3.273965340289915e-03
113 -1.499139063746903e-03 3.167002015245516e-03
114 -1.578906914765697e-03 3.062276072865364e-03
115 -1.650086633492363e-03 2.960430612972599e-03
116 -1.711971221967414e-03 2.862108735390362e-03
117 -1.763853682231363e-03 2.767953539941793e-03
118 -1.805027016324720e-03 2.678608126450031e-03
119 -1.834784226287998e-03 2.594715594738217e-03
120 -1.860968217069135e-03 2.495349728420829e-03
121 -1.882582962178973e-03 2.391319075975465e-03
122 -1.899786097838181e-03 2.282858948719673e-03
123 -1.912735260267432e-03 2.170204657970998e-03
124 -1.921588085687398e-03 2.053591515046986e-03
125 -1.926502210318748e-03 1.933254831265181e-03
126 -1.927635270382155e-03 1.809429917943131e-03
127 -1.925144902098291e-03 1.682352086398382e-03
128 -1.919188741687826e-03 1.552256647948478e-03
129 -1.909924425371433e-03 1.419378913910966e-03
130 -1.897509589369782e-03 1.283954195603392e-03
131 -1.882101869903546e-03 1.146217804343302e-03
132 -1.863858903193395e-03 1.006405051448241e-03
133 -1.842938325460001e-03 8.647512482357553e-04
134 -1.819497772924035e-03 7.214917060233915e-04
135 -1.793694881806170e-03 5.768617361286940e-04
136 -1.765687288327075e-03 4.310966498692100e-04
137 -1.735632628707424e-03 2.844317585624847e-04
138 -1.703688539167886e-03 1.371023735260642e-04
139 -1.670012655929134e-03 -1.065619392250593e-05
140 -1.634762615211839e-03 -1.586086324656798e-04
141 -1.598096053236673e-03 -3.065196307859112e-04
142 -1.560170606224306e-03 -4.541538775656546e-04
143 -1.521143910395411e-03 -6.012760614873639e-04
144 -1.481173601970659e-03 -7.476508712334928e-04
145 -1.440417317170721e-03 -8.930429954864964e-04
146 -1.399032692216268e-03 -1.037217122928828e-03
147 -1.357177363327973e-03 -1.179937942242943e-03
148 -1.315008966726506e-03 -1.320970142111295e-03
149 -1.272685138632539e-03 -1.460078411216336e-03
150 -1.230363515266744e-03 -1.597027438240523e-03
151 -1.188201732849792e-03 -1.731581911866309e-03
152 -1.146357427602354e-03 -1.863506520776148e-03
153 -1.104988235745102e-03 -1.992565953652495e-03
154 -1.064251793498707e-03 -2.118524899177803e-03
155 -1.024305737083840e-03 -2.241148046034527e-03
156 -9.853077027211739e-04 -2.360200082905120e-03
157 -9.474153266313790e-04 -2.475445698472037e-03
158 -9.107862450351273e-04 -2.586649581417733e-03
159 -8.755780941530899e-04 -2.693576420424659e-03

Lines

1 1 2
2 2 3
3 3 4
4 4 5
5 5 6
6 6 7
7 7 8
8 8 9
9 9 10
10 10 11
11 11 12
12 12 13
13 13 14
14 14 15
15 15 16
16 16 17
17 17 18
18 18 19
19 19 20
20 20 21
21 21 22
22 22 23
23 23 24
24 24 25
25 25 26
26 26 27
27 27 28
28 28 29
29 29 30
30 30 31
31 31 32
32 32 33
33 33 34
34 34 35
35 35 36
36 36 37
37 37 38
38 38 39
39 39 40
40 40 41
41 41 42
42 42 43
43 43 44
44 44 45
45 45 46
46 46 47
47 47 48
48 48 49
49 49 50
50 50 51
51 51 52
52 52 53
53 53 54
54 54 55
55 55 56
56 56 57
57 57 58
58 58 59
59 59 60
60 60 61
61 61 62
62 62 63
63 63 64
64 64 65
65 65 66
66 66 67
67 67 68
68 68 69
69 69 70
70 70 71
71 71 72
72 72 73
73 73 74
74 74 75
75 75 76
76 76 77
77 77 78
78 78 79
79 79 80
80 80 81
81 81 82
82 82 83
83 83 84
84 84 85
85 85 86
86 86 87
87 87 88
88 88 89
89 89 90
90 90 91
91 91 92
92 92 93
93 93 94
94 94 95
95 95 96
96 96 97
97 97 98
98 98 99
99 99 100
100 100 101
101 101 102
102 102 103
103 103 104
104 104 105
105 105 106
106 106 107
107 107 108
108 108 109
109 109 110
110 110 111
111 111 112
112 112 113
113 113 114
114 114 115
115 115 116
116 116 117
117 117 118
118 118 119
119 119 120
120 120 121
121 121 122
122 122 123
123 123 124
124 124 125
125 125 126
126 126 127
127 127 128
128 128 129
129 129 130
130 130 131
131 131 132
132 132 133
133 133 134
134 134 135
135 135 136
136 136 137
137 137 138
138 138 139
139 139 140
140 140 141
141 141 142
142 142 143
143 143 144
144 144 145
145 145 146
146 146 147
147 147 148
148 148 149
149 149 150
150 150 151
151 151 152
152 152 153
153 153 154
154 154 155
155 155 156
156 156 157
157 157 158
158 158 159
159 159 1
