shape_99

188 points
188 lines

Points

1 -1.518388810906811e-03 -6.706267273936175e-04
2 -1.568961950405923e-03 -7.111889270057664e-04
3 -1.626821270765496e-03 -7.556590092506992e-04
4 -1.691434887062757e-03 -8.037373635854993e-04
5 -1.762270914374933e-03 -8.551243794672508e-04
6 -1.838797467779253e-03 -9.095204463530374e-04
7 -1.920482662352945e-03 -9.666259536999433e-04
8 -2.006794613173236e-03 -1.026141290965052e-03
9 -2.097201435317356e-03 -1.087766847605448e-03
10 -2.191171243862532e-03 -1.151203013078214e-03
11 -2.288172153885991e-03 -1.216150176840436e-03
12 -2.387672280464962e-03 -1.282308728349195e-03
13 -2.489139738676673e-03 -1.349379057061577e-03
14 -2.592042643598353e-03 -1.417061552434666e-03
15 -2.695849110307226e-03 -1.485056603925544e-03
16 -2.800027253880526e-03 -1.553064600991297e-03
17 -2.904045189395475e-03 -1.620785933089008e-03
18 -3.007371031929306e-03 -1.687920989675760e-03
19 -3.109472896559244e-03 -1.754170160208639e-03
20 -3.209818898362517e-03 -1.819233834144726e-03
21 -3.307877152416355e-03 -1.882812400941108e-03
22 -3.403115773797985e-03 -1.944606250054867e-03
23 -3.495002877584634e-03 -2.004315770943087e-03
24 -3.583006578853532e-03 -2.061641353062852e-03
25 -3.666594992681905e-03 -2.116283385871246e-03
26 -3.745236234146982e-03 -2.167942258825353e-03
27 -3.818398418325990e-03 -2.216318361382257e-03
28 -3.885549660296158e-03 -2.261112082999041e-03
29 -3.946158075134715e-03 -2.302023813132791e-03
30 -3.999691777918888e-03 -2.338753941240588e-03
31 -4.045618883725903e-03 -2.371002856779519e-03
32 -4.083407507632992e-03 -2.398470949206664e-03
33 -4.112525764717379e-03 -2.420858607979110e-03
34 -4.132441770056294e-03 -2.437866222553940e-03
35 -4.142623638726966e-03 -2.449194182388239e-03
36 -4.142539485806620e-03 -2.454542876939088e-03
37 -4.131657426372488e-03 -2.453612695663574e-03
38 -4.109445575501794e-03 -2.446104028018778e-03
39 -4.075372048271769e-03 -2.431717263461787e-03
40 -4.028904959759640e-03 -2.410152791449682e-03
41 -3.934456306128166e-03 -2.365099041612762e-03
42 -3.837419038739699e-03 -2.318964885647274e-03
43 -3.737872929337701e-03 -2.271771566006383e-03
44 -3.635897749665625e-03 -2.223540325143249e-03
45 -3.531573271466933e-03 -2.174292405511036e-03
46 -3.424979266485079e-03 -2.124049049562906e-03
47 -3.316195506463524e-03 -2.072831499752021e-03
48 -3.205301763145724e-03 -2.020660998531542e-03
49 -3.092377808275137e-03 -1.967558788354635e-03
50 -2.977503413595220e-03 -1.913546111674458e-03
51 -2.860758350849433e-03 -1.858644210944175e-03
52 -2.742222391781231e-03 -1.802874328616949e-03
53 -2.621975308134075e-03 -1.746257707145942e-03
54 -2.500096871651421e-03 -1.688815588984316e-03
55 -2.376666854076726e-03 -1.630569216585233e-03
56 -2.251765027153449e-03 -1.571539832401856e-03
57 -2.125471162625047e-03 -1.511748678887346e-03
58 -1.997865032234980e-03 -1.451216998494867e-03
59 -1.869026407726703e-03 -1.389966033677581e-03
60 -1.739035060843674e-03 -1.328017026888649e-03
61 -1.607970763329352e-03 -1.265391220581233e-03
62 -1.475913286927195e-03 -1.202109857208498e-03
63 -1.342942403380660e-03 -1.138194179223605e-03
64 -1.209137884433204e-03 -1.073665429079715e-03
65 -1.074579501828287e-03 -1.008544849229990e-03
66 -9.393470273093653e-04 -9.428536821275956e-04
67 -8.035202326198970e-04 -8.766131702256913e-04
68 -6.671788895033403e-04 -8.098445559774403e-04
69 -5.304027697031518e-04 -7.425690818360041e-04
70 -3.932716449627894e-04 -6.748079902545454e-04
71 -2.558652870257124e-04 -6.065825236862273e-04
72 -1.182634676353779e-04 -5.379139245842116e-04
73 1.945404146475724e-05 -4.688234354016598e-04
74 1.572074685312344e-04 -3.993322985917349e-04
75 2.949170418205953e-04 -3.294617566075995e-04
76 4.325029895893829e-04 -2.592330519024157e-04
77 5.698855400941397e-04 -1.886674269293450e-04
78 7.069849215914068e-04 -1.177861241415508e-04
79 8.437213623377278e-04 -4.661038599219438e-05
80 9.800150905896435e-04 2.483854506556095e-05
81 1.115786334603698e-03 9.653942657855391e-05
82 1.250955322636431e-03 1.684710160936212e-04
83 1.385442282944386e-03 2.406120711576010e-04
84 1.519167443784106e-03 3.129413493173316e-04
85 1.652051033412132e-03 3.854376081196497e-04
86 1.784013280085007e-03 4.580796051113940e-04
87 1.914974412059272e-03 5.308460978394010e-04
88 2.044854657591471e-03 6.037158438505099e-04
89 2.173574244938145e-03 6.766676006915569e-04
90 2.301053402355837e-03 7.496801259093811e-04
91 2.427212358101088e-03 8.227321770508188e-04
92 2.551971340430441e-03 8.958025116627092e-04
93 2.675250577600438e-03 9.688698872918884e-04
94 2.796970297867621e-03 1.041913061485195e-03
95 2.917050729488534e-03 1.114910791789468e-03
96 3.035412100719716e-03 1.187841835751542e-03
97 3.151974639817712e-03 1.260684950918258e-03
98 3.266658575039062e-03 1.333418894836451e-03
99 3.379384134640312e-03 1.406022425052961e-03
100 3.490071546878000e-03 1.478474299114624e-03
101 3.598641040008670e-03 1.550753274568279e-03
102 3.705012842288863e-03 1.622838108960762e-03
103 3.809107181975124e-03 1.694707559838912e-03
104 3.910844287323991e-03 1.766340384749567e-03
105 4.010144386592010e-03 1.837715341239563e-03
106 4.106927708035723e-03 1.908811186855740e-03
107 4.201114479911670e-03 1.979606679144934e-03
108 4.292624930476395e-03 2.050080575653984e-03
109 4.381379287986439e-03 2.120211633929726e-03
110 4.467297780698344e-03 2.189978611519000e-03
111 4.522687674504634e-03 2.237917331083209e-03
112 4.564746367036525e-03 2.279396644472406e-03
113 4.593918442919525e-03 2.314615414547336e-03
114 4.610648486779150e-03 2.343772504168748e-03
115 4.615381083240914e-03 2.367066776197389e-03
116 4.608560816930327e-03 2.384697093494004e-03
117 4.590632272472908e-03 2.396862318919344e-03
118 4.562040034494164e-03 2.403761315334153e-03
119 4.523228687619610e-03 2.405592945599179e-03
120 4.474642816474761e-03 2.402556072575171e-03
121 4.416727005685128e-03 2.394849559122874e-03
122 4.349925839876225e-03 2.382672268103036e-03
123 4.274683903673567e-03 2.366223062376405e-03
124 4.191445781702664e-03 2.345700804803728e-03
125 4.100656058589030e-03 2.321304358245751e-03
126 4.002759318958180e-03 2.293232585563222e-03
127 3.898200147435627e-03 2.261684349616888e-03
128 3.787423128646879e-03 2.226858513267497e-03
129 3.670872847217457e-03 2.188953939375795e-03
130 3.548993887772869e-03 2.148169490802532e-03
131 3.422230834938629e-03 2.104704030408451e-03
132 3.291028273340250e-03 2.058756421054302e-03
133 3.155830787603248e-03 2.010525525600832e-03
134 3.017082962353132e-03 1.960210206908787e-03
135 2.875229382215417e-03 1.908009327838915e-03
136 2.730714631815619e-03 1.854121751251965e-03
137 2.583983295779247e-03 1.798746340008682e-03
138 2.435479958731815e-03 1.742081956969813e-03
139 2.285649205298837e-03 1.684327464996106e-03
140 2.134935620105826e-03 1.625681726948309e-03
141 1.983783787778296e-03 1.566343605687168e-03
142 1.832638292941758e-03 1.506511964073430e-03
143 1.681943720221727e-03 1.446385664967844e-03
144 1.532144654243716e-03 1.386163571231156e-03
145 1.383685679633237e-03 1.326044545724112e-03
146 1.237011381015805e-03 1.266227451307463e-03
147 1.092566343016931e-03 1.206911150841952e-03
148 9.507951502621296e-04 1.148294507188328e-03
149 8.121423873769144e-04 1.090576383207340e-03
150 6.770526389867968e-04 1.033955641759732e-03
151 5.459704897172909e-04 9.786311457062528e-04
152 4.193405241939106e-04 9.248017579076501e-04
153 2.976073270421676e-04 8.726663412246703e-04
154 1.812154828875760e-04 8.224237585180608e-04
155 7.060957635564928e-05 7.742728726485696e-04
156 -3.376580792810047e-05 7.284125464769428e-04
157 -1.314660853381590e-04 6.850416428639283e-04
158 -2.220466712490142e-04 6.443590246702730e-04
159 -3.050629810351524e-04 6.065635547567242e-04
160 -3.800704300710599e-04 5.718540959840295e-04
161 -4.466244337312245e-04 5.404295112129356e-04
162 -4.822966427080030e-04 5.211815476282555e-04
163 -5.186088280970837e-04 4.974217087326753e-04
164 -5.555094121945516e-04 4.694654327463676e-04
165 -5.929468172964924e-04 4.376281578895047e-04
166 -6.308694656989912e-04 4.022253223822587e-04
167 -6.692257796981336e-04 3.635723644448025e-04
168 -7.079641815900047e-04 3.219847222973079e-04
169 -7.470330936706899e-04 2.777778341599478e-04
170 -7.863809382362748e-04 2.312671382528942e-04
171 -8.259561375828445e-04 1.827680727963197e-04
172 -8.657071140064845e-04 1.325960760103966e-04
173 -9.055822898032798e-04 8.106658611529693e-05
174 -9.455300872693163e-04 2.849504133119362e-05
175 -9.854989287006791e-04 -2.480312012174141e-05
176 -1.025437236393453e-03 -7.851246002333549e-05
177 -1.065293432643725e-03 -1.323175401534164e-04
178 -1.105015939747578e-03 -1.859029222918118e-04
179 -1.144553180001099e-03 -2.389531682183492e-04
180 -1.183853575700374e-03 -2.911528397128564e-04
181 -1.222865549141486e-03 -3.421864985551609e-04
182 -1.261537522620523e-03 -3.917387065250904e-04
183 -1.299817918433568e-03 -4.394940254024726e-04
184 -1.337655158876708e-03 -4.851370169671349e-04
185 -1.374997666246028e-03 -5.283522429989051e-04
186 -1.411793862837612e-03 -5.688242652776109e-04
187 -1.447992170947547e-03 -6.062376455830796e-04
188 -1.483541012871918e-03 -6.402769456951392e-04

Lines

1 1 2
2 2 3
3 3 4
4 4 5
5 5 6
6 6 7
7 7 8
8 8 9
9 9 10
10 10 11
11 11 12
12 12 13
13 13 14
14 14 15
15 15 16
16 16 17
17 17 18
18 18 19
19 19 20
20 20 21
21 21 22
22 22 23
23 23 24
24 24 25
25 25 26
26 26 27
27 27 28
28 28 29
29 29 30
30 30 31
31 31 32
32 32 33
33 33 34
34 34 35
35 35 36
36 36 37
37 37 38
38 38 39
39 39 40
40 40 41
41 41 42
42 42 43
43 43 44
44 44 45
45 45 46
46 46 47
47 47 48
48 48 49
49 49 50
50 50 51
51 51 52
52 52 53
53 53 54
54 54 55
55 55 56
56 56 57
57 57 58
58 58 59
59 59 60
60 60 61
61 61 62
62 62 63
63 63 64
64 64 65
65 65 66
66 66 67
67 67 68
68 68 69
69 69 70
70 70 71
71 71 72
72 72 73
73 73 74
74 74 75
75 75 76
76 76 77
77 77 78
78 78 79
79 79 80
80 80 81
81 81 82
82 82 83
83 83 84
84 84 85
85 85 86
86 86 87
87 87 88
88 88 89
89 89 90
90 90 91
91 91 92
92 92 93
93 93 94
94 94 95
95 95 96
96 96 97
97 97 98
98 98 99
99 99 100
100 100 101
101 101 102
102 102 103
103 103 104
104 104 105
105 105 106
106 106 107
107 107 108
108 108 109
109 109 110
110 110 111
111 111 112
112 112 113
113 113 114
114 114 115
115 115 116
116 116 117
117 117 118
118 118 119
119 119 120
120 120 121
121 121 122
122 122 123
123 123 124
124 124 125
125 125 126
126 126 127
127 127 128
128 128 129
129 129 130
130 130 131
131 131 132
132 132 133
133 133 134
134 134 135
135 135 136
136 136 137
137 137 138
138 138 139
139 139 140
140 140 141
141 141 142
142 142 143
143 143 144
144 144 145
145 145 146
146 146 147
147 147 148
148 148 149
149 149 150
150 150 151
151 151 152
152 152 153
153 153 154
154 154 155
155 155 156
156 156 157
157 157 158
158 158 159
159 159 160
160 160 161
161 161 162
162 162 163
163 163 164
164 164 165
165 165 166
166 166 167
167 167 168
168 168 169
169 169 170
170 170 171
171 171 172
172 172 173
173 173 174
174 174 175
175 175 176
176 176 177
177 177 178
178 178 179
179 179 180
180 180 181
181 181 182
182 182 183
183 183 184
184 184 185
185 185 186
186 186 187
187 187 188
188 188 1
