shape_82

177 points
177 lines

Points

1 -1.981352533796392e-03 -4.821923638479704e-05
2 -1.929762361858451e-03 -1.435424306414615e-04
3 -1.875014093610252e-03 -2.448602358444628e-04
4 -1.817211860009063e-03 -3.517884043730723e-04
5 -1.756459792012150e-03 -4.639426886065600e-04
6 -1.692862020576783e-03 -5.809388409241968e-04
7 -1.626522676660229e-03 -7.023926137052539e-04
8 -1.557545891219757e-03 -8.279197593290020e-04
9 -1.486035795212633e-03 -9.571360301747113e-04
10 -1.412096519596127e-03 -1.089657178621653e-03
11 -1.335832195327506e-03 -1.225098957049098e-03
12 -1.257346953364039e-03 -1.363077117836317e-03
13 -1.176744924662993e-03 -1.503207413362580e-03
14 -1.094130240181637e-03 -1.645105596007158e-03
15 -1.009607030877238e-03 -1.788387418149324e-03
16 -9.232794277070655e-04 -1.932668632168345e-03
17 -8.352515616283857e-04 -2.077564990443494e-03
18 -7.456275635984672e-04 -2.222692245354042e-03
19 -6.545115645745787e-04 -2.367666149279259e-03
20 -5.620076955139874e-04 -2.512102454598416e-03
21 -4.682200873739622e-04 -2.655616913690784e-03
22 -3.732528711117703e-04 -2.797825278935633e-03
23 -2.772101776846804e-04 -2.938343302712234e-03
24 -1.801961380499600e-04 -3.076786737399858e-03
25 -8.231488316487717e-05 -3.212771335377777e-03
26 1.632945601329972e-05 -3.345912849025260e-03
27 1.156327485273024e-04 -3.475827030721576e-03
28 2.154908634198640e-04 -3.602129632846000e-03
29 3.157996697337157e-04 -3.724436407777802e-03
30 4.164550365115895e-04 -3.842363107896250e-03
31 5.173528327962170e-04 -3.955525485580615e-03
32 6.183889276303310e-04 -4.063539293210172e-03
33 7.194591900566632e-04 -4.166020283164186e-03
34 8.204594891179457e-04 -4.262584207821932e-03
35 9.212856938569098e-04 -4.352846819562680e-03
36 1.021833673316288e-03 -4.436423870765699e-03
37 1.121999296538812e-03 -4.512931113810262e-03
38 1.221678432567214e-03 -4.581984301075638e-03
39 1.320766950444227e-03 -4.643199184941099e-03
40 1.419160719212580e-03 -4.696191517785913e-03
41 1.516755607915008e-03 -4.740577051989355e-03
42 1.613447485594242e-03 -4.775971539930693e-03
43 1.709132221293014e-03 -4.801990733989200e-03
44 1.803705684054056e-03 -4.818250386544144e-03
45 1.897063742920099e-03 -4.824366249974795e-03
46 1.989102266933876e-03 -4.819954076660427e-03
47 2.079717125138119e-03 -4.804629618980310e-03
48 2.168804186575560e-03 -4.778008629313714e-03
49 2.256259320288930e-03 -4.739706860039910e-03
50 2.341978395320963e-03 -4.689340063538170e-03
51 2.427948378310510e-03 -4.625608689528723e-03
52 2.506210904243696e-03 -4.554423550155098e-03
53 2.576970363878894e-03 -4.476067950180448e-03
54 2.640431147974477e-03 -4.390825194367932e-03
55 2.696797647288819e-03 -4.298978587480705e-03
56 2.746274252580292e-03 -4.200811434281923e-03
57 2.789065354607271e-03 -4.096607039534740e-03
58 2.825375344128129e-03 -3.986648708002313e-03
59 2.855408611901242e-03 -3.871219744447803e-03
60 2.879369548684978e-03 -3.750603453634360e-03
61 2.897462545237714e-03 -3.625083140325139e-03
62 2.909891992317822e-03 -3.494942109283301e-03
63 2.916862280683677e-03 -3.360463665272000e-03
64 2.918577801093652e-03 -3.221931113054392e-03
65 2.915242944306119e-03 -3.079627757393633e-03
66 2.907062101079454e-03 -2.933836903052880e-03
67 2.894239662172028e-03 -2.784841854795287e-03
68 2.876980018342216e-03 -2.632925917384013e-03
69 2.855487560348391e-03 -2.478372395582211e-03
70 2.829966678948925e-03 -2.321464594153039e-03
71 2.800621764902196e-03 -2.162485817859653e-03
72 2.767657208966571e-03 -2.001719371465207e-03
73 2.731277401900427e-03 -1.839448559732858e-03
74 2.691686734462137e-03 -1.675956687425764e-03
75 2.649089597410075e-03 -1.511527059307079e-03
76 2.603690381502614e-03 -1.346442980139960e-03
77 2.555693477498127e-03 -1.180987754687561e-03
78 2.505303276154988e-03 -1.015444687713042e-03
79 2.452724168231570e-03 -8.500970839795563e-04
80 2.398160544486248e-03 -6.852282482502602e-04
81 2.341816795677393e-03 -5.211214852883095e-04
82 2.283897312563380e-03 -3.580600998568609e-04
83 2.224606485902582e-03 -1.963273967190704e-04
84 2.164148706453371e-03 -3.620668063809381e-05
85 2.102728364974124e-03 1.220187436229128e-04
86 2.040549852223212e-03 2.780655713007923e-04
87 1.977817558959007e-03 4.316504976323907e-04
88 1.914735875939886e-03 5.824902178545507e-04
89 1.851509193924221e-03 7.303014272041164e-04
90 1.788341903670383e-03 8.748008209179321e-04
91 1.725438395936749e-03 1.015705094232841e-03
92 1.663003061481691e-03 1.152730942385687e-03
93 1.601240291063583e-03 1.285595060613315e-03
94 1.540354475440796e-03 1.414014144152569e-03
95 1.480550005371707e-03 1.537704888240293e-03
96 1.422031271614687e-03 1.656383988113329e-03
97 1.365002664928110e-03 1.769768139008523e-03
98 1.309668576070350e-03 1.877574036162718e-03
99 1.256233395799780e-03 1.979518374812759e-03
100 1.204901514874774e-03 2.075317850195489e-03
101 1.162575558620444e-03 2.148563400969913e-03
102 1.113699953097140e-03 2.224401268612927e-03
103 1.058589728465369e-03 2.302529774216069e-03
104 9.975599148856385e-04 2.382647238870877e-03
105 9.309255425184569e-04 2.464451983668888e-03
106 8.590016415243319e-04 2.547642329701640e-03
107 7.821032420637711e-04 2.631916598060669e-03
108 7.005453742972824e-04 2.716973109837516e-03
109 6.146430683853730e-04 2.802510186123714e-03
110 5.247113544885507e-04 2.888226148010804e-03
111 4.310652627673237e-04 2.973819316590324e-03
112 3.340198233821994e-04 3.058988012953809e-03
113 2.338900664936857e-04 3.143430558192798e-03
114 1.309910222622898e-04 3.226845273398827e-03
115 2.563772084852032e-05 3.308930479663438e-03
116 -8.185480758711558e-05 3.389384498078163e-03
117 -1.911715328841106e-04 3.467905649734543e-03
118 -3.019974248819561e-04 3.544192255724115e-03
119 -4.140174534201452e-04 3.617942637138415e-03
120 -5.269165883381693e-04 3.688855115068984e-03
121 -6.403797994755214e-04 3.756628010607356e-03
122 -7.540920566716937e-04 3.820959644845072e-03
123 -8.677383297661784e-04 3.881548338873665e-03
124 -9.810035885984675e-04 3.938092413784676e-03
125 -1.093572803008053e-03 3.990290190669642e-03
126 -1.205130942834428e-03 4.037839990620100e-03
127 -1.315362977917085e-03 4.080440134727590e-03
128 -1.423953878095515e-03 4.117788944083645e-03
129 -1.530588613209212e-03 4.149584739779808e-03
130 -1.634952153097666e-03 4.175525842907613e-03
131 -1.736729467600371e-03 4.195310574558596e-03
132 -1.835605526556819e-03 4.208637255824300e-03
133 -1.931265299806502e-03 4.215204207796257e-03
134 -2.023393757188912e-03 4.214709751566009e-03
135 -2.111675868543543e-03 4.206852208225090e-03
136 -2.195796603709885e-03 4.191329898865040e-03
137 -2.275440932527431e-03 4.167841144577396e-03
138 -2.350293824835674e-03 4.136084266453695e-03
139 -2.420040250474105e-03 4.095757585585475e-03
140 -2.484175448707394e-03 4.047001135233000e-03
141 -2.541978130733028e-03 3.990766206338186e-03
142 -2.593640049922501e-03 3.927413787777456e-03
143 -2.639352959647308e-03 3.857304868427237e-03
144 -2.679308613278945e-03 3.780800437163954e-03
145 -2.713698764188908e-03 3.698261482864031e-03
146 -2.742715165748693e-03 3.610048994403895e-03
147 -2.766549571329795e-03 3.516523960659971e-03
148 -2.785393734303709e-03 3.418047370508682e-03
149 -2.799439408041930e-03 3.314980212826456e-03
150 -2.808878345915955e-03 3.207683476489717e-03
151 -2.813902301297278e-03 3.096518150374890e-03
152 -2.814703027557396e-03 2.981845223358401e-03
153 -2.811472278067802e-03 2.864025684316674e-03
154 -2.804401806199995e-03 2.743420522126136e-03
155 -2.793683365325469e-03 2.620390725663211e-03
156 -2.779508708815718e-03 2.495297283804323e-03
157 -2.762069590042239e-03 2.368501185425901e-03
158 -2.741557762376525e-03 2.240363419404366e-03
159 -2.718164979190077e-03 2.111244974616147e-03
160 -2.692082993854385e-03 1.981506839937666e-03
161 -2.663503559740945e-03 1.851510004245350e-03
162 -2.632618430221257e-03 1.721615456415623e-03
163 -2.599619358666812e-03 1.592184185324912e-03
164 -2.564698098449106e-03 1.463577179849642e-03
165 -2.528046402939637e-03 1.336155428866236e-03
166 -2.489856025509898e-03 1.210279921251121e-03
167 -2.450318719531385e-03 1.086311645880722e-03
168 -2.409626238375595e-03 9.646115916314649e-04
169 -2.367970335414021e-03 8.455407473797742e-04
170 -2.325542764018161e-03 7.294601020020745e-04
171 -2.282535277559508e-03 6.167306443747916e-04
172 -2.239139629409559e-03 5.077133633743509e-04
173 -2.195547572939810e-03 4.027692478771774e-04
174 -2.151950861521755e-03 3.022592867596969e-04
175 -2.108541248526890e-03 2.065444688983338e-04
176 -2.065510487326712e-03 1.159857831695135e-04
177 -2.023050331292713e-03 3.094421844966155e-05

Lines

1 1 2
2 2 3
3 3 4
4 4 5
5 5 6
6 6 7
7 7 8
8 8 9
9 9 10
10 10 11
11 11 12
12 12 13
13 13 14
14 14 15
15 15 16
16 16 17
17 17 18
18 18 19
19 19 20
20 20 21
21 21 22
22 22 23
23 23 24
24 24 25
25 25 26
26 26 27
27 27 28
28 28 29
29 29 30
30 30 31
31 31 32
32 32 33
33 33 34
34 34 35
35 35 36
36 36 37
37 37 38
38 38 39
39 39 40
40 40 41
41 41 42
42 42 43
43 43 44
44 44 45
45 45 46
46 46 47
47 47 48
48 48 49
49 49 50
50 50 51
51 51 52
52 52 53
53 53 54
54 54 55
55 55 56
56 56 57
57 57 58
58 58 59
59 59 60
60 60 61
61 61 62
62 62 63
63 63 64
64 64 65
65 65 66
66 66 67
67 67 68
68 68 69
69 69 70
70 70 71
71 71 72
72 72 73
73 73 74
74 74 75
75 75 76
76 76 77
77 77 78
78 78 79
79 79 80
80 80 81
81 81 82
82 82 83
83 83 84
84 84 85
85 85 86
86 86 87
87 87 88
88 88 89
89 89 90
90 90 91
91 91 92
92 92 93
93 93 94
94 94 95
95 95 96
96 96 97
97 97 98
98 98 99
99 99 100
100 100 101
101 101 102
102 102 103
103 103 104
104 104 105
105 105 106
106 106 107
107 107 108
108 108 109
109 109 110
110 110 111
111 111 112
112 112 113
113 113 114
114 114 115
115 115 116
116 116 117
117 117 118
118 118 119
119 119 120
120 120 121
121 121 122
122 122 123
123 123 124
124 124 125
125 125 126
126 126 127
127 127 128
128 128 129
129 129 130
130 130 131
131 131 132
132 132 133
133 133 134
134 134 135
135 135 136
136 136 137
137 137 138
138 138 139
139 139 140
140 140 141
141 141 142
142 142 143
143 143 144
144 144 145
145 145 146
146 146 147
147 147 148
148 148 149
149 149 150
150 150 151
151 151 152
152 152 153
153 153 154
154 154 155
155 155 156
156 156 157
157 157 158
158 158 159
159 159 160
160 160 161
161 161 162
162 162 163
163 163 164
164 164 165
165 165 166
166 166 167
167 167 168
168 168 169
169 169 170
170 170 171
171 171 172
172 172 173
173 173 174
174 174 175
175 175 176
176 176 177
177 177 1
