shape_8

162 points
162 lines

Points

1 1.418482880688365e-03 -5.105050861991783e-03
2 1.510583806958316e-03 -5.055456749748927e-03
3 1.593869639756862e-03 -4.996208217981626e-03
4 1.668621059482517e-03 -4.927653389534090e-03
5 1.735118746533796e-03 -4.850140387250537e-03
6 1.793643381309214e-03 -4.764017333975180e-03
7 1.844475644207284e-03 -4.669632352552236e-03
8 1.887896215626521e-03 -4.567333565825922e-03
9 1.924185775965438e-03 -4.457469096640449e-03
10 1.953625005622550e-03 -4.340387067840031e-03
11 1.976494584996373e-03 -4.216435602268889e-03
12 1.993075194485418e-03 -4.085962822771232e-03
13 2.003647514488202e-03 -3.949316852191279e-03
14 2.008492225403238e-03 -3.806845813373246e-03
15 2.007890007629040e-03 -3.658897829161344e-03
16 2.002121541564122e-03 -3.505821022399790e-03
17 1.991467507607001e-03 -3.347963515932801e-03
18 1.976208586156188e-03 -3.185673432604590e-03
19 1.956625457610198e-03 -3.019298895259372e-03
20 1.932998802367547e-03 -2.849188026741364e-03
21 1.905609300826747e-03 -2.675688949894778e-03
22 1.874737633386314e-03 -2.499149787563831e-03
23 1.840664480444761e-03 -2.319918662592740e-03
24 1.803670522400603e-03 -2.138343697825716e-03
25 1.764036439652354e-03 -1.954773016106976e-03
26 1.722042912598528e-03 -1.769554740280738e-03
27 1.677970621637640e-03 -1.583036993191211e-03
28 1.632100247168203e-03 -1.395567897682615e-03
29 1.584712469588733e-03 -1.207495576599164e-03
30 1.536087969297743e-03 -1.019168152785072e-03
31 1.486507426693747e-03 -8.309337490845549e-04
32 1.436251522175261e-03 -6.431404883418281e-04
33 1.385600936140797e-03 -4.561364934011058e-04
34 1.334836348988871e-03 -2.702698871066034e-04
35 1.284238441117997e-03 -8.588879230253710e-05
36 1.234087892926688e-03 9.665866816687982e-05
37 1.184665384813459e-03 2.770243714574316e-04
38 1.136251597176825e-03 4.548601947249017e-04
39 1.089127210415299e-03 6.298180151250773e-04
40 1.043572904927396e-03 8.015497098137423e-04
41 9.998693611116302e-04 9.697071559466804e-04
42 9.582972593665161e-04 1.133942230679679e-03
43 9.191372800905675e-04 1.293906811168521e-03
44 8.826701036822990e-04 1.449252774568991e-03
45 8.491764105402244e-04 1.599631998036876e-03
46 8.189368810628582e-04 1.744696358727960e-03
47 7.922321956487149e-04 1.884097733798027e-03
48 7.693430346963086e-04 2.017488000402863e-03
49 7.505500786041531e-04 2.144519035698252e-03
50 7.409301286729899e-04 2.225298342508917e-03
51 7.323268101300258e-04 2.315394433908278e-03
52 7.245230961193846e-04 2.413846013657382e-03
53 7.173019597851893e-04 2.519691785517272e-03
54 7.104463742715637e-04 2.631970453248992e-03
55 7.037393127226306e-04 2.749720720613588e-03
56 6.969637482825134e-04 2.871981291372102e-03
57 6.899026540953359e-04 2.997790869285583e-03
58 6.823390033052211e-04 3.126188158115072e-03
59 6.740557690562922e-04 3.256211861621614e-03
60 6.648359244926725e-04 3.386900683566254e-03
61 6.544624427584858e-04 3.517293327710039e-03
62 6.427182969978549e-04 3.646428497814009e-03
63 6.293864603549035e-04 3.773344897639211e-03
64 6.142499059737545e-04 3.897081230946692e-03
65 5.970916069985320e-04 4.016676201497492e-03
66 5.776945365733585e-04 4.131168513052657e-03
67 5.558416678423576e-04 4.239596869373234e-03
68 5.313159739496530e-04 4.340999974220266e-03
69 5.039004280393676e-04 4.434416531354797e-03
70 4.733780032556248e-04 4.518885244537873e-03
71 4.395316727425480e-04 4.593444817530535e-03
72 4.021444096442604e-04 4.657133954093832e-03
73 3.609991871048857e-04 4.708991357988807e-03
74 3.158789782685468e-04 4.748055732976503e-03
75 2.665667562793671e-04 4.773365782817967e-03
76 2.128454942814702e-04 4.783960211274243e-03
77 1.544981654189792e-04 4.778877722106375e-03
78 9.130774283601740e-05 4.757157019075408e-03
79 3.236655369625589e-06 4.713165279514380e-03
80 -8.612406558856601e-05 4.662146056854040e-03
81 -1.765557590265693e-04 4.604405340447657e-03
82 -2.678397639323960e-04 4.540249119648512e-03
83 -3.597574192940582e-04 4.469983383809877e-03
84 -4.520900640995677e-04 4.393914122285025e-03
85 -5.446190373369365e-04 4.312347324427234e-03
86 -6.371256779941767e-04 4.225588979589780e-03
87 -7.293913250592996e-04 4.133945077125932e-03
88 -8.211973175203177e-04 4.037721606388971e-03
89 -9.123249943652423e-04 3.937224556732166e-03
90 -1.002555694582086e-03 3.832759917508797e-03
91 -1.091670757158860e-03 3.724633678072136e-03
92 -1.179451521083576e-03 3.613151827775458e-03
93 -1.265679325344248e-03 3.498620355972039e-03
94 -1.350135508928885e-03 3.381345252015153e-03
95 -1.432601410825501e-03 3.261632505258076e-03
96 -1.512858370022108e-03 3.139788105054081e-03
97 -1.590687725506715e-03 3.016118040756443e-03
98 -1.665870816267337e-03 2.890928301718439e-03
99 -1.738188981291985e-03 2.764524877293341e-03
100 -1.807423559568670e-03 2.637213756834425e-03
101 -1.873355890085405e-03 2.509300929694967e-03
102 -1.935767311830202e-03 2.381092385228241e-03
103 -1.994439163791072e-03 2.252894112787521e-03
104 -2.049152784956028e-03 2.125012101726083e-03
105 -2.099689514313080e-03 1.997752341397200e-03
106 -2.145830690850243e-03 1.871420821154149e-03
107 -2.187357653555526e-03 1.746323530350204e-03
108 -2.224051741416942e-03 1.622766458338639e-03
109 -2.255694293422502e-03 1.501055594472730e-03
110 -2.282066648560220e-03 1.381496928105752e-03
111 -2.302950145818106e-03 1.264396448590979e-03
112 -2.318126124184173e-03 1.150060145281686e-03
113 -2.327375922646431e-03 1.038794007531148e-03
114 -2.330480880192895e-03 9.309040246926392e-04
115 -2.327222335811575e-03 8.266961861194354e-04
116 -2.317381628490482e-03 7.264764811648105e-04
117 -2.299250824842423e-03 6.056806744345883e-04
118 -2.276440686720373e-03 4.776320142904743e-04
119 -2.249085327218910e-03 3.428045192408607e-04
120 -2.217318859432619e-03 2.016722077941398e-04
121 -2.181275396456085e-03 5.470909845870393e-05
122 -2.141089051383890e-03 -9.761079025705447e-05
123 -2.096893937310618e-03 -2.548134398447434e-04
124 -2.048824167330851e-03 -4.164248317959705e-04
125 -1.997013854539174e-03 -5.819709476023438e-04
126 -1.941597112030167e-03 -7.509777687554702e-04
127 -1.882708052898417e-03 -9.229712767469577e-04
128 -1.820480790238505e-03 -1.097477453068414e-03
129 -1.755049437145014e-03 -1.274022279211448e-03
130 -1.686548106712530e-03 -1.452131736667665e-03
131 -1.615110912035633e-03 -1.631331806928675e-03
132 -1.540871966208907e-03 -1.811148471486085e-03
133 -1.463965382326938e-03 -1.991107711831502e-03
134 -1.384525273484305e-03 -2.170735509456534e-03
135 -1.302685752775593e-03 -2.349557845852789e-03
136 -1.218580933295387e-03 -2.527100702511876e-03
137 -1.132344928138268e-03 -2.702890060925400e-03
138 -1.044111850398819e-03 -2.876451902584971e-03
139 -9.540158131716262e-04 -3.047312208982196e-03
140 -8.621909295512694e-04 -3.214996961608681e-03
141 -7.687713126323331e-04 -3.379032141956037e-03
142 -6.738910755094012e-04 -3.538943731515870e-03
143 -5.776843312770565e-04 -3.694257711779786e-03
144 -4.802851930298818e-04 -3.844500064239395e-03
145 -3.818277738624604e-04 -3.989196770386305e-03
146 -2.824461868693763e-04 -4.127873811712122e-03
147 -1.822745451452126e-04 -4.260057169708454e-03
148 -8.144696178455160e-05 -4.385272825866910e-03
149 1.990245011802283e-05 -4.503046761679098e-03
150 1.216395774679269e-04 -4.612904958636622e-03
151 2.236303071705785e-04 -4.714373398231096e-03
152 3.257405261313941e-04 -4.806978061954121e-03
153 4.278361212557900e-04 -4.890244931297309e-03
154 5.297829794491828e-04 -4.963699987752267e-03
155 6.314469876169901e-04 -5.026869212810601e-03
156 7.326940326646280e-04 -5.079278587963919e-03
157 8.333900014975133e-04 -5.120454094703832e-03
158 9.334007810210635e-04 -5.149921714521944e-03
159 1.032592258140695e-03 -5.167207428909866e-03
160 1.130830319761824e-03 -5.171837219359202e-03
161 1.227980852789867e-03 -5.163337067361562e-03
162 1.323909744130242e-03 -5.141232954408553e-03

Lines

1 1 2
2 2 3
3 3 4
4 4 5
5 5 6
6 6 7
7 7 8
8 8 9
9 9 10
10 10 11
11 11 12
12 12 13
13 13 14
14 14 15
15 15 16
16 16 17
17 17 18
18 18 19
19 19 20
20 20 21
21 21 22
22 22 23
23 23 24
24 24 25
25 25 26
26 26 27
27 27 28
28 28 29
29 29 30
30 30 31
31 31 32
32 32 33
33 33 34
34 34 35
35 35 36
36 36 37
37 37 38
38 38 39
39 39 40
40 40 41
41 41 42
42 42 43
43 43 44
44 44 45
45 45 46
46 46 47
47 47 48
48 48 49
49 49 50
50 50 51
51 51 52
52 52 53
53 53 54
54 54 55
55 55 56
56 56 57
57 57 58
58 58 59
59 59 60
60 60 61
61 61 62
62 62 63
63 63 64
64 64 65
65 65 66
66 66 67
67 67 68
68 68 69
69 69 70
70 70 71
71 71 72
72 72 73
73 73 74
74 74 75
75 75 76
76 76 77
77 77 78
78 78 79
79 79 80
80 80 81
81 81 82
82 82 83
83 83 84
84 84 85
85 85 86
86 86 87
87 87 88
88 88 89
89 89 90
90 90 91
91 91 92
92 92 93
93 93 94
94 94 95
95 95 96
96 96 97
97 97 98
98 98 99
99 99 100
100 100 101
101 101 102
102 102 103
103 103 104
104 104 105
105 105 106
106 106 107
107 107 108
108 108 109
109 109 110
110 110 111
111 111 112
112 112 113
113 113 114
114 114 115
115 115 116
116 116 117
117 117 118
118 118 119
119 119 120
120 120 121
121 121 122
122 122 123
123 123 124
124 124 125
125 125 126
126 126 127
127 127 128
128 128 129
129 129 130
130 130 131
131 131 132
132 132 133
133 133 134
134 134 135
135 135 136
136 136 137
137 137 138
138 138 139
139 139 140
140 140 141
141 141 142
142 142 143
143 143 144
144 144 145
145 145 146
146 146 147
147 147 148
148 148 149
149 149 150
150 150 151
151 151 152
152 152 153
153 153 154
154 154 155
155 155 156
156 156 157
157 157 158
158 158 159
159 159 160
160 160 161
161 161 162
162 162 1
