shape_44

177 points
177 lines

Points

1 -2.267393552326703e-03 -4.304556239908804e-03
2 -2.140003101099783e-03 -4.315366545747141e-03
3 -2.009487437383731e-03 -4.318165298441362e-03
4 -1.876027384217561e-03 -4.313201394802687e-03
5 -1.739803764640284e-03 -4.300723731642339e-03
6 -1.600997401690912e-03 -4.280981205771535e-03
7 -1.459789118408456e-03 -4.254222714001497e-03
8 -1.316359737831931e-03 -4.220697153143447e-03
9 -1.170890083000347e-03 -4.180653420008605e-03
10 -1.023560976952717e-03 -4.134340411408193e-03
11 -8.745532427280533e-04 -4.082007024153431e-03
12 -7.240477033653672e-04 -4.023902155055539e-03
13 -5.722251819036720e-04 -3.960274700925739e-03
14 -4.192665013819787e-04 -3.891373558575252e-03
15 -2.653524848393007e-04 -3.817447624815299e-03
16 -1.106639553146496e-04 -3.738745796457100e-03
17 4.461826415296237e-05 -3.655516970311877e-03
18 2.003133505245230e-04 -3.568010043190851e-03
19 3.562404807610196e-04 -3.476473911905243e-03
20 5.122188318234411e-04 -3.381157473266271e-03
21 6.680675806727750e-04 -3.282309624085159e-03
22 8.236059042700079e-04 -3.180179261173128e-03
23 9.786529795761292e-04 -3.075015281341396e-03
24 1.133027983552126e-03 -2.967066581401187e-03
25 1.286550093158986e-03 -2.856582058163720e-03
26 1.439038485357697e-03 -2.743810608440215e-03
27 1.590312337109248e-03 -2.629001129041897e-03
28 1.740190825374625e-03 -2.512402516779983e-03
29 1.888493127114817e-03 -2.394263668465695e-03
30 2.035038419290810e-03 -2.274833480910255e-03
31 2.179645878863595e-03 -2.154360850924883e-03
32 2.322134682794158e-03 -2.033094675320799e-03
33 2.462324008043487e-03 -1.911283850909225e-03
34 2.600033031572569e-03 -1.789177274501381e-03
35 2.735080930342393e-03 -1.667023842908489e-03
36 2.867286881313945e-03 -1.545072452941770e-03
37 2.996470061448214e-03 -1.423572001412444e-03
38 3.122449647706190e-03 -1.302771385131732e-03
39 3.245044817048858e-03 -1.182919500910855e-03
40 3.364074746437207e-03 -1.064265245561035e-03
41 3.479358612832224e-03 -9.470575158934904e-04
42 3.590715593194896e-03 -8.315452087194439e-04
43 3.697964864486213e-03 -7.179772208501168e-04
44 3.800925603667163e-03 -6.066024490967288e-04
45 3.899416987698731e-03 -4.976697902705009e-04
46 3.993258193541908e-03 -3.914281411826547e-04
47 4.082268398157678e-03 -2.881263986444105e-04
48 4.166266778507033e-03 -1.880134594669894e-04
49 4.245072511550959e-03 -9.133822046161297e-05
50 4.318504774250442e-03 1.650421560499250e-06
51 4.386382743566473e-03 9.070356978812563e-05
52 4.426986215399250e-03 1.534928247894051e-04
53 4.462968434774933e-03 2.265089584952493e-04
54 4.494375245474569e-03 3.089998505406031e-04
55 4.521252491279206e-03 4.002133805604115e-04
56 4.543646015969886e-03 4.993974281896193e-04
57 4.561601663327656e-03 6.057998730631713e-04
58 4.575165277133565e-03 7.186685948160127e-04
59 4.584382701168652e-03 8.372514730830880e-04
60 4.589299779213969e-03 9.607963874993424e-04
61 4.589962355050559e-03 1.088551217699721e-03
62 4.586416272459464e-03 1.219763843319168e-03
63 4.578707375221735e-03 1.353682143992628e-03
64 4.566881507118416e-03 1.489553999355048e-03
65 4.550984511930551e-03 1.626627289041370e-03
66 4.531062233439189e-03 1.764149892686541e-03
67 4.507160515425372e-03 1.901369689925505e-03
68 4.479325201670147e-03 2.037534560393207e-03
69 4.447602135954559e-03 2.171892383724592e-03
70 4.412037162059656e-03 2.303691039554605e-03
71 4.372676123766480e-03 2.432178407518191e-03
72 4.329564864856079e-03 2.556602367250295e-03
73 4.282749229109500e-03 2.676210798385861e-03
74 4.232275060307785e-03 2.790251580559834e-03
75 4.178188202231981e-03 2.897972593407160e-03
76 4.120534498663135e-03 2.998621716562782e-03
77 4.059359793382291e-03 3.091446829661647e-03
78 3.994709930170494e-03 3.175695812338699e-03
79 3.926630752808792e-03 3.250616544228883e-03
80 3.855168105078229e-03 3.315456904967143e-03
81 3.780367830759852e-03 3.369464774188426e-03
82 3.702275773634704e-03 3.411888031527675e-03
83 3.620937777483834e-03 3.441974556619834e-03
84 3.536399686088284e-03 3.458972229099851e-03
85 3.400064229187458e-03 3.473548508722397e-03
86 3.258979011545338e-03 3.485563556884186e-03
87 3.113383723654692e-03 3.495027188563002e-03
88 2.963518056008289e-03 3.501949218736634e-03
89 2.809621699098894e-03 3.506339462382866e-03
90 2.651934343419278e-03 3.508207734479487e-03
91 2.490695679462207e-03 3.507563850004287e-03
92 2.326145397720448e-03 3.504417623935048e-03
93 2.158523188686770e-03 3.498778871249560e-03
94 1.988068742853942e-03 3.490657406925612e-03
95 1.815021750714729e-03 3.480063045940987e-03
96 1.639621902761900e-03 3.467005603273475e-03
97 1.462108889488225e-03 3.451494893900864e-03
98 1.282722401386468e-03 3.433540732800939e-03
99 1.101702128949399e-03 3.413152934951486e-03
100 9.192877626697860e-04 3.390341315330296e-03
101 7.357189930403958e-04 3.365115688915153e-03
102 5.512355105539964e-04 3.337485870683845e-03
103 3.660770057033553e-04 3.307461675614161e-03
104 1.804831689812417e-04 3.275052918683886e-03
105 -5.306309119578379e-06 3.240269414870808e-03
106 -1.910517381063364e-04 3.203120979152712e-03
107 -3.765134274862640e-04 3.163617426507390e-03
108 -5.614516867665943e-04 3.121768571912624e-03
109 -7.456268254545591e-04 3.077584230346205e-03
110 -9.287991530573903e-04 3.031074216785919e-03
111 -1.110728979082321e-03 2.982248346209551e-03
112 -1.291176613036584e-03 2.931116433594890e-03
113 -1.469902364427407e-03 2.877688293919725e-03
114 -1.646666542762028e-03 2.821973742161841e-03
115 -1.821229457547676e-03 2.763982593299024e-03
116 -1.993351418291585e-03 2.703724662309064e-03
117 -2.162792734500986e-03 2.641209764169746e-03
118 -2.329313715683110e-03 2.576447713858859e-03
119 -2.492674671345193e-03 2.509448326354188e-03
120 -2.652635910994463e-03 2.440221416633522e-03
121 -2.808957744138155e-03 2.368776799674648e-03
122 -2.961400480283500e-03 2.295124290455351e-03
123 -3.109724428937730e-03 2.219273703953421e-03
124 -3.253689899608079e-03 2.141234855146644e-03
125 -3.393057201801777e-03 2.061017559012807e-03
126 -3.527586645026057e-03 1.978631630529698e-03
127 -3.657038538788152e-03 1.894086884675102e-03
128 -3.781173192595294e-03 1.807393136426809e-03
129 -3.899750915954713e-03 1.718560200762605e-03
130 -4.012532018373645e-03 1.627597892660276e-03
131 -4.119276809359318e-03 1.534516027097610e-03
132 -4.219745598418968e-03 1.439324419052396e-03
133 -4.313698695059826e-03 1.342032883502418e-03
134 -4.400896408789123e-03 1.242651235425465e-03
135 -4.481099049114092e-03 1.141189289799324e-03
136 -4.541082459942270e-03 1.051088579544727e-03
137 -4.593133852498149e-03 9.523785050901142e-04
138 -4.637445238801622e-03 8.455616870402853e-04
139 -4.674208630872582e-03 7.311407460000429e-04
140 -4.703616040730919e-03 6.096183025741877e-04
141 -4.725859480396522e-03 4.814969773675215e-04
142 -4.741130961889291e-03 3.472793909848458e-04
143 -4.749622497229114e-03 2.074681640309622e-04
144 -4.751526098435881e-03 6.256591711067186e-05
145 -4.747033777529484e-03 -8.692472917122393e-05
146 -4.736337546529816e-03 -2.405011542099235e-04
147 -4.719629417456769e-03 -3.976607374006251e-04
148 -4.697101402330237e-03 -5.579008581385276e-04
149 -4.668945513170108e-03 -7.207188958188298e-04
150 -4.635353761996279e-03 -8.856122298367295e-04
151 -4.596518160828635e-03 -1.052078239587426e-03
152 -4.552630721687072e-03 -1.219614304466117e-03
153 -4.503883456591483e-03 -1.387717803868002e-03
154 -4.450468377561758e-03 -1.555886117188279e-03
155 -4.392577496617790e-03 -1.723616623822148e-03
156 -4.330402825779471e-03 -1.890406703164805e-03
157 -4.264136377066690e-03 -2.055753734611450e-03
158 -4.193970162499342e-03 -2.219155097557280e-03
159 -4.120096194097319e-03 -2.380108171397497e-03
160 -4.042706483880511e-03 -2.538110335527297e-03
161 -3.961993043868812e-03 -2.692658969341878e-03
162 -3.878147886082112e-03 -2.843251452236440e-03
163 -3.791363022540304e-03 -2.989385163606182e-03
164 -3.701830465263279e-03 -3.130557482846300e-03
165 -3.609742226270931e-03 -3.266265789351996e-03
166 -3.515290317583149e-03 -3.396007462518464e-03
167 -3.418666751219828e-03 -3.519279881740908e-03
168 -3.320063539200858e-03 -3.635580426414523e-03
169 -3.219672693546130e-03 -3.744406475934508e-03
170 -3.117686226275539e-03 -3.845255409696063e-03
171 -3.014296149408975e-03 -3.937624607094384e-03
172 -2.909694474966329e-03 -4.021011447524672e-03
173 -2.804073214967493e-03 -4.094913310382124e-03
174 -2.697624381432362e-03 -4.158827575061939e-03
175 -2.590539986380825e-03 -4.212251620959317e-03
176 -2.483012041832775e-03 -4.254682827469454e-03
177 -2.375232559808104e-03 -4.285618573987551e-03

Lines

1 1 2
2 2 3
3 3 4
4 4 5
5 5 6
6 6 7
7 7 8
8 8 9
9 9 10
10 10 11
11 11 12
12 12 13
13 13 14
14 14 15
15 15 16
16 16 17
17 17 18
18 18 19
19 19 20
20 20 21
21 21 22
22 22 23
23 23 24
24 24 25
25 25 26
26 26 27
27 27 28
28 28 29
29 29 30
30 30 31
31 31 32
32 32 33
33 33 34
34 34 35
35 35 36
36 36 37
37 37 38
38 38 39
39 39 40
40 40 41
41 41 42
42 42 43
43 43 44
44 44 45
45 45 46
46 46 47
47 47 48
48 48 49
49 49 50
50 50 51
51 51 52
52 52 53
53 53 54
54 54 55
55 55 56
56 56 57
57 57 58
58 58 59
59 59 60
60 60 61
61 61 62
62 62 63
63 63 64
64 64 65
65 65 66
66 66 67
67 67 68
68 68 69
69 69 70
70 70 71
71 71 72
72 72 73
73 73 74
74 74 75
75 75 76
76 76 77
77 77 78
78 78 79
79 79 80
80 80 81
81 81 82
82 82 83
83 83 84
84 84 85
85 85 86
86 86 87
87 87 88
88 88 89
89 89 90
90 90 91
91 91 92
92 92 93
93 93 94
94 94 95
95 95 96
96 96 97
97 97 98
98 98 99
99 99 100
100 100 101
101 101 102
102 102 103
103 103 104
104 104 105
105 105 106
106 106 107
107 107 108
108 108 109
109 109 110
110 110 111
111 111 112
112 112 113
113 113 114
114 114 115
115 115 116
116 116 117
117 117 118
118 118 119
119 119 120
120 120 121
121 121 122
122 122 123
123 123 124
124 124 125
125 125 126
126 126 127
127 127 128
128 128 129
129 129 130
130 130 131
131 131 132
132 132 133
133 133 134
134 134 135
135 135 136
136 136 137
137 137 138
138 138 139
139 139 140
140 140 141
141 141 142
142 142 143
143 143 144
144 144 145
145 145 146
146 146 147
147 147 148
148 148 149
149 149 150
150 150 151
151 151 152
152 152 153
153 153 154
154 154 155
155 155 156
156 156 157
157 157 158
158 158 159
159 159 160
160 160 161
161 161 162
162 162 163
163 163 164
164 164 165
165 165 166
166 166 167
167 167 168
168 168 169
169 169 170
170 170 171
171 171 172
172 172 173
173 173 174
174 174 175
175 175 176
176 176 177
177 177 1
