NODE
1 -0.005 -0.5
2 -0.005 0.5
3 0.005 0.5
4 0.005 -0.5
5 -0.005 -0.4000000000002774
6 -0.005 -0.3000000000005548
7 -0.005 -0.20000000000083218
8 -0.005 -0.10000000000110959
9 -0.005 -1.3761214390228815e-12
10 -0.005 0.09999999999889042
11 -0.005 0.19999999999916773
12 -0.005 0.29999999999944515
13 -0.005 0.3999999999997227
14 0.005 0.4000000000002774
15 0.005 0.3000000000005548
16 0.005 0.20000000000083218
17 0.005 0.10000000000110959
18 0.005 1.3761214390228815e-12
19 0.005 -0.09999999999889042
20 0.005 -0.19999999999916773
21 0.005 -0.29999999999944515
22 0.005 -0.3999999999997227
*
TOPO
27 4 1 4 5
28 4 2 14 3
29 4 2 13 14
30 4 5 4 22
31 4 6 5 22
32 4 6 21 7
33 4 6 22 21
34 4 7 20 8
35 4 7 21 20
36 4 8 19 9
37 4 8 20 19
38 4 9 18 10
39 4 9 19 18
40 4 10 17 11
41 4 10 18 17
42 4 12 11 16
43 4 11 17 16
44 4 12 15 13
45 4 12 16 15
46 4 13 15 14
*
ATTR
27 46 1
*
MATERIAL
1 0.0 15000000000.0 0.3 3000.0 0.0 3.0 1.0 0.0 0.0 1000.0 0.0 0.0 0.0 0.0 0.0 0.0 0.0 0.0
*
ITEMPERATURES
1 300.0
2 300.0
3 300.0
4 300.0
5 300.0
6 300.0
7 300.0
8 300.0
9 300.0
10 300.0
11 300.0
12 300.0
13 300.0
14 300.0
15 300.0
16 300.0
17 300.0
18 300.0
19 300.0
20 300.0
21 300.0
22 300.0
