# SPARTA_ELEMENT_ID SPARTA_NODE_ID_1 SPARTA_NODE_ID_2 AERO-S_NODE_ID... ACTIVE_FLAG
1 1 2 38 37 1
2 2 3 37 36 1
3 3 4 36 35 1
4 4 5 35 34 1
5 5 6 34 33 1
6 6 7 33 32 1
7 7 8 32 31 1
8 8 9 31 30 1
9 9 10 30 3 1
10 10 11 3 29 1
11 11 12 29 28 1
12 12 13 28 27 1
13 13 14 27 26 1
14 14 15 26 25 1
15 15 16 25 24 1
16 16 17 24 23 1
17 17 18 23 22 1
18 18 19 22 21 1
19 19 20 21 20 1
20 20 21 20 19 1
21 21 22 19 18 1
22 22 23 18 17 1
23 23 24 17 16 1
24 24 25 16 15 1
25 25 26 15 14 1
26 26 27 14 13 1
27 27 28 13 12 1
28 28 29 12 11 1
29 29 30 11 10 1
30 30 31 10 9 1
31 31 32 9 8 1
32 32 33 8 7 1
33 33 34 7 6 1
34 34 35 6 2 1
35 35 36 2 101 1
36 36 37 101 100 1
37 37 38 100 99 1
38 38 39 99 98 1
39 39 40 98 97 1
40 40 41 97 96 1
41 41 42 96 95 1
42 42 43 95 94 1
43 43 44 94 93 1
44 44 45 93 92 1
45 45 46 92 91 1
46 46 47 91 90 1
47 47 48 90 89 1
48 48 49 89 88 1
49 49 50 88 87 1
50 50 51 87 86 1
51 51 52 86 85 1
52 52 53 85 84 1
53 53 54 84 83 1
54 54 55 83 82 1
55 55 56 82 81 1
56 56 57 81 80 1
57 57 58 80 79 1
58 58 59 79 78 1
59 59 60 78 5 1
60 60 61 5 77 1
61 61 62 77 76 1
62 62 63 76 75 1
63 63 64 75 74 1
64 64 65 74 73 1
65 65 66 73 72 1
66 66 67 72 71 1
67 67 68 71 70 1
68 68 69 70 69 1
69 69 70 69 68 1
70 70 71 68 67 1
71 71 72 67 66 1
72 72 73 66 65 1
73 73 74 65 64 1
74 74 75 64 63 1
75 75 76 63 62 1
76 76 77 62 61 1
77 77 78 61 60 1
78 78 79 60 59 1
79 79 80 59 58 1
80 80 81 58 57 1
81 81 82 57 56 1
82 82 83 56 55 1
83 83 84 55 54 1
84 84 85 54 4 1
85 85 86 4 53 1
86 86 87 53 52 1
87 87 88 52 51 1
88 88 89 51 50 1
89 89 90 50 49 1
90 90 91 49 48 1
91 91 92 48 47 1
92 92 93 47 46 1
93 93 94 46 45 1
94 94 95 45 44 1
95 95 96 44 43 1
96 96 97 43 42 1
97 97 98 42 41 1
98 98 99 41 40 1
99 99 100 40 39 1
100 100 1 39 38 1
